1.000 0.013 0.012 0.012 0.013 0.012 0.012 0.013 0.013 0.011 0.012 0.011 0.010 0.013 0.013 0.011 0.013 0.012 0.010 0.013 0.013 0.012 0.013 0.012 0.012 0.011 0.013 0.013 0.012 0.012
0.013 1.000 0.008 0.013 0.012 0.005 0.006 0.013 0.012 -0.003 0.006 -0.003 -0.012 0.013 0.012 -0.001 0.013 0.008 -0.018 0.013 0.013 0.009 0.013 0.005 0.012 -0.007 0.013 0.013 0.005 0.004
0.012 0.008 1.000 -0.001 -0.001 -0.001 -0.001 -0.001 -0.001 -0.001 -0.001 -0.001 -0.001 -0.001 -0.001 -0.001 -0.001 -0.001 -0.002 -0.001 -0.001 -0.001 -0.001 -0.001 -0.001 -0.001 -0.001 -0.001 -0.001 -0.001
0.012 0.013 -0.001 1.000 -0.010 -0.009 -0.009 -0.010 -0.010 -0.008 -0.009 -0.008 -0.007 -0.010 -0.010 -0.008 -0.010 -0.009 -0.006 -0.010 -0.010 -0.009 -0.010 -0.009 -0.010 -0.007 -0.010 -0.010 -0.009 -0.009
0.013 0.012 -0.001 -0.010 1.000 0.000 0.000 0.001 0.001 -0.001 0.000 -0.001 -0.001 0.001 0.001 -0.000 0.001 0.000 -0.002 0.001 0.001 0.000 0.000 -0.000 0.001 -0.001 0.001 0.001 0.000 0.000
0.012 0.005 -0.001 -0.009 0.000 1.000 0.060 0.068 0.068 0.047 0.058 0.046 0.034 0.068 0.068 0.048 0.069 0.061 0.026 0.068 0.068 0.063 0.068 0.057 0.067 0.041 0.068 0.068 0.058 0.056
0.012 0.006 -0.001 -0.009 0.000 0.060 1.004 -0.033 -0.033 -0.021 -0.028 -0.021 -0.013 -0.033 -0.033 -0.022 -0.034 -0.029 -0.009 -0.033 -0.033 -0.030 -0.033 -0.027 -0.033 -0.018 -0.033 -0.033 -0.027 -0.026
0.013 0.013 -0.001 -0.010 0.001 0.068 -0.033 1.006 0.004 0.002 0.003 0.002 0.001 0.004 0.004 0.003 0.004 0.003 0.001 0.004 0.004 0.004 0.004 0.003 0.004 0.002 0.004 0.004 0.003 0.003
0.013 0.012 -0.001 -0.010 0.001 0.068 -0.033 0.004 1.006 -0.011 -0.015 -0.011 -0.007 -0.018 -0.018 -0.012 -0.019 -0.016 -0.004 -0.018 -0.018 -0.017 -0.018 -0.015 -0.018 -0.009 -0.018 -0.018 -0.015 -0.014
0.011 -0.003 -0.001 -0.008 -0.001 0.047 -0.021 0.002 -0.011 1.003 0.003 0.008 0.012 -0.000 -0.000 0.007 -0.001 0.002 0.015 -0.000 -0.000 0.001 -0.000 0.004 0.000 0.009 -0.000 -0.000 0.003 0.004
0.012 0.006 -0.001 -0.009 0.000 0.058 -0.028 0.003 -0.015 0.003 1.005 0.013 0.000 0.036 0.036 0.016 0.037 0.029 -0.008 0.036 0.036 0.031 0.036 0.025 0.035 0.008 0.036 0.036 0.025 0.024
0.011 -0.003 -0.001 -0.008 -0.001 0.046 -0.021 0.002 -0.011 0.008 0.013 1.003 -0.009 -0.017 -0.017 -0.012 -0.017 -0.015 -0.007 -0.017 -0.017 -0.016 -0.017 -0.014 -0.016 -0.011 -0.017 -0.017 -0.014 -0.014
0.010 -0.012 -0.001 -0.007 -0.001 0.034 -0.013 0.001 -0.007 0.012 0.000 -0.009 1.002 0.022 0.022 0.003 0.023 0.015 -0.019 0.022 0.022 0.017 0.022 0.012 0.021 -0.004 0.022 0.022 0.012 0.010
0.013 0.013 -0.001 -0.010 0.001 0.068 -0.033 0.004 -0.018 -0.000 0.036 -0.017 0.022 1.009 -0.026 -0.037 -0.026 -0.030 -0.049 -0.026 -0.026 -0.029 -0.026 -0.032 -0.027 -0.040 -0.026 -0.026 -0.032 -0.033
0.013 0.012 -0.001 -0.010 0.001 0.068 -0.033 0.004 -0.018 -0.000 0.036 -0.017 0.022 -0.026 1.010 0.003 0.004 0.003 0.002 0.004 0.004 0.004 0.004 0.003 0.004 0.002 0.004 0.004 0.003 0.003
0.011 -0.001 -0.001 -0.008 -0.000 0.048 -0.022 0.003 -0.012 0.007 0.016 -0.012 0.003 -0.037 0.003 1.006 0.028 0.025 0.007 0.028 0.028 0.026 0.028 0.023 0.028 0.014 0.028 0.029 0.023 0.022
0.013 0.013 -0.001 -0.010 0.001 0.069 -0.034 0.004 -0.019 -0.001 0.037 -0.017 0.023 -0.026 0.004 0.028 1.011 0.007 0.005 0.007 0.007 0.007 0.007 0.007 0.007 0.006 0.007 0.007 0.007 0.007
0.012 0.008 -0.001 -0.009 0.000 0.061 -0.029 0.003 -0.016 0.002 0.029 -0.015 0.015 -0.030 0.003 0.025 0.007 1.008 0.012 -0.027 -0.027 -0.022 -0.027 -0.017 -0.026 -0.003 -0.027 -0.027 -0.018 -0.016
0.010 -0.018 -0.002 -0.006 -0.002 0.026 -0.009 0.001 -0.004 0.015 -0.008 -0.007 -0.019 -0.049 0.002 0.007 0.005 0.012 1.005 -0.012 -0.012 -0.009 -0.012 -0.007 -0.011 0.001 -0.012 -0.012 -0.007 -0.006
0.013 0.013 -0.001 -0.010 0.001 0.068 -0.033 0.004 -0.018 -0.000 0.036 -0.017 0.022 -0.026 0.004 0.028 0.007 -0.027 -0.012 1.012 0.006 0.006 0.006 0.006 0.006 0.005 0.006 0.006 0.006 0.006
0.013 0.013 -0.001 -0.010 0.001 0.068 -0.033 0.004 -0.018 -0.000 0.036 -0.017 0.022 -0.026 0.004 0.028 0.007 -0.027 -0.012 0.006 1.012 0.006 0.006 0.005 0.006 0.004 0.006 0.006 0.005 0.005
0.012 0.009 -0.001 -0.009 0.000 0.063 -0.030 0.004 -0.017 0.001 0.031 -0.016 0.017 -0.029 0.004 0.026 0.007 -0.022 -0.009 0.006 0.006 1.010 -0.060 -0.039 -0.058 -0.007 -0.060 -0.061 -0.040 -0.037
0.013 0.013 -0.001 -0.010 0.000 0.068 -0.033 0.004 -0.018 -0.000 0.036 -0.017 0.022 -0.026 0.004 0.028 0.007 -0.027 -0.012 0.006 0.006 -0.060 1.017 0.044 0.039 0.052 0.038 0.038 0.044 0.044
0.012 0.005 -0.001 -0.009 -0.000 0.057 -0.027 0.003 -0.015 0.004 0.025 -0.014 0.012 -0.032 0.003 0.023 0.007 -0.017 -0.007 0.006 0.005 -0.039 0.044 1.011 -0.050 -0.015 -0.051 -0.051 -0.037 -0.035
0.012 0.012 -0.001 -0.010 0.001 0.067 -0.033 0.004 -0.018 0.000 0.035 -0.016 0.021 -0.027 0.004 0.028 0.007 -0.026 -0.011 0.006 0.006 -0.058 0.039 -0.050 1.021 0.008 0.015 0.015 0.012 0.012
0.011 -0.007 -0.001 -0.007 -0.001 0.041 -0.018 0.002 -0.009 0.009 0.008 -0.011 -0.004 -0.040 0.002 0.014 0.006 -0.003 0.001 0.005 0.004 -0.007 0.052 -0.015 0.008 1.008 0.044 0.043 0.046 0.047
0.013 0.013 -0.001 -0.010 0.001 0.068 -0.033 0.004 -0.018 -0.000 0.036 -0.017 0.022 -0.026 0.004 0.028 0.007 -0.027 -0.012 0.006 0.006 -0.060 0.038 -0.051 0.015 0.044 1.023 -0.010 -0.014 -0.014
0.013 0.013 -0.001 -0.010 0.001 0.068 -0.033 0.004 -0.018 -0.000 0.036 -0.017 0.022 -0.026 0.004 0.029 0.007 -0.027 -0.012 0.006 0.006 -0.061 0.038 -0.051 0.015 0.043 -0.010 1.024 0.001 0.001
0.012 0.005 -0.001 -0.009 0.000 0.058 -0.027 0.003 -0.015 0.003 0.025 -0.014 0.012 -0.032 0.003 0.023 0.007 -0.018 -0.007 0.006 0.005 -0.040 0.044 -0.037 0.012 0.046 -0.014 0.001 1.017 0.052
0.012 0.004 -0.001 -0.009 0.000 0.056 -0.026 0.003 -0.014 0.004 0.024 -0.014 0.010 -0.033 0.003 0.022 0.007 -0.016 -0.006 0.006 0.005 -0.037 0.044 -0.035 0.012 0.047 -0.014 0.001 0.052 1.017
