0.00000 -0.05306 -0.03303 0.06903 -0.03727 -0.00000 0.00145 -0.05110 -0.04618 0.00774 -0.01292 -0.05157 0.00000 -0.04872 0.00019 -0.03096 -0.05098 0.00001 -0.03432 0.04205
0.00001 0.00000 0.00000 -0.00013 0.00004 -0.00001 0.04673 -0.00823 0.00006 -0.00015 -0.00000 0.00001 -0.00000 0.28550 -0.00001 -0.00039 -0.00058 -0.00000 -0.00010 -0.00000
0.00001 1.07122 0.00000 -0.15724 0.00002 -0.00001 0.06848 0.00272 0.00002 -0.00012 -0.00000 0.00000 -0.00000 -0.34771 -0.00000 0.00061 0.00199 0.00000 -0.09004 -0.00000
0.00000 -0.12467 -0.00009 0.00000 -0.00001 0.00001 -0.12138 0.00162 -0.00002 0.00006 -0.00000 -0.00015 0.00000 -0.00116 0.00002 0.00943 -0.00058 0.00001 0.24966 0.00000
-0.00001 -0.05934 -0.05414 0.01945 0.00000 -0.00002 -0.03798 -0.05293 -0.05977 0.00892 0.00020 -0.07360 -0.00000 -0.05369 0.00000 -0.01545 -0.04886 0.00002 0.00578 -0.25059
-0.04911 -0.03063 -0.05694 0.03403 -0.03519 0.00000 -0.04400 -0.08570 -0.04834 0.01312 -0.01029 -0.06218 -0.04473 -0.03614 -0.00212 -0.06163 -0.08257 -0.00001 -0.03409 0.07339
0.00014 0.00013 0.00032 -0.00005 0.00000 -0.00001 0.00000 -0.03113 0.00015 -0.00002 -0.00000 0.00040 -0.00000 0.00038 -0.00008 -0.01199 -0.03640 0.00000 -0.00005 -0.00000
0.00000 -0.00026 -0.00013 -0.00017 0.00001 0.00000 0.00002 0.00000 -0.00033 0.03697 -0.00001 -0.00146 -0.00000 -0.00000 -0.00001 0.30175 1.19281 -0.00000 -0.00000 0.00000
0.00000 0.04105 0.64810 -0.68489 0.00001 -0.00000 0.16901 -0.00250 0.00000 -0.00009 -0.00000 0.08790 -0.00000 -0.04505 -0.00001 -0.01256 -0.01048 -0.00000 -0.30611 -0.00000
-0.00086 0.01154 -0.00921 0.08116 -0.00134 -0.00047 0.03705 -0.00002 -0.04974 0.00000 -0.00000 -0.00933 0.00001 -0.01710 0.00000 -0.03633 0.01776 0.00110 0.00365 -0.00003
-0.00002 -0.12176 -0.04492 -0.89219 -0.00368 -0.00084 -0.00740 -0.01877 -0.19215 -1.40099 0.00000 -0.02642 -0.00053 -0.05334 -0.00001 -0.08566 -0.03670 0.00268 0.24644 0.00040
0.00000 -0.04351 0.70185 0.05857 0.00000 -0.00000 0.02710 0.00051 0.00039 -0.00011 0.00003 0.00000 -0.00000 -0.04180 -0.00000 -0.00676 0.00182 0.00000 -0.12728 -0.00000
-0.03196 -0.04806 -0.04808 0.07168 -0.06052 -0.00000 -0.03096 -0.05581 -0.06204 0.02160 -0.01279 -0.06728 0.00000 -0.02477 0.00001 -0.04025 -0.09773 -0.00001 -0.02058 0.04404
0.00000 0.00001 0.00000 -0.00003 -0.00001 -0.00001 -0.00101 -0.03212 -0.00000 0.00002 0.00000 -0.00000 -0.00001 0.00000 -0.00004 -0.01363 -0.03066 -0.00001 -0.00001 0.00000
-0.00447 -0.05757 -0.05275 0.03950 -0.03754 -0.00078 0.00294 -0.06295 -0.05752 0.04441 -0.06727 -0.05258 0.38440 -0.00252 0.00000 -0.03200 -0.05286 -0.00019 -0.01272 0.04016
0.00001 -0.00154 -0.00035 -0.00011 0.00004 0.00001 -0.00022 0.00000 -0.00023 -0.00003 0.00000 -0.00017 -0.00001 0.00002 -0.00001 0.00000 0.00001 -0.00000 -0.00001 0.00011
0.00000 -0.00021 -0.00010 0.00011 0.00001 0.00000 -0.00001 0.00000 -0.00051 -0.00012 0.00001 0.00172 -0.00000 -0.00000 -0.00001 0.37978 0.00000 0.00000 0.00000 0.00002
-0.03298 -0.12171 -0.04872 0.00716 -0.02895 -0.04533 -0.04449 -0.05235 -0.07272 0.01070 -0.00109 -0.05411 -0.03215 -0.04678 0.00441 -0.05453 -0.08320 0.00000 -0.02447 0.05932
-0.00001 -0.09250 -0.00018 0.00002 -0.00008 0.00003 -0.08077 -0.03686 -0.00007 0.00012 0.00000 -0.00005 0.00001 -0.03624 0.00004 -0.04150 -0.03105 0.00003 0.00000 0.00001
0.00000 -0.07238 -0.81368 -0.05623 -0.00001 0.00000 0.14339 -0.02215 -0.07939 0.02504 -0.00136 -0.04190 -0.00000 -0.03749 0.00001 0.00541 -0.00693 -0.00000 -0.00478 0.00000
