-0.00095 0.00080 1.01226 0.00124 0.00026 -0.00605 -0.07759 0.00185 0.00306 -0.00152 0.00419 -0.00949 -0.00334 -0.00178 -0.00265 0.00127 -0.00177 0.00193 0.00389 -0.00033 0.00128 0.00049 -0.00359 0.00103 -0.00066 -0.00896 -0.04625 -0.00144 0.00228 -0.56169 -0.00033 -0.00259 -0.00402 0.00073 -0.00931 0.11486 0.00029 0.00046 -0.02311 0.00077 -0.06725 0.00050 0.02014 -0.00622 -0.00208 0.00057 -0.08559 -0.12396 -0.00300 -0.04045
0.89030 -0.00084 -0.23107 0.00204 0.00062 0.00097 -0.34303 -0.00102 0.00320 0.00061 -0.04495 -0.07352 -0.02591 0.00199 -0.03689 -0.00346 -0.00346 -0.00794 -0.00090 -0.00261 -0.00250 0.00043 -0.00762 -0.00050 -0.00209 -0.10051 -0.05961 -0.00366 -1.32543 -0.27410 -0.00056 -0.01009 -0.02141 -0.00571 0.00747 -0.23481 0.17474 -0.13582 -1.06680 0.00238 -0.21464 0.00081 -0.81441 -0.03889 -0.01356 -0.14296 -0.25167 0.99982 -0.00734 -0.25294
-0.00000 0.00237 0.00016 -0.00101 -0.00265 -0.00373 -0.17841 -0.00025 0.00070 0.00010 -0.02006 -0.07848 -0.00762 0.00149 -0.02528 -0.00469 -0.00299 -0.00562 0.00305 -0.00087 -0.00196 0.00050 -0.00866 -0.00126 -0.00202 -0.01990 -0.16401 -0.00032 -0.00057 -0.98015 -0.00149 -0.00582 -0.02137 -0.00973 -0.07638 -0.10768 0.00723 -0.03540 -0.05625 0.00116 -0.16100 0.00002 -0.04334 -0.02400 -0.01124 -0.01729 -0.07580 -0.10780 -0.00486 -0.09954
2.44324 -0.95136 -0.65895 0.00008 0.00011 -0.00777 0.14345 -0.00058 0.00162 -0.00194 -0.04567 -0.24113 -0.00748 -0.43387 -0.03533 -0.00264 -0.00279 -0.00638 0.00283 -0.00054 -0.00229 0.00042 -0.00911 -0.00144 -0.00192 -0.03446 -0.19160 -2.03489 -1.22949 -0.21251 -0.00326 -0.01147 -0.01221 -0.01212 -0.05184 0.21080 -0.03312 -0.03520 -0.22007 -0.29065 -0.22685 0.00090 -0.24284 -0.04032 -0.01644 -0.05441 -0.35762 -0.63980 -0.00344 -0.45640
0.02481 -0.01456 -0.01029 -0.02346 -0.00188 -0.00063 0.00013 -0.18417 -0.38958 -0.20929 0.00118 -0.05919 -0.00034 -0.02973 -0.00355 -0.04467 -0.10428 -0.00077 -0.06426 -0.14013 -0.07856 -0.06806 -0.00339 -0.37682 0.00285 -0.13190 -0.00224 -0.01717 -0.06721 -0.00589 -0.00042 2.25130 -0.00196 0.00081 0.00566 -0.00983 -0.00758 -0.00609 -0.01793 -0.00021 -0.00153 -0.11483 -0.00995 -0.00042 0.00108 0.00299 -0.00289 -0.01233 0.14438 -0.00562
0.00372 -0.00059 -0.00337 0.00006 -0.11258 0.00097 -0.00105 -0.10349 -0.07456 -0.18570 -0.00016 -0.00847 -0.76661 0.00157 0.00219 -0.00308 -0.00664 -0.11170 -0.00894 -0.02847 -0.00385 -0.00995 0.48348 -0.04103 -0.34689 -0.07441 -0.00218 -0.00419 -0.00200 -0.00337 -0.21014 -0.14682 -0.00231 -0.05028 0.00141 -0.00122 -0.00142 0.00165 -0.00215 -0.00523 -0.00010 -0.05808 -0.00324 -0.00144 -0.00047 0.00446 -0.00066 -0.00238 -0.07061 -0.00691
-0.00035 0.00073 -0.00293 -0.00110 -0.00886 0.00032 -0.00215 -0.00328 -0.00129 -0.00601 -0.26162 -0.01101 -0.08228 0.00467 -1.29191 -0.00414 -0.00389 -0.01579 -0.00103 -0.00466 -0.00041 -0.00072 -0.03364 0.00115 0.00010 -0.04440 -0.10691 -0.00099 0.00078 -0.00201 -0.00785 -0.02484 -0.13333 -0.01949 -0.26948 0.00253 0.02464 -0.10763 -0.19680 -0.00108 -0.04636 -0.00280 -0.00120 -0.03126 -0.09051 -0.23593 -0.00730 -0.01555 -0.01272 1.04743
0.01291 -0.02772 -0.05126 -0.04351 0.00158 0.00000 0.00535 -0.00037 0.00108 -0.00325 -0.00598 -0.03662 0.00114 -0.01825 -0.02974 -0.12516 -0.30748 0.00075 -0.00097 -0.69617 -0.15243 -0.03439 0.00048 0.09138 0.00141 -0.00780 0.00250 -0.03735 -0.11625 -0.00612 0.00057 -0.00365 0.00171 0.00366 -0.00920 -0.05151 0.00446 -0.00677 -0.01631 -0.25770 0.01105 0.00589 -0.00747 0.00162 -0.00036 -0.13273 -0.02018 -0.03006 -0.00255 -0.02669
0.01074 0.00557 -0.00886 -0.00699 0.00111 -0.00314 -0.00579 -0.64525 0.00251 -0.00414 -0.00328 -0.12325 0.00453 -0.08718 0.00724 -0.03300 -0.07935 -0.00114 -0.13128 -0.01613 -0.09018 -0.08303 0.00071 -0.59484 0.00439 -0.00625 -0.00497 -0.01817 -0.02794 -0.00545 0.00059 -0.00346 -0.00126 -3.37887 -0.00462 -0.01591 0.00717 0.00077 -0.00049 0.20241 -0.01062 0.02097 -0.00996 0.00068 -0.00140 0.21814 -0.02744 -0.00153 0.22196 -0.00757
0.01379 -0.01658 -0.01518 0.00200 -0.00049 -0.00113 -0.00035 -0.56456 -1.14192 -0.00067 0.00030 -0.09644 0.00092 0.02030 0.00616 -0.03453 -0.06171 0.00166 -0.04992 -0.16929 -0.02959 -0.00805 -0.00176 0.35329 0.00154 -0.00261 -0.00381 -0.00638 -0.00721 -0.01020 0.00016 -0.00709 -0.00060 -0.25748 -0.01176 -0.00509 -0.06404 0.00379 0.01163 -0.26625 -0.01099 -0.46412 -0.00029 0.00238 0.00006 -0.87308 -0.01863 -0.02173 -1.01071 -0.00679
-0.00037 0.00034 0.00040 0.00341 -0.03392 -0.00854 -0.00409 0.00199 -0.10261 0.11240 0.00267 -0.02331 -0.28224 0.00115 0.00172 -0.00166 -0.00086 -0.07398 -0.00359 -0.00349 -0.00356 -0.00011 -0.22975 -0.00249 -0.08457 -0.47520 -0.00308 -0.00304 -0.00008 -0.00214 -0.04662 -0.03143 -0.37226 0.06927 -0.00157 0.00000 -0.05524 -0.01780 -0.00210 -0.00839 -0.78823 -0.03626 -0.00256 -1.94373 -0.48894 0.02314 -0.00133 -0.00299 -0.08640 -0.00059
0.03835 0.00592 -0.00426 -0.00233 0.00310 0.00776 -0.02085 0.01433 -0.00164 -0.00905 -0.02683 -0.00359 -0.01366 -0.00486 0.01114 -0.00222 -0.00226 -0.00356 -0.00125 0.00040 -0.00899 -0.00178 -0.00876 -0.00358 -0.00164 0.05545 -0.05710 -0.00967 -0.04144 -0.00779 -0.00342 -0.01439 -0.01169 -0.00807 0.06949 -0.00376 -0.01305 -0.03509 -0.07620 0.00066 -0.09103 -0.00069 -0.17296 -0.00128 -0.00640 -0.00334 0.22925 -0.07819 -0.00636 -0.15275
0.02947 0.00433 -0.00330 -0.00785 -0.24605 -0.00095 -0.00271 -0.13080 -0.08643 -0.28865 -0.00331 -0.00594 -0.00210 -0.00725 0.00679 -0.00673 -0.01816 -0.40010 -0.01897 -0.04021 -0.01807 -0.01104 -1.76910 -0.00988 0.00356 -0.26672 -0.00385 -0.00690 -0.01838 -0.00280 -0.25737 -0.29709 0.00160 -0.05910 0.00103 -0.00446 -0.13077 -0.00378 -0.00041 -0.00050 -0.00360 -0.17375 -0.00098 -0.00068 0.00238 -0.21976 -0.00145 -0.00671 -0.33388 -0.00713
-2.59213 -1.05572 -0.49035 0.00380 -0.00135 0.00003 -0.04255 -0.00259 -0.00225 0.00406 -0.01203 -0.37263 -0.00525 0.00155 -0.03796 -0.00219 -0.00242 -0.00497 0.00040 -0.00365 -0.00407 -0.00102 -0.00283 -0.00054 0.00175 0.00055 -0.03833 -0.00560 1.55241 -0.09181 0.00043 -0.00597 -0.00549 0.00425 -0.07537 -0.42193 -0.01307 0.00093 0.03429 0.00005 -0.02679 0.00140 -0.10550 -0.00823 -0.00518 -0.02711 -0.16049 -0.20092 -0.00737 -0.05477
-0.00020 0.00080 0.00286 -0.00049 -0.00736 -0.00879 -0.00417 0.00092 -0.02135 0.01199 0.29395 -0.01438 -0.07445 0.00089 0.00204 -0.00393 -0.00245 -0.01745 0.00253 -0.00052 -0.00101 -0.00156 -0.03449 -0.00268 -0.02049 -0.14170 -1.14305 -0.00050 -0.00327 -0.00414 -0.02117 -0.00742 -0.01469 0.01682 0.00998 0.00134 -0.04385 -0.14600 -0.27033 0.00578 -0.24746 -0.00657 -0.00045 -0.24675 -0.02715 0.08075 0.03339 -0.00976 -0.02877 0.02007
-0.02035 -0.33100 -0.49503 -0.99016 -0.00407 -0.00487 -0.19259 -0.00009 -0.00659 0.00231 -0.02710 -0.40978 -0.00170 -0.44722 -0.01045 -0.00099 -0.00219 -0.00522 0.00150 0.00010 0.90034 0.00013 -0.00540 -0.00262 0.00042 -0.00331 -0.04840 -0.13075 0.04377 -0.09623 0.00212 -0.00479 -0.00224 -0.00103 -0.07164 -0.38514 0.02073 -0.00199 -0.04727 -0.21684 -0.11572 0.00000 -0.17896 -0.01338 -0.01035 -0.04580 -0.13502 -0.05678 -0.00240 -0.12340
0.10944 -0.10924 -0.17980 -0.27516 -0.00061 -0.00736 -0.04706 -0.00015 0.00022 -0.00120 -0.00410 -0.16554 -0.00174 -0.17698 0.00222 -0.09072 -0.00224 -0.00065 0.00185 -0.00187 -0.39686 -1.67705 -0.00370 -0.00078 -0.00118 -0.00776 -0.02429 -0.13100 -0.23710 -0.07865 0.00069 -0.00405 0.00352 -0.00066 -0.00673 -0.05323 -0.00317 -0.00152 -0.02935 -0.24441 -0.04257 0.00006 -0.10374 -0.00531 -0.00067 -0.05824 -0.09701 -0.01048 -0.00251 -0.05296
0.03339 -0.00225 -0.02188 -0.01073 0.03358 -0.00115 0.00009 -0.08024 -0.20444 -0.18505 0.00073 -0.01524 -0.00111 -0.00832 -0.00344 -0.02149 -0.06346 -0.00054 -0.09672 -0.13007 -0.06429 -0.03748 -0.00304 -0.22950 0.00127 -0.32474 -0.00277 -0.00738 -0.03116 -0.00654 -1.61152 -0.00823 -0.00147 -0.06290 0.00025 -0.00112 0.00545 -0.00514 -0.00965 -0.06473 -0.00261 -0.33113 -0.00284 0.00070 0.00190 -0.17039 -0.00184 -0.00865 -0.34384 -0.01452
0.05996 -0.08014 -0.09688 -0.05938 0.00114 -0.00558 -0.00394 -0.00177 0.00056 -0.00323 -0.00369 -0.10565 0.00292 -0.17683 0.00083 -0.40987 -1.69798 0.00296 0.00170 0.00014 -0.60748 0.02149 -0.00173 -0.00165 -0.00012 -0.01020 -0.01257 -0.12715 -0.20270 -0.03046 0.00004 -0.00395 -0.00126 -0.00138 -0.00806 -0.07307 -0.01096 -0.00207 -0.01471 -0.03834 -0.02280 0.00072 -0.04290 0.00220 0.00086 -0.00971 -0.03766 -0.05774 -0.00263 -0.04524
0.08717 -0.02500 -0.05697 -0.04527 0.00027 -0.00037 -0.00436 -0.00001 -0.00035 -0.00291 -0.00106 -0.07754 0.00104 -0.11697 -0.00302 -0.03156 0.06774 -0.00006 -1.57145 -0.00102 -0.30207 -0.55054 -0.00003 -0.01242 0.00285 -0.00344 -0.00841 -0.04753 -0.16590 -0.02679 0.00110 -0.00245 0.00111 0.00043 -0.01279 -0.01692 0.00003 -0.00557 0.00471 -0.01828 -0.01292 -0.00018 -0.03206 -0.00185 -0.00052 -0.03281 -0.02307 -0.01682 -0.00222 -0.01766
0.01415 -0.17914 -0.35150 -0.98955 0.00173 -0.01033 -0.08747 -0.00232 -0.00236 -0.00088 -0.02162 -0.25959 0.00306 -0.30083 -0.01109 -0.00250 -0.00275 -0.00446 0.00208 -0.00003 -0.00075 0.00055 -0.00476 -0.00022 0.00103 -0.01063 -0.04171 -0.01168 -0.00134 -0.10055 0.00112 -0.00570 -0.01182 -0.00358 -0.02497 -0.21487 -0.00592 0.00381 -0.03360 -0.16893 -0.04986 0.00044 -0.11763 -0.00633 -0.00191 -0.03958 -0.09967 -0.05473 -0.00526 -0.03013
0.14167 -0.18175 -0.26571 -0.00938 0.00059 -0.00409 -0.00404 -0.00080 -0.00182 -0.00106 -0.01293 -0.26071 -0.00224 -0.31886 -0.00058 -1.77596 -0.00281 -0.00140 0.00148 -0.00221 -1.29569 0.00060 -0.00280 -0.00137 0.00028 -0.01189 -0.03673 -0.40091 -0.10205 -0.10167 0.00375 -0.00637 -0.00539 -0.00023 -0.02807 -0.16617 -0.01054 0.00150 -0.00461 -0.24757 -0.07429 0.00071 -0.08436 -0.00478 0.00014 -0.08458 -0.12320 -0.21287 -0.00515 -0.14828
-0.00359 0.00261 -0.00467 -0.00330 -0.02295 -0.00066 -0.00075 -0.00139 -0.07520 -0.00895 -0.00030 -0.00171 -0.00222 0.00121 0.00218 -0.00788 -0.02552 -0.00290 -0.03568 -0.02766 -0.01011 -0.01025 -0.00216 -0.06657 -1.67410 -0.50934 -0.00410 -0.00532 -0.02505 -0.00557 -0.53601 -0.08638 -0.00052 -0.00656 -0.00133 -0.00414 -0.01312 -0.00221 -0.00405 -0.01514 -0.00384 -0.23945 -0.00059 0.00010 0.00172 -0.07076 0.00047 -0.00640 -0.47027 -0.00836
0.00941 -0.08922 -0.07114 -0.04332 0.00165 -0.00177 -0.00183 0.00459 0.00194 -0.00381 -0.00206 -0.19393 0.00404 0.24567 -0.00186 -0.12461 -0.18050 -0.00139 -0.54249 0.00210 -0.23496 -0.16668 -0.00085 0.00066 0.00356 0.00577 -0.00526 -0.04054 0.00063 -0.00418 0.00086 -0.00188 0.00004 -0.00481 -0.00804 -0.04706 -0.00500 0.00386 -0.01669 -1.46767 -0.02421 0.00040 -0.00147 0.00071 -0.00040 0.73340 0.00453 -0.06674 -0.00273 -0.04160
0.02059 0.00060 -0.00183 -0.00373 -0.64501 -0.00031 -0.00138 -0.01637 -0.14880 -0.04062 0.00021 -0.04230 0.00018 -0.01200 0.00047 -0.01967 -0.03219 -1.60253 -0.05974 -0.06393 -0.04137 -0.02754 -0.00195 -0.11665 0.00189 -0.37365 -0.00356 -0.00920 -0.02006 -0.00480 -0.00448 -0.66837 0.00105 -0.01316 -0.00054 -0.00085 -0.05321 -0.00436 -0.00187 -0.03825 -0.00241 -0.32018 -0.00141 0.00059 0.00130 -0.02528 -0.00450 -0.00586 -0.45579 -0.00529
-0.01569 -0.00409 -0.00422 0.00026 -0.01297 -0.00024 0.00110 -0.04437 0.23597 -0.42431 -0.00157 -0.11397 0.00064 -0.00683 -0.00071 -0.00288 -0.01096 -0.00796 0.00308 -0.02425 -0.00839 -0.00583 -0.00285 0.00035 0.00317 0.00123 -0.00236 -0.00492 -0.01105 -0.00215 -0.00185 -0.20218 -0.00036 -0.21381 -0.00077 0.00007 -0.04348 -0.00494 0.00592 0.01844 -0.00076 -0.05361 0.00075 0.00035 -0.00262 -0.61648 -0.03363 0.00136 -0.08596 -0.00384
-0.00513 0.00240 0.00478 0.00177 -0.02958 -0.14769 -0.00431 -0.01655 0.00142 -0.06033 -1.10709 -0.01796 -0.13831 0.00200 0.00240 -0.00199 -0.00258 -0.05909 0.00414 -0.01038 -0.00144 -0.00114 -0.08698 -0.01163 -0.08258 0.08580 -0.00334 -0.00227 -0.00033 -0.00214 -0.02083 -0.01994 -0.27712 -0.03739 -0.00897 -0.00090 -0.00281 0.54008 0.00330 0.00242 -0.20821 0.00061 -0.00281 0.00485 -0.20221 -0.00107 0.08454 0.00339 -0.02289 0.00228
-4.56676 0.32243 -0.39911 0.00020 -0.00063 -0.00151 -0.02779 0.00115 0.00272 -0.00077 -0.03530 -0.11591 -0.01746 -0.62203 -0.23766 -0.00381 -0.00221 -0.00575 0.00079 -0.00117 -0.00061 0.00039 -0.00639 0.00101 0.00026 -0.06795 -0.02121 -0.00091 0.98241 -0.48312 -0.00321 -0.01088 -0.01969 -0.01000 0.01124 -0.25450 0.01773 -0.08164 -1.19086 -0.35719 -0.21133 -0.00151 -0.88687 -0.03677 -0.01359 -0.08717 -0.22089 1.26822 -0.00610 -0.20728
-1.13054 0.00014 -0.12386 0.00057 0.00061 -0.00878 0.15498 -0.00087 -0.00555 0.00013 -0.01346 -0.02780 -0.01498 0.00058 -0.05627 -0.00121 -0.00189 -0.00445 0.00062 -0.00395 -0.00328 0.00043 -0.00319 0.00137 0.00315 0.01079 -0.05179 -0.00420 0.00237 0.04280 -0.00030 -0.00728 -0.01037 -0.00613 -0.06064 0.03184 0.00012 0.00700 0.12087 0.00123 -0.04680 -0.00045 0.08331 -0.00801 -0.00691 0.01956 -0.06406 -0.11231 -0.00786 -0.02299
-0.00090 0.00286 0.00027 -0.00029 0.00029 -0.00856 0.99989 -0.00388 0.00500 -0.00123 -0.08425 -0.05304 -0.01667 0.00134 -0.72114 -0.00421 -0.00221 -0.00468 0.00019 -0.00207 -0.00088 -0.00004 -0.01160 -0.00116 -0.00193 -0.01269 -0.18982 0.00019 -0.00020 -0.00231 -0.00405 -0.01061 -0.02292 -0.00744 -0.08875 -1.62562 -0.01817 -0.13243 -0.26210 0.00036 -0.33290 -0.00009 -1.08129 -0.03527 -0.04641 -0.55280 -0.84190 -1.43281 -0.00570 0.05296
0.05257 -0.01381 -0.02604 -0.00176 -1.83563 -0.00087 -0.01001 -0.46605 -0.82346 -0.65442 -0.00052 -0.06702 -0.00186 -0.00202 0.01682 -0.04956 -0.11949 -0.00103 -0.12808 -0.20246 -0.09398 -0.06983 -0.00258 -0.07536 0.00182 -0.28022 -0.00496 -0.01392 -0.05170 -0.00677 0.00051 -2.66232 0.00051 -0.36349 -0.00918 -0.00083 -0.13724 -0.00415 0.00786 -0.12673 -0.00744 -0.50417 -0.00634 0.00058 0.00149 -0.48868 -0.00830 -0.01943 -0.63580 -0.00919
-0.04844 -0.00041 -0.01098 -0.02312 -0.00166 -0.00076 0.00261 -0.19958 -0.48935 -0.45120 0.00151 -0.02299 0.00205 -0.06462 -0.00741 -0.03285 -0.03084 0.00096 -0.06148 0.02981 -0.02327 -0.02035 -0.00207 -0.27983 0.00092 -0.01024 -0.00087 -0.01822 -0.03322 0.00254 -0.00009 -0.00200 -0.00215 1.63219 0.01518 -0.02356 -0.00013 -0.00664 -0.02160 0.01538 -0.00135 0.13455 -0.00769 0.00036 0.00063 0.11875 -0.00099 -0.00217 0.39780 -0.00374
0.00265 0.00161 -0.00025 0.00126 -0.01816 0.47449 0.00025 -0.01103 -0.04517 -0.03747 -0.00082 -0.00861 -0.39948 0.00005 0.00405 -0.00139 -0.00236 -0.10152 -0.00327 -0.00593 -0.00355 -0.00023 -0.16264 -0.01764 -0.15443 -0.04573 -0.00426 -0.00395 0.00537 -0.00278 -0.07269 -0.07433 -0.00173 -0.00368 0.00199 -0.00043 -0.09785 -0.00468 -0.00147 -0.00468 -0.00373 -0.03801 -0.00165 -0.00345 -1.58681 -0.05739 -0.00051 0.00094 -0.06521 -0.01430
-0.15593 -0.02062 -0.03383 -0.02745 -0.00070 -0.00207 -0.00415 -0.04691 -0.00021 -0.00172 0.00327 -0.02843 0.00039 -0.00480 -0.00376 -0.05256 -0.02378 0.00010 -0.02097 -0.00409 -0.02282 -0.02435 -0.00305 0.23913 0.00395 0.00792 -0.00270 -0.01537 -0.00968 0.00724 0.00064 -0.00141 -0.00351 0.00721 0.00933 -0.02192 -1.76929 -0.01062 -0.01455 -0.07373 -0.00627 -0.39258 -0.01059 0.00199 -0.00153 -0.20077 0.00102 -0.01344 0.09911 -0.00058
-0.00147 0.00001 -0.00000 0.00119 -0.00470 0.01028 0.00162 -0.00582 -0.00941 -0.01128 -0.55729 0.02510 -0.13057 -0.00047 0.00788 -0.00350 -0.00411 -0.01301 -0.00020 -0.00142 -0.00269 -0.00080 -0.04695 -0.00147 -0.01628 -0.25702 -0.22627 -0.00048 0.00802 0.00159 -0.01091 -0.02907 -0.05217 -0.00258 -0.00012 0.00090 -0.00081 -1.04502 0.00149 0.00023 -0.07864 -0.01059 -0.00654 0.02338 -0.09548 0.04612 0.96181 -0.00479 -0.01330 -0.00461
0.00113 0.00068 0.00256 0.00009 -0.00428 -0.01050 -1.47567 -0.00159 -0.00206 -0.00195 -0.00561 -0.18841 -0.02177 0.00055 -0.02332 -0.00134 -0.00489 -0.00858 0.00018 -0.00380 -0.00188 0.00123 -0.02273 -0.00106 -0.00393 -0.11026 -0.19529 -0.00140 0.00131 -0.00429 -0.00321 -0.00419 -0.05851 -0.01053 -0.20258 0.00501 -0.00583 -0.03979 -0.08747 0.00129 -0.08566 -0.00318 0.21576 -0.07744 -0.03357 -0.00176 0.06236 0.15624 -0.00942 -0.03068
-0.10837 -0.00964 -0.01931 -0.01583 -0.00099 -0.00241 -0.00344 -0.01139 -0.00511 -0.00051 -0.00265 -0.02839 0.00506 -0.02873 -0.00636 -0.03385 -0.00968 -0.00107 0.00047 -0.00858 -0.01754 -0.00553 -0.00258 -0.09882 0.00430 0.00335 -0.01517 -0.01448 -0.01498 -0.01150 -0.00218 -0.00326 -0.00145 -0.00695 -0.01273 -0.01999 -0.00021 -0.00013 -0.01002 0.03075 -0.01377 0.19243 -0.01385 -0.00284 -0.00289 0.06958 -0.01628 0.00382 -0.09179 -0.00301
0.00203 0.00012 0.00141 0.00003 -0.01243 -0.28456 0.00019 -0.01771 0.01083 -0.03408 -0.00383 -0.00311 -0.17523 -0.00021 -0.00320 -0.00288 -0.00380 -0.03473 0.00321 -0.01007 -0.00405 0.00025 -0.06859 -0.00405 -0.03030 -0.00834 -0.00371 -0.00013 -0.00098 -0.00307 -0.02474 -0.01794 -1.15258 -0.02605 0.00234 -0.00320 -0.00459 0.00045 0.00083 0.00115 1.03643 -0.00129 -0.00041 -0.00154 0.04504 -0.10245 0.00117 -0.00443 -0.03834 -0.00748
-0.00169 0.00055 0.00105 0.00015 -0.00686 -0.02684 -0.00081 -0.00334 -0.00125 -0.00276 -0.00806 -0.06494 -0.02840 0.00229 -0.00060 -0.00064 -0.00282 -0.01513 -0.00090 -0.00163 -0.00110 0.00109 -0.02432 -0.00493 -0.01596 0.34198 -0.06022 -0.00034 -0.00339 -0.00448 -0.00429 -0.01447 -0.10987 -0.01031 -1.90637 -0.00174 -0.03861 0.01102 0.00024 0.00211 -0.22122 0.00211 -0.00449 -0.17996 -0.02857 -0.33286 -0.57594 -0.00042 -0.00853 -0.09831
0.80290 0.04194 -0.03545 -0.00143 -0.00036 -0.00543 -0.00153 0.00127 0.00114 -0.00236 -0.00465 -0.21763 0.00281 -1.00696 -0.00086 -0.00416 -0.00317 0.00226 0.00060 -0.00241 -0.00573 0.00124 -0.00224 0.00057 -0.00094 -0.00824 -0.01225 -0.00705 -0.82039 -0.11310 -0.00122 -0.00340 0.00210 -0.00024 -0.01052 -0.07818 -0.00164 0.00056 -0.00123 -0.00122 -0.02257 0.00055 -0.02118 -0.00074 0.00029 -0.00114 -0.03032 -0.00442 -0.00452 -0.03018
0.00328 0.00173 -0.00033 0.00309 -0.00591 -0.20066 0.00396 0.01092 -0.06193 -0.01478 0.00075 -0.01265 -0.10018 -0.00085 -0.00025 -0.00068 -0.00247 -0.04455 0.00549 -0.00934 -0.00284 -0.00046 -0.12210 0.00292 -0.04963 -0.16854 -0.00360 -0.00317 -0.00623 0.00004 -0.02752 -0.03172 -0.68629 0.03006 0.00050 0.00469 -0.03141 -0.00480 0.00113 0.00425 -0.00228 -0.00322 -0.00224 0.00462 -0.02999 0.00955 -0.00169 -0.00464 -0.02375 -0.00329
0.01891 -0.00136 -0.05216 -0.00961 0.00060 -0.00231 -0.01569 0.58456 0.00467 -0.00367 -0.00432 -0.01784 0.00399 -0.05860 0.01821 -0.07830 -0.32657 -0.00177 0.11708 -1.62641 -0.18597 -0.05016 0.00066 -1.14540 0.00384 -0.00946 -0.00433 -0.02335 -0.16617 -0.02736 0.00111 -0.00083 -0.00328 0.00089 -0.01107 -0.01622 -0.00477 -0.00115 -0.01270 0.00287 -0.00742 0.00052 -0.00891 0.00077 -0.00203 0.11707 -0.01654 -0.02199 -0.00565 -0.01676
0.00428 0.00418 0.00115 0.00051 -0.00009 -0.05284 -1.46711 0.00040 0.00186 -0.01116 -0.20459 -0.00326 -0.03550 0.00122 -0.59863 -0.00253 -0.00365 -0.00833 -0.00367 -0.00118 -0.00247 0.00096 -0.04490 -0.00143 -0.00676 -0.09440 -0.61915 -0.00064 0.00024 -0.00202 0.00206 -0.02410 -0.01513 -0.00735 -0.33907 0.00174 -0.11684 -0.04326 -0.02351 0.00087 -0.47018 -0.00250 -0.00211 -0.14212 -0.02667 -0.15613 -1.13193 -1.69335 -0.01365 -1.52168
0.01354 0.00637 0.00110 -0.00003 -0.04009 -0.24292 -0.00098 -0.11166 0.09406 -0.55411 0.00216 0.03598 -0.07056 -0.00341 0.00227 -0.00247 -0.00548 -0.18823 -0.00528 -0.00403 -0.00285 -0.00305 -0.24983 -0.06485 -0.32285 0.78273 -0.00217 -0.00358 0.00778 -0.00277 -0.09553 -0.15875 -0.14518 -0.26457 0.00086 0.00276 -0.00405 -0.28904 -0.00437 0.00058 -0.34606 0.00183 -0.00467 0.00147 -0.41716 0.91691 0.00018 -0.00067 -0.02166 0.00248
-0.00331 0.00009 0.00321 -0.00112 -0.10233 -2.33374 0.00338 -0.01437 -0.07433 0.00707 0.00041 -0.00822 -0.53715 0.00029 0.00126 -0.00665 -0.01660 -0.23292 -0.00643 -0.02000 -0.00394 -0.00324 -0.58706 0.02125 -0.10266 -0.47887 -0.00364 -0.00371 -0.00772 0.00114 -0.13096 -0.11599 -0.00028 -0.00172 0.00226 0.00450 0.00406 -0.00435 -0.00153 -0.00906 -0.00352 -0.13594 -0.00357 0.00222 0.00127 -0.31733 -0.00194 -0.00738 -0.22621 -0.00350
0.01322 0.00937 0.01076 -0.00406 -0.00280 -0.00432 -0.00317 -0.00751 -0.00247 -0.00371 -0.00045 0.12046 -0.00187 -0.00660 0.00634 -0.00397 0.00295 -0.00111 -0.01348 0.01290 0.00144 -0.00444 -0.00227 -0.00038 -0.00172 0.01305 -0.00528 -0.00217 0.00260 -0.00393 0.00342 -0.00494 -0.00614 -0.02110 0.00391 0.01170 0.07402 0.00674 -0.00238 -0.00926 -0.01833 -0.00658 0.00462 0.00298 0.00448 0.00322 0.03697 0.00633 0.01211 -0.02362
-0.00525 -0.00017 0.00459 0.00007 -0.01681 -0.01891 -0.00394 0.00782 -0.01360 0.00539 -0.05987 -0.02558 -0.08665 0.00355 0.00546 -0.00194 -0.00334 -0.02359 0.00162 -0.00418 -0.00189 -0.00053 -0.01924 -0.00202 -0.00940 0.03588 -0.00869 -0.00067 -0.00855 -0.00204 -0.01176 -0.01131 0.01921 0.00736 0.00098 -0.00323 -0.00910 -1.21593 -0.00125 0.00573 -0.06515 -0.00577 -0.00386 -0.06473 -0.08782 -0.11225 0.00015 -0.00209 -0.01984 -0.01413
0.00202 0.00051 0.00285 0.00035 0.00608 -0.02721 -0.10386 -0.00543 -0.01136 0.00317 -0.13761 -0.01057 -0.01450 0.00237 -0.02948 -0.00311 -0.00306 -0.01408 -0.00078 -0.00427 0.00006 0.00063 -0.01817 0.00100 0.00470 -0.10479 -0.06620 -0.00042 0.00928 -0.00362 -0.00848 -0.00067 -0.03078 0.00363 0.06635 -0.01044 -0.16438 -0.09901 -0.67809 0.00300 -0.10942 -0.00094 -0.00129 -0.03617 -0.02656 -0.14054 -0.09733 -0.00133 -0.01138 -0.32722
0.01115 -0.00353 -0.03721 0.00496 -0.00061 -0.00217 -0.02293 -1.09196 0.00565 -0.00202 0.00169 -0.04513 0.00117 -0.02850 0.03408 -0.03214 -0.07091 -0.00168 -0.30204 0.15088 -0.10292 -0.10551 0.00055 -0.85462 0.00363 -0.00628 -0.00577 -0.01636 -0.10384 -0.00976 0.00090 -0.00498 -0.00239 -0.00991 -0.00653 -0.01390 -0.00696 -0.00108 0.01844 -0.00650 -0.00824 -1.17288 -0.01328 -0.00123 -0.00102 -0.02987 -0.00575 -0.01201 -0.00227 -0.01219
-0.00412 0.00424 0.00389 -0.00080 -0.00533 -0.09714 0.00002 -0.00876 0.00548 -0.03400 -0.40393 -0.00453 -0.02213 -0.00283 -0.30254 -0.00351 -0.00245 -0.02231 0.00276 -0.00463 -0.00066 -0.00016 -0.01322 -0.00402 -0.01376 0.01727 0.72887 -0.00049 -0.01035 -0.00334 -0.02372 -0.00374 -0.02816 -0.00596 -0.15567 -0.00000 0.01246 0.02227 0.00791 0.00218 0.03335 -0.00280 0.00011 0.03557 0.00944 0.09688 -0.07641 -0.01376 -0.01361 0.00275
