1.000 0.001 0.002 0.001 0.001 0.003 0.004 0.001 0.001 0.005 0.003 0.005 0.005 0.001 0.001 0.005 0.001 0.002 0.006 0.001 0.001 0.002 0.001 0.003 0.001 0.003 0.001 0.001 0.002 0.003
0.001 1.000 0.003 0.004 0.004 0.003 0.003 0.004 0.004 0.001 0.003 0.002 0.001 0.004 0.004 0.002 0.004 0.003 0.000 0.004 0.004 0.004 0.004 0.003 0.004 0.003 0.004 0.004 0.004 0.003
0.002 0.003 1.000 -0.002 -0.002 -0.002 -0.001 -0.002 -0.002 -0.001 -0.002 -0.001 -0.001 -0.002 -0.002 -0.001 -0.002 -0.002 -0.000 -0.002 -0.002 -0.002 -0.002 -0.002 -0.002 -0.002 -0.002 -0.002 -0.002 -0.002
0.001 0.004 -0.002 1.000 -0.008 -0.011 -0.013 -0.008 -0.008 -0.015 -0.011 -0.014 -0.015 -0.008 -0.007 -0.015 -0.007 -0.011 -0.016 -0.008 -0.008 -0.010 -0.007 -0.012 -0.008 -0.012 -0.008 -0.008 -0.009 -0.012
0.001 0.004 -0.002 -0.008 1.000 0.001 0.001 0.001 0.001 0.001 0.001 0.001 0.001 0.001 0.001 0.001 0.001 0.001 0.001 0.001 0.001 0.001 0.001 0.001 0.001 0.001 0.001 0.001 0.001 0.001
0.003 0.003 -0.002 -0.011 0.001 1.000 -0.007 -0.007 -0.007 -0.004 -0.007 -0.006 -0.002 -0.007 -0.007 -0.004 -0.007 -0.007 0.000 -0.007 -0.007 -0.007 -0.007 -0.007 -0.007 -0.007 -0.007 -0.007 -0.007 -0.006
0.004 0.003 -0.001 -0.013 0.001 -0.007 1.000 -0.003 -0.003 -0.002 -0.002 -0.002 -0.002 -0.003 -0.003 -0.002 -0.003 -0.002 -0.002 -0.003 -0.003 -0.002 -0.003 -0.002 -0.003 -0.002 -0.003 -0.003 -0.003 -0.002
0.001 0.004 -0.002 -0.008 0.001 -0.007 -0.003 1.000 -0.002 -0.001 -0.001 -0.001 -0.000 -0.002 -0.002 -0.000 -0.002 -0.001 0.000 -0.002 -0.002 -0.002 -0.002 -0.001 -0.002 -0.001 -0.002 -0.002 -0.002 -0.001
0.001 0.004 -0.002 -0.008 0.001 -0.007 -0.003 -0.002 1.000 -0.002 -0.001 -0.002 -0.002 0.001 0.001 -0.002 0.001 -0.000 -0.003 0.001 0.001 -0.000 0.001 -0.001 0.001 -0.001 0.001 0.001 0.000 -0.001
0.005 0.001 -0.001 -0.015 0.001 -0.004 -0.002 -0.001 -0.002 1.000 0.003 0.001 0.000 0.004 0.004 0.001 0.004 0.003 0.000 0.004 0.004 0.003 0.004 0.002 0.004 0.002 0.004 0.004 0.003 0.002
0.003 0.003 -0.002 -0.011 0.001 -0.007 -0.002 -0.001 -0.001 0.003 1.000 -0.008 -0.011 -0.004 -0.003 -0.009 -0.003 -0.005 -0.012 -0.003 -0.003 -0.005 -0.003 -0.006 -0.004 -0.006 -0.003 -0.003 -0.004 -0.006
0.005 0.002 -0.001 -0.014 0.001 -0.006 -0.002 -0.001 -0.002 0.001 -0.008 1.000 0.003 0.002 0.002 0.003 0.002 0.002 0.003 0.002 0.002 0.002 0.002 0.002 0.002 0.002 0.002 0.002 0.002 0.002
0.005 0.001 -0.001 -0.015 0.001 -0.002 -0.002 -0.000 -0.002 0.000 -0.011 0.003 1.000 0.007 0.007 0.007 0.007 0.008 0.003 0.007 0.007 0.008 0.007 0.008 0.007 0.008 0.007 0.007 0.007 0.007
0.001 0.004 -0.002 -0.008 0.001 -0.007 -0.003 -0.002 0.001 0.004 -0.004 0.002 0.007 1.000 -0.009 -0.012 -0.009 -0.010 -0.015 -0.009 -0.009 -0.009 -0.009 -0.010 -0.009 -0.010 -0.009 -0.009 -0.009 -0.011
0.001 0.004 -0.002 -0.007 0.001 -0.007 -0.003 -0.002 0.001 0.004 -0.003 0.002 0.007 -0.009 1.000 0.000 0.000 0.001 -0.001 0.000 0.000 0.000 0.000 0.000 0.000 0.001 0.000 0.000 0.000 0.000
0.005 0.002 -0.001 -0.015 0.001 -0.004 -0.002 -0.000 -0.002 0.001 -0.009 0.003 0.007 -0.012 0.000 1.001 -0.001 0.004 0.015 -0.001 -0.001 0.003 -0.001 0.006 -0.000 0.006 -0.001 -0.001 0.002 0.007
0.001 0.004 -0.002 -0.007 0.001 -0.007 -0.003 -0.002 0.001 0.004 -0.003 0.002 0.007 -0.009 0.000 -0.001 1.000 0.002 -0.000 0.002 0.002 0.002 0.002 0.001 0.002 0.001 0.002 0.002 0.002 0.001
0.002 0.003 -0.002 -0.011 0.001 -0.007 -0.002 -0.001 -0.000 0.003 -0.005 0.002 0.008 -0.010 0.001 0.004 0.002 1.000 0.002 0.005 0.005 0.005 0.004 0.005 0.005 0.005 0.004 0.005 0.005 0.005
0.006 0.000 -0.000 -0.016 0.001 0.000 -0.002 0.000 -0.003 0.000 -0.012 0.003 0.003 -0.015 -0.001 0.015 -0.000 0.002 1.001 -0.002 -0.002 -0.003 -0.002 -0.004 -0.002 -0.003 -0.002 -0.002 -0.003 -0.003
0.001 0.004 -0.002 -0.008 0.001 -0.007 -0.003 -0.002 0.001 0.004 -0.003 0.002 0.007 -0.009 0.000 -0.001 0.002 0.005 -0.002 1.000 0.001 0.001 0.001 0.000 0.001 -0.000 0.001 0.001 0.001 0.000
0.001 0.004 -0.002 -0.008 0.001 -0.007 -0.003 -0.002 0.001 0.004 -0.003 0.002 0.007 -0.009 0.000 -0.001 0.002 0.005 -0.002 0.001 1.000 0.002 0.002 0.002 0.002 0.002 0.002 0.002 0.002 0.003
0.002 0.004 -0.002 -0.010 0.001 -0.007 -0.002 -0.002 -0.000 0.003 -0.005 0.002 0.008 -0.009 0.000 0.003 0.002 0.005 -0.003 0.001 0.002 1.000 -0.005 -0.005 -0.005 -0.004 -0.005 -0.005 -0.005 -0.004
0.001 0.004 -0.002 -0.007 0.001 -0.007 -0.003 -0.002 0.001 0.004 -0.003 0.002 0.007 -0.009 0.000 -0.001 0.002 0.004 -0.002 0.001 0.002 -0.005 1.000 0.008 0.022 0.008 0.023 0.024 0.018 0.007
0.003 0.003 -0.002 -0.012 0.001 -0.007 -0.002 -0.001 -0.001 0.002 -0.006 0.002 0.008 -0.010 0.000 0.006 0.001 0.005 -0.004 0.000 0.002 -0.005 0.008 1.001 -0.007 -0.005 -0.008 -0.008 -0.007 -0.005
0.001 0.004 -0.002 -0.008 0.001 -0.007 -0.003 -0.002 0.001 0.004 -0.004 0.002 0.007 -0.009 0.000 -0.000 0.002 0.005 -0.002 0.001 0.002 -0.005 0.022 -0.007 1.001 -0.003 -0.004 -0.004 -0.004 -0.003
0.003 0.003 -0.002 -0.012 0.001 -0.007 -0.002 -0.001 -0.001 0.002 -0.006 0.002 0.008 -0.010 0.001 0.006 0.001 0.005 -0.003 -0.000 0.002 -0.004 0.008 -0.005 -0.003 1.001 0.024 0.024 0.023 0.020
0.001 0.004 -0.002 -0.008 0.001 -0.007 -0.003 -0.002 0.001 0.004 -0.003 0.002 0.007 -0.009 0.000 -0.001 0.002 0.004 -0.002 0.001 0.002 -0.005 0.023 -0.008 -0.004 0.024 1.002 0.009 0.008 0.005
0.001 0.004 -0.002 -0.008 0.001 -0.007 -0.003 -0.002 0.001 0.004 -0.003 0.002 0.007 -0.009 0.000 -0.001 0.002 0.005 -0.002 0.001 0.002 -0.005 0.024 -0.008 -0.004 0.024 0.009 1.002 -0.006 -0.006
0.002 0.004 -0.002 -0.009 0.001 -0.007 -0.003 -0.002 0.000 0.003 -0.004 0.002 0.007 -0.009 0.000 0.002 0.002 0.005 -0.003 0.001 0.002 -0.005 0.018 -0.007 -0.004 0.023 0.008 -0.006 1.001 0.001
0.003 0.003 -0.002 -0.012 0.001 -0.006 -0.002 -0.001 -0.001 0.002 -0.006 0.002 0.007 -0.011 0.000 0.007 0.001 0.005 -0.003 0.000 0.003 -0.004 0.007 -0.005 -0.003 0.020 0.005 -0.006 0.001 1.001
