0.00000 -0.01653 -0.03884 0.00003 0.00016 0.11503 -0.00015 -0.00609 0.13127 0.00025 0.03268 -0.00054 -0.00097 -0.03544 0.00014 -0.00043 -0.04353 -0.00535 -0.02704 -0.00215
-0.00000 -0.00000 -0.00000 -0.00000 0.09696 0.00000 0.00001 0.00000 0.00000 0.25589 0.97982 0.66143 0.00049 0.29555 0.00840 -0.00000 -0.00005 -0.00000 0.00116 0.00001
-0.00000 -0.00022 -0.00000 -0.00423 -0.17301 0.00000 -0.11982 -0.00000 -0.00000 -0.23592 -0.00003 -0.00002 -0.00000 -0.00001 0.00001 0.00115 0.00000 -0.00000 0.00001 -1.35415
0.00000 0.15122 -0.00000 0.00000 -0.00659 -0.00001 0.00000 0.00000 0.00000 0.03585 -0.00603 -0.00041 0.00000 0.00090 0.00026 -0.87274 -0.00002 -0.00001 0.00000 -0.00000
0.00000 0.00000 0.00000 -0.00000 -0.00000 -0.00000 0.00000 -0.00000 0.00000 -0.00169 0.00001 0.00000 -0.00000 0.00001 0.00000 0.00001 -0.00000 -0.00000 0.00000 0.00001
0.00002 -0.42286 -0.04728 0.00054 0.00250 -0.00000 0.00682 0.00754 -0.00002 0.25152 0.40595 -0.00174 0.25881 0.36311 -0.37624 0.00627 0.00332 0.08508 -0.13443 0.03955
-0.00000 0.00084 -0.00000 0.99558 -0.00665 -0.00000 -0.00000 -0.00000 0.00000 0.14627 0.00194 -0.00030 -0.00000 0.00031 0.00006 -0.28240 -0.00000 -0.00000 0.00000 0.00000
0.00001 -0.00003 1.04488 -0.00194 0.52475 0.00001 0.00421 -0.00000 0.00000 0.00184 0.00000 0.00000 -0.00001 0.00002 0.00002 0.00025 0.00000 0.00000 0.00000 -0.15626
0.00000 0.19929 -0.00667 0.00031 0.00591 -0.59802 0.00046 0.01552 -0.00000 -0.00778 -0.16709 -0.03489 -0.21657 -0.00001 -0.00606 0.00289 -0.31644 -0.01602 -0.01800 -0.00112
0.00000 0.00000 -0.00000 -0.00000 0.00075 -0.00000 -0.00000 -0.00000 0.00000 -0.00000 0.00000 0.00002 0.00000 0.00000 -0.00000 0.00000 0.00000 0.00000 -0.00000 -0.00000
0.00001 -0.00000 0.00002 0.00001 0.13860 0.00000 0.00000 0.00001 0.00001 0.28620 0.00000 -0.81808 0.00225 1.34896 0.33460 -0.00000 -0.00041 -0.00000 0.00957 -0.00001
0.00001 -0.00002 0.00000 0.00000 -0.05986 0.00000 0.00001 -0.00000 -0.00000 0.05678 -0.00000 0.00000 0.00044 -0.04419 0.15577 -0.00000 0.00004 -0.00000 -0.00351 0.00002
-0.00000 0.00001 0.00131 -0.00000 -0.00091 -0.00000 -0.00007 0.00335 0.00000 0.36154 0.00000 -0.00000 0.00000 0.00001 -0.00000 0.00000 -1.36984 -0.27169 0.00000 -0.00040
0.00002 -0.00000 0.00000 -0.00000 -0.00001 0.00001 0.00000 0.00000 0.00000 -0.26799 0.00000 -0.00000 0.00209 -0.00000 0.81539 0.00000 -0.00162 -0.00045 0.22969 -0.00000
-0.00000 -0.00000 0.00000 -0.00002 0.11122 0.00000 0.00000 0.00038 0.00000 -0.09665 -0.00001 0.00000 0.06221 0.00000 -0.00000 0.00000 0.00083 -0.00272 1.53648 -0.00000
-0.00000 -1.01582 0.00000 -0.00000 0.24760 -0.00003 -0.00000 -0.00001 0.00004 -0.12740 -0.15631 -0.01870 -0.00004 -0.02064 -0.00171 -0.00000 0.00000 0.00001 -0.00036 -0.00000
0.00002 -0.00002 0.00555 0.00005 0.00048 -0.00000 0.00024 -0.16459 -0.00000 -0.11990 0.00001 -0.00000 0.00000 0.00000 -0.00000 -0.00003 0.00000 1.25016 0.00000 0.00135
0.00000 0.00000 -0.15487 0.00026 0.05613 -0.00000 0.00123 -1.02909 0.00000 -0.03116 -0.00001 0.00000 -0.00000 0.00001 0.00001 -0.00004 -0.00000 -0.00000 0.00000 -0.00428
-0.00000 0.00000 0.00024 -0.00000 -0.16374 0.00001 -0.00000 0.00236 0.00001 -0.77075 0.00001 0.00000 0.41085 -0.00000 -0.00000 -0.00002 -0.15689 0.00027 -0.00000 -0.00005
-0.00001 0.00098 0.00000 0.29043 0.07848 -0.00001 0.77215 -0.00000 -0.00001 -0.67362 0.00015 0.00000 -0.00001 0.00008 -0.00000 0.00543 0.00000 0.00000 0.00000 0.00000
