1.000 0.001 0.005 0.005 0.005 0.005 0.001 0.002 0.005 0.005 0.005 0.005 0.004 0.004 -0.011 0.005 0.005 0.004 0.002 0.005 0.005 0.005 -0.001 0.005 0.004 -0.005 0.004 0.005 0.005 0.005 0.005 0.005 0.005 0.005 0.004 0.003 0.005 0.004 0.003 0.001 0.004 0.005 0.005 0.004 0.005 0.005 -0.002 0.004 0.003 0.005
0.001 1.000 0.006 0.006 0.006 0.006 -0.008 -0.003 0.006 0.005 0.006 0.005 0.001 0.003 -0.044 0.006 0.006 0.003 -0.002 0.006 0.006 0.005 -0.014 0.006 0.003 -0.025 0.004 0.005 0.006 0.006 0.006 0.006 0.006 0.006 0.002 -0.002 0.005 0.004 -0.001 -0.007 0.001 0.006 0.006 0.002 0.006 0.006 -0.015 0.003 -0.000 0.006
0.005 0.006 1.000 0.002 0.003 0.003 -0.002 -0.000 0.003 0.002 0.003 0.002 0.001 0.002 -0.017 0.003 0.002 0.002 0.000 0.002 0.002 0.002 -0.004 0.003 0.002 -0.009 0.002 0.002 0.003 0.003 0.003 0.002 0.003 0.003 0.002 0.000 0.002 0.002 0.001 -0.002 0.002 0.003 0.003 0.002 0.003 0.003 -0.005 0.002 0.001 0.003
0.005 0.006 0.002 1.000 -0.004 -0.004 0.019 0.012 -0.004 -0.002 -0.004 -0.001 0.005 0.001 0.077 -0.004 -0.003 0.002 0.010 -0.004 -0.004 -0.002 0.029 -0.004 0.002 0.048 0.000 -0.001 -0.004 -0.004 -0.004 -0.004 -0.004 -0.004 0.003 0.009 -0.003 -0.001 0.008 0.018 0.004 -0.004 -0.004 0.003 -0.004 -0.004 0.032 0.001 0.007 -0.004
0.005 0.006 0.003 -0.004 1.000 0.001 -0.002 -0.001 0.001 0.001 0.001 0.000 -0.000 0.000 -0.008 0.001 0.001 0.000 -0.001 0.001 0.001 0.000 -0.002 0.001 0.000 -0.005 0.000 0.000 0.001 0.001 0.001 0.001 0.001 0.001 0.000 -0.001 0.001 0.000 -0.000 -0.001 -0.000 0.001 0.001 0.000 0.001 0.001 -0.004 0.000 -0.000 0.001
0.005 0.006 0.003 -0.004 0.001 1.000 0.005 0.006 0.009 0.009 0.009 0.009 0.008 0.009 -0.006 0.009 0.009 0.008 0.007 0.009 0.010 0.009 0.003 0.009 0.008 -0.000 0.009 0.009 0.009 0.009 0.009 0.009 0.009 0.009 0.008 0.007 0.009 0.009 0.007 0.005 0.008 0.009 0.009 0.008 0.009 0.009 0.003 0.008 0.007 0.009
0.001 -0.008 -0.002 0.019 -0.002 0.005 1.000 -0.027 -0.021 -0.022 -0.021 -0.022 -0.024 -0.023 -0.052 -0.021 -0.022 -0.023 -0.026 -0.021 -0.021 -0.022 -0.033 -0.021 -0.023 -0.041 -0.023 -0.022 -0.021 -0.021 -0.021 -0.021 -0.021 -0.021 -0.023 -0.026 -0.022 -0.022 -0.025 -0.029 -0.024 -0.021 -0.021 -0.024 -0.021 -0.021 -0.035 -0.023 -0.025 -0.021
0.002 -0.003 -0.000 0.012 -0.001 0.006 -0.027 1.001 -0.017 -0.015 -0.016 -0.014 -0.010 -0.012 0.045 -0.016 -0.016 -0.012 -0.006 -0.016 -0.016 -0.015 0.008 -0.016 -0.012 0.023 -0.013 -0.014 -0.016 -0.016 -0.016 -0.016 -0.016 -0.016 -0.011 -0.007 -0.015 -0.014 -0.007 -0.000 -0.010 -0.016 -0.016 -0.011 -0.016 -0.016 0.010 -0.013 -0.008 -0.016
0.005 0.006 0.003 -0.004 0.001 0.009 -0.021 -0.017 1.001 0.002 0.002 0.002 0.002 0.002 -0.001 0.002 0.002 0.002 0.002 0.002 0.002 0.002 0.001 0.002 0.002 -0.000 0.002 0.002 0.002 0.002 0.002 0.002 0.002 0.002 0.002 0.002 0.002 0.002 0.002 0.001 0.002 0.002 0.002 0.002 0.002 0.002 0.001 0.002 0.002 0.002
0.005 0.005 0.002 -0.002 0.001 0.009 -0.022 -0.015 0.002 1.001 0.003 0.003 0.003 0.003 -0.002 0.003 0.003 0.003 0.002 0.003 0.003 0.003 0.001 0.003 0.003 -0.000 0.003 0.003 0.003 0.004 0.004 0.003 0.003 0.003 0.003 0.002 0.003 0.003 0.003 0.002 0.003 0.004 0.003 0.003 0.003 0.003 0.001 0.003 0.003 0.003
0.005 0.006 0.003 -0.004 0.001 0.009 -0.021 -0.016 0.002 0.003 1.001 0.000 0.000 0.000 0.003 0.000 0.000 0.000 0.000 0.000 0.000 0.000 0.001 0.000 0.000 0.002 0.000 0.000 0.000 0.000 0.000 0.000 0.000 0.000 0.000 0.000 0.000 0.000 0.000 0.001 0.000 0.000 0.000 0.000 0.000 0.000 0.001 0.000 0.000 0.000
0.005 0.005 0.002 -0.001 0.000 0.009 -0.022 -0.014 0.002 0.003 0.000 1.001 -0.005 -0.005 -0.008 -0.003 -0.003 -0.005 -0.006 -0.003 -0.003 -0.004 -0.007 -0.003 -0.005 -0.008 -0.004 -0.004 -0.003 -0.003 -0.003 -0.003 -0.003 -0.003 -0.005 -0.006 -0.003 -0.004 -0.006 -0.007 -0.005 -0.003 -0.003 -0.005 -0.003 -0.003 -0.008 -0.004 -0.006 -0.003
0.004 0.001 0.001 0.005 -0.000 0.008 -0.024 -0.010 0.002 0.003 0.000 -0.005 1.001 0.002 -0.002 0.003 0.003 0.003 0.002 0.003 0.003 0.003 0.001 0.003 0.003 -0.000 0.003 0.003 0.003 0.003 0.003 0.003 0.003 0.003 0.003 0.002 0.003 0.003 0.002 0.002 0.002 0.003 0.003 0.003 0.003 0.003 0.001 0.003 0.002 0.003
0.004 0.003 0.002 0.001 0.000 0.009 -0.023 -0.012 0.002 0.003 0.000 -0.005 0.002 1.001 0.060 0.022 0.023 0.025 0.029 0.022 0.022 0.023 0.038 0.022 0.025 0.047 0.024 0.023 0.022 0.022 0.022 0.022 0.022 0.022 0.025 0.028 0.023 0.024 0.028 0.033 0.026 0.022 0.022 0.026 0.022 0.022 0.039 0.025 0.027 0.022
-0.011 -0.044 -0.017 0.077 -0.008 -0.006 -0.052 0.045 -0.001 -0.002 0.003 -0.008 -0.002 0.060 1.017 -0.027 -0.025 -0.017 -0.006 -0.026 -0.027 -0.023 0.017 -0.027 -0.016 0.039 -0.019 -0.022 -0.026 -0.026 -0.026 -0.026 -0.027 -0.027 -0.015 -0.008 -0.024 -0.021 -0.009 0.005 -0.014 -0.027 -0.027 -0.015 -0.027 -0.027 0.019 -0.018 -0.010 -0.027
0.005 0.006 0.003 -0.004 0.001 0.009 -0.021 -0.016 0.002 0.003 0.000 -0.003 0.003 0.022 -0.027 1.002 -0.008 -0.009 -0.009 -0.007 -0.007 -0.008 -0.009 -0.007 -0.009 -0.008 -0.009 -0.008 -0.007 -0.007 -0.007 -0.007 -0.007 -0.007 -0.009 -0.009 -0.008 -0.008 -0.009 -0.010 -0.009 -0.007 -0.007 -0.009 -0.007 -0.007 -0.009 -0.008 -0.009 -0.007
0.005 0.006 0.002 -0.003 0.001 0.009 -0.022 -0.016 0.002 0.003 0.000 -0.003 0.003 0.023 -0.025 -0.008 1.002 -0.003 -0.000 -0.006 -0.006 -0.005 0.005 -0.006 -0.003 0.010 -0.004 -0.005 -0.006 -0.006 -0.006 -0.006 -0.006 -0.006 -0.003 -0.001 -0.005 -0.005 -0.001 0.002 -0.002 -0.006 -0.006 -0.003 -0.006 -0.006 0.006 -0.004 -0.001 -0.006
0.004 0.003 0.002 0.002 0.000 0.008 -0.023 -0.012 0.002 0.003 0.000 -0.005 0.003 0.025 -0.017 -0.009 -0.003 1.002 -0.007 -0.002 -0.002 -0.003 -0.011 -0.002 -0.005 -0.016 -0.004 -0.003 -0.002 -0.002 -0.002 -0.002 -0.002 -0.002 -0.005 -0.006 -0.003 -0.003 -0.006 -0.009 -0.005 -0.002 -0.002 -0.005 -0.002 -0.002 -0.012 -0.004 -0.006 -0.002
0.002 -0.002 0.000 0.010 -0.001 0.007 -0.026 -0.006 0.002 0.002 0.000 -0.006 0.002 0.029 -0.006 -0.009 -0.000 -0.007 1.002 0.037 0.037 0.035 0.016 0.038 0.030 0.010 0.032 0.034 0.038 0.038 0.038 0.037 0.038 0.038 0.029 0.025 0.036 0.033 0.025 0.020 0.028 0.038 0.038 0.029 0.038 0.038 0.015 0.031 0.026 0.038
0.005 0.006 0.002 -0.004 0.001 0.009 -0.021 -0.016 0.002 0.003 0.000 -0.003 0.003 0.022 -0.026 -0.007 -0.006 -0.002 0.037 1.004 0.025 0.026 0.032 0.024 0.029 0.032 0.028 0.027 0.024 0.024 0.024 0.025 0.024 0.024 0.029 0.031 0.026 0.027 0.031 0.032 0.030 0.024 0.024 0.029 0.024 0.024 0.032 0.028 0.031 0.024
0.005 0.006 0.002 -0.004 0.001 0.010 -0.021 -0.016 0.002 0.003 0.000 -0.003 0.003 0.022 -0.027 -0.007 -0.006 -0.002 0.037 0.025 1.004 0.004 0.002 0.003 0.005 -0.000 0.004 0.004 0.003 0.003 0.003 0.003 0.003 0.003 0.005 0.005 0.003 0.004 0.005 0.004 0.005 0.003 0.003 0.005 0.003 0.003 0.002 0.004 0.005 0.003
0.005 0.005 0.002 -0.002 0.000 0.009 -0.022 -0.015 0.002 0.003 0.000 -0.004 0.003 0.023 -0.023 -0.008 -0.005 -0.003 0.035 0.026 0.004 1.004 0.009 -0.008 -0.001 0.014 -0.003 -0.004 -0.008 -0.008 -0.008 -0.007 -0.008 -0.008 -0.000 0.003 -0.006 -0.004 0.003 0.007 0.000 -0.008 -0.008 -0.000 -0.008 -0.008 0.010 -0.002 0.002 -0.008
-0.001 -0.014 -0.004 0.029 -0.002 0.003 -0.033 0.008 0.001 0.001 0.001 -0.007 0.001 0.038 0.017 -0.009 0.005 -0.011 0.016 0.032 0.002 0.009 1.005 -0.033 -0.017 0.061 -0.021 -0.026 -0.033 -0.033 -0.033 -0.031 -0.033 -0.033 -0.015 -0.003 -0.029 -0.024 -0.004 0.014 -0.012 -0.033 -0.033 -0.014 -0.033 -0.033 0.035 -0.020 -0.006 -0.034
0.005 0.006 0.003 -0.004 0.001 0.009 -0.021 -0.016 0.002 0.003 0.000 -0.003 0.003 0.022 -0.027 -0.007 -0.006 -0.002 0.038 0.024 0.003 -0.008 -0.033 1.006 0.006 -0.005 0.007 0.007 0.008 0.008 0.008 0.007 0.008 0.008 0.006 0.005 0.007 0.007 0.005 0.002 0.006 0.008 0.008 0.006 0.008 0.008 -0.001 0.007 0.005 0.008
0.004 0.003 0.002 0.002 0.000 0.008 -0.023 -0.012 0.002 0.003 0.000 -0.005 0.003 0.025 -0.016 -0.009 -0.003 -0.005 0.030 0.029 0.005 -0.001 -0.017 0.006 1.004 -0.073 -0.025 -0.023 -0.020 -0.020 -0.020 -0.020 -0.019 -0.020 -0.028 -0.034 -0.021 -0.023 -0.033 -0.044 -0.029 -0.020 -0.020 -0.028 -0.020 -0.019 -0.058 -0.025 -0.032 -0.019
-0.005 -0.025 -0.009 0.048 -0.005 -0.000 -0.041 0.023 -0.000 -0.000 0.002 -0.008 -0.000 0.047 0.039 -0.008 0.010 -0.016 0.010 0.032 -0.000 0.014 0.061 -0.005 -0.073 1.018 0.031 0.032 0.034 0.034 0.034 0.033 0.034 0.034 0.030 0.029 0.033 0.032 0.029 0.028 0.030 0.034 0.034 0.030 0.034 0.034 0.031 0.031 0.029 0.034
0.004 0.004 0.002 0.000 0.000 0.009 -0.023 -0.013 0.002 0.003 0.000 -0.004 0.003 0.024 -0.019 -0.009 -0.004 -0.004 0.032 0.028 0.004 -0.003 -0.021 0.007 -0.025 0.031 1.006 0.029 0.028 0.028 0.028 0.028 0.028 0.028 0.030 0.030 0.029 0.029 0.030 0.030 0.030 0.028 0.028 0.030 0.028 0.028 0.030 0.029 0.030 0.028
0.005 0.005 0.002 -0.001 0.000 0.009 -0.022 -0.014 0.002 0.003 0.000 -0.004 0.003 0.023 -0.022 -0.008 -0.005 -0.003 0.034 0.027 0.004 -0.004 -0.026 0.007 -0.023 0.032 0.029 1.007 0.004 0.004 0.004 0.004 0.005 0.004 -0.003 -0.007 0.003 0.001 -0.006 -0.013 -0.003 0.004 0.004 -0.003 0.004 0.004 -0.020 -0.001 -0.005 0.005
0.005 0.006 0.003 -0.004 0.001 0.009 -0.021 -0.016 0.002 0.003 0.000 -0.003 0.003 0.022 -0.026 -0.007 -0.006 -0.002 0.038 0.024 0.003 -0.008 -0.033 0.008 -0.020 0.034 0.028 0.004 1.008 0.016 0.016 0.016 0.016 0.016 0.013 0.012 0.015 0.015 0.012 0.011 0.013 0.016 0.016 0.013 0.016 0.016 0.009 0.014 0.013 0.016
0.005 0.006 0.003 -0.004 0.001 0.009 -0.021 -0.016 0.002 0.004 0.000 -0.003 0.003 0.022 -0.026 -0.007 -0.006 -0.002 0.038 0.024 0.003 -0.008 -0.033 0.008 -0.020 0.034 0.028 0.004 0.016 1.008 0.001 0.001 0.001 0.001 -0.001 -0.001 0.000 -0.000 -0.001 -0.000 -0.001 0.001 0.001 -0.001 0.001 0.001 0.001 -0.000 -0.001 0.001
0.005 0.006 0.003 -0.004 0.001 0.009 -0.021 -0.016 0.002 0.004 0.000 -0.003 0.003 0.022 -0.026 -0.007 -0.006 -0.002 0.038 0.024 0.003 -0.008 -0.033 0.008 -0.020 0.034 0.028 0.004 0.016 0.001 1.008 0.012 0.012 0.012 0.017 0.020 0.013 0.014 0.020 0.026 0.018 0.012 0.012 0.017 0.012 0.012 0.032 0.016 0.020 0.012
0.005 0.006 0.002 -0.004 0.001 0.009 -0.021 -0.016 0.002 0.003 0.000 -0.003 0.003 0.022 -0.026 -0.007 -0.006 -0.002 0.037 0.025 0.003 -0.007 -0.031 0.007 -0.020 0.033 0.028 0.004 0.016 0.001 0.012 1.007 0.007 0.007 0.008 0.009 0.008 0.008 0.009 0.010 0.008 0.007 0.007 0.008 0.007 0.007 0.013 0.008 0.008 0.007
0.005 0.006 0.003 -0.004 0.001 0.009 -0.021 -0.016 0.002 0.003 0.000 -0.003 0.003 0.022 -0.027 -0.007 -0.006 -0.002 0.038 0.024 0.003 -0.008 -0.033 0.008 -0.019 0.034 0.028 0.005 0.016 0.001 0.012 0.007 1.008 0.006 0.006 0.005 0.006 0.006 0.005 0.004 0.006 0.006 0.006 0.006 0.006 0.006 0.001 0.006 0.005 0.006
0.005 0.006 0.003 -0.004 0.001 0.009 -0.021 -0.016 0.002 0.003 0.000 -0.003 0.003 0.022 -0.027 -0.007 -0.006 -0.002 0.038 0.024 0.003 -0.008 -0.033 0.008 -0.020 0.034 0.028 0.004 0.016 0.001 0.012 0.007 0.006 1.008 0.008 0.007 0.009 0.009 0.007 0.006 0.008 0.009 0.009 0.008 0.009 0.009 0.004 0.008 0.007 0.009
0.004 0.002 0.002 0.003 0.000 0.008 -0.023 -0.011 0.002 0.003 0.000 -0.005 0.003 0.025 -0.015 -0.009 -0.003 -0.005 0.029 0.029 0.005 -0.000 -0.015 0.006 -0.028 0.030 0.030 -0.003 0.013 -0.001 0.017 0.008 0.006 0.008 1.006 -0.008 -0.016 -0.015 -0.009 -0.002 -0.012 -0.017 -0.017 -0.012 -0.017 -0.017 0.008 -0.014 -0.010 -0.017
0.003 -0.002 0.000 0.009 -0.001 0.007 -0.026 -0.007 0.002 0.002 0.000 -0.006 0.002 0.028 -0.008 -0.009 -0.001 -0.006 0.025 0.031 0.005 0.003 -0.003 0.005 -0.034 0.029 0.030 -0.007 0.012 -0.001 0.020 0.009 0.005 0.007 -0.008 1.007 0.054 0.051 0.040 0.025 0.045 0.055 0.055 0.046 0.055 0.055 0.007 0.049 0.041 0.056
0.005 0.005 0.002 -0.003 0.001 0.009 -0.022 -0.015 0.002 0.003 0.000 -0.003 0.003 0.023 -0.024 -0.008 -0.005 -0.003 0.036 0.026 0.003 -0.006 -0.029 0.007 -0.021 0.033 0.029 0.003 0.015 0.000 0.013 0.008 0.006 0.009 -0.016 0.054 1.010 0.010 0.004 -0.002 0.006 0.012 0.012 0.007 0.012 0.012 -0.011 0.008 0.005 0.012
0.004 0.004 0.002 -0.001 0.000 0.009 -0.022 -0.014 0.002 0.003 0.000 -0.004 0.003 0.024 -0.021 -0.008 -0.005 -0.003 0.033 0.027 0.004 -0.004 -0.024 0.007 -0.023 0.032 0.029 0.001 0.015 -0.000 0.014 0.008 0.006 0.009 -0.015 0.051 0.010 1.009 0.036 0.028 0.039 0.044 0.044 0.039 0.044 0.044 0.018 0.040 0.037 0.044
0.003 -0.001 0.001 0.008 -0.000 0.007 -0.025 -0.007 0.002 0.003 0.000 -0.006 0.002 0.028 -0.009 -0.009 -0.001 -0.006 0.025 0.031 0.005 0.003 -0.004 0.005 -0.033 0.029 0.030 -0.006 0.012 -0.001 0.020 0.009 0.005 0.007 -0.009 0.040 0.004 0.036 1.008 0.069 0.067 0.066 0.066 0.067 0.066 0.066 0.074 0.066 0.067 0.066
0.001 -0.007 -0.002 0.018 -0.001 0.005 -0.029 -0.000 0.001 0.002 0.001 -0.007 0.002 0.033 0.005 -0.010 0.002 -0.009 0.020 0.032 0.004 0.007 0.014 0.002 -0.044 0.028 0.030 -0.013 0.011 -0.000 0.026 0.010 0.004 0.006 -0.002 0.025 -0.002 0.028 0.069 1.013 -0.027 -0.050 -0.050 -0.029 -0.050 -0.050 0.022 -0.035 -0.020 -0.051
0.004 0.001 0.002 0.004 -0.000 0.008 -0.024 -0.010 0.002 0.003 0.000 -0.005 0.002 0.026 -0.014 -0.009 -0.002 -0.005 0.028 0.030 0.005 0.000 -0.012 0.006 -0.029 0.030 0.030 -0.003 0.013 -0.001 0.018 0.008 0.006 0.008 -0.012 0.045 0.006 0.039 0.067 -0.027 1.014 0.015 0.015 0.015 0.015 0.015 0.007 0.015 0.014 0.015
0.005 0.006 0.003 -0.004 0.001 0.009 -0.021 -0.016 0.002 0.004 0.000 -0.003 0.003 0.022 -0.027 -0.007 -0.006 -0.002 0.038 0.024 0.003 -0.008 -0.033 0.008 -0.020 0.034 0.028 0.004 0.016 0.001 0.012 0.007 0.006 0.009 -0.017 0.055 0.012 0.044 0.066 -0.050 0.015 1.019 0.016 0.019 0.016 0.016 0.017 0.018 0.020 0.016
0.005 0.006 0.003 -0.004 0.001 0.009 -0.021 -0.016 0.002 0.003 0.000 -0.003 0.003 0.022 -0.027 -0.007 -0.006 -0.002 0.038 0.024 0.003 -0.008 -0.033 0.008 -0.020 0.034 0.028 0.004 0.016 0.001 0.012 0.007 0.006 0.009 -0.017 0.055 0.012 0.044 0.066 -0.050 0.015 0.016 1.019 0.011 0.011 0.011 0.006 0.011 0.010 0.011
0.004 0.002 0.002 0.003 0.000 0.008 -0.024 -0.011 0.002 0.003 0.000 -0.005 0.003 0.026 -0.015 -0.009 -0.003 -0.005 0.029 0.029 0.005 -0.000 -0.014 0.006 -0.028 0.030 0.030 -0.003 0.013 -0.001 0.017 0.008 0.006 0.008 -0.012 0.046 0.007 0.039 0.067 -0.029 0.015 0.019 0.011 1.014 0.017 0.017 0.012 0.017 0.017 0.017
0.005 0.006 0.003 -0.004 0.001 0.009 -0.021 -0.016 0.002 0.003 0.000 -0.003 0.003 0.022 -0.027 -0.007 -0.006 -0.002 0.038 0.024 0.003 -0.008 -0.033 0.008 -0.020 0.034 0.028 0.004 0.016 0.001 0.012 0.007 0.006 0.009 -0.017 0.055 0.012 0.044 0.066 -0.050 0.015 0.016 0.011 0.017 1.019 0.009 0.011 0.008 0.008 0.009
0.005 0.006 0.003 -0.004 0.001 0.009 -0.021 -0.016 0.002 0.003 0.000 -0.003 0.003 0.022 -0.027 -0.007 -0.006 -0.002 0.038 0.024 0.003 -0.008 -0.033 0.008 -0.019 0.034 0.028 0.004 0.016 0.001 0.012 0.007 0.006 0.009 -0.017 0.055 0.012 0.044 0.066 -0.050 0.015 0.016 0.011 0.017 0.009 1.019 0.010 0.011 0.010 0.012
-0.002 -0.015 -0.005 0.032 -0.004 0.003 -0.035 0.010 0.001 0.001 0.001 -0.008 0.001 0.039 0.019 -0.009 0.006 -0.012 0.015 0.032 0.002 0.010 0.035 -0.001 -0.058 0.031 0.030 -0.020 0.009 0.001 0.032 0.013 0.001 0.004 0.008 0.007 -0.011 0.018 0.074 0.022 0.007 0.017 0.006 0.012 0.011 0.010 1.018 0.085 0.096 0.071
0.004 0.003 0.002 0.001 0.000 0.008 -0.023 -0.013 0.002 0.003 0.000 -0.004 0.003 0.025 -0.018 -0.008 -0.004 -0.004 0.031 0.028 0.004 -0.002 -0.020 0.007 -0.025 0.031 0.029 -0.001 0.014 -0.000 0.016 0.008 0.006 0.008 -0.014 0.049 0.008 0.040 0.066 -0.035 0.015 0.018 0.011 0.017 0.008 0.011 0.085 1.021 0.049 0.018
0.003 -0.000 0.001 0.007 -0.000 0.007 -0.025 -0.008 0.002 0.003 0.000 -0.006 0.002 0.027 -0.010 -0.009 -0.001 -0.006 0.026 0.031 0.005 0.002 -0.006 0.005 -0.032 0.029 0.030 -0.005 0.013 -0.001 0.020 0.008 0.005 0.007 -0.010 0.041 0.005 0.037 0.067 -0.020 0.014 0.020 0.010 0.017 0.008 0.010 0.096 0.049 1.021 0.032
0.005 0.006 0.003 -0.004 0.001 0.009 -0.021 -0.016 0.002 0.003 0.000 -0.003 0.003 0.022 -0.027 -0.007 -0.006 -0.002 0.038 0.024 0.003 -0.008 -0.034 0.008 -0.019 0.034 0.028 0.005 0.016 0.001 0.012 0.007 0.006 0.009 -0.017 0.056 0.012 0.044 0.066 -0.051 0.015 0.016 0.011 0.017 0.009 0.012 0.071 0.018 0.032 1.023
