0.00000 0.00000 -0.00000 -0.03539 -0.00000 0.00000 -0.00000 -0.00000 0.00000 0.00172 0.00000 -0.00000 0.00000 0.00000 -0.00000 0.00000 -0.00000 -0.00000 1.11014 0.00000 0.00000 -0.00000 -0.00000 -0.00000 -0.00021 0.01254 0.00417 -0.00000 -0.00000 -0.03197 -0.00000 -0.00204 0.00450 -0.00000 -0.00000 0.00000 -0.00000 0.00084 0.00000 -0.08322 -0.00000 -0.00000 0.00000 -0.00000 -0.00000 -0.00000 0.00000 -0.00000 0.00000 -0.00000
0.03402 0.00000 0.00003 -0.00808 0.00004 0.00000 -0.00000 -0.00000 0.00000 0.00109 -0.00000 -0.00000 0.00000 0.00000 -0.00000 -0.00000 -0.00000 -0.00000 0.02543 0.00000 -0.00000 -0.10428 -0.02641 -0.00000 -0.00018 0.00273 0.00114 -0.00000 -0.09368 -0.00724 -0.00000 -0.00021 0.00269 -0.00000 -0.00000 0.00000 -0.00000 0.00000 0.05840 -0.01532 -0.00000 -0.00000 0.00000 -0.00000 -0.00000 -0.00000 0.00000 -0.00000 -0.00000 -0.00000
-0.00000 0.00000 -0.00000 0.00000 -0.00000 0.00000 0.00000 0.00000 -0.00000 -0.00000 0.00000 -0.00000 -0.00000 -0.00041 -0.00000 -0.00000 0.00000 -0.00000 -0.00014 -0.00000 0.00000 0.00000 0.00000 0.00000 0.00000 0.00000 -0.00000 -0.00000 0.00000 -0.00004 0.00000 -0.00021 -0.00000 0.00000 0.00000 0.00000 0.00000 -0.00000 -0.00000 0.00000 -0.00000 0.00000 -0.00000 -0.00000 -0.00000 -0.00000 -0.00000 0.00000 0.00000 -0.00000
-0.00000 -0.00000 -0.00000 0.00000 -0.00000 0.00000 0.00000 0.00000 -0.00000 -0.27586 0.00000 -0.00000 -0.00000 -0.00017 0.00000 0.00000 0.00000 0.00000 -0.00000 -0.00000 0.00000 0.00000 0.00000 0.00000 0.13967 -0.09071 -0.78807 0.00000 0.00000 0.00000 0.01435 0.08911 -0.00000 0.00000 0.00000 -0.00887 -0.00000 -0.17324 -0.00000 0.00000 0.00000 0.03068 0.00000 0.00000 0.00000 0.00000 -0.00162 -0.00000 0.00000 0.00000
-0.00000 -0.00000 -0.00000 0.00000 -0.00000 -0.00000 -0.00000 0.00019 0.00000 -0.00000 -0.00001 0.00000 0.00000 -0.00058 0.00000 -0.00000 0.00000 0.00000 -0.00000 -0.00048 -0.00000 0.00023 0.00000 -0.00000 0.00025 0.00000 0.00000 0.00003 0.00033 0.00060 0.00000 0.00000 0.00003 0.00000 0.00006 -0.00000 0.00006 -0.00058 -0.00004 0.00000 -0.00000 0.00013 0.00000 0.00000 0.00000 0.00000 0.00000 0.00033 0.00000 0.00000
0.00000 0.00000 0.00000 -0.00000 -0.00000 -0.00000 -0.00000 0.00001 -0.00000 0.00000 -0.00000 0.00000 0.06104 -0.01122 0.00000 -0.00000 -0.00000 -0.00000 -0.00000 -0.00000 -0.00000 0.00000 -0.00000 -0.00000 -0.00000 -0.00000 0.00000 0.00790 0.00003 -0.00000 -0.00000 -0.00008 -0.00000 0.00000 -0.00000 0.04514 -0.00000 -0.00000 -0.00000 0.00000 0.05576 0.00000 0.00000 -0.00000 0.00000 -0.00000 0.00532 0.22544 -0.05772 -0.00011
-0.03573 -0.02148 -0.00015 0.00000 0.00000 0.00000 0.00000 0.00000 0.00000 -0.00000 -0.00000 0.00145 0.00000 -0.00000 1.43581 0.00740 0.00000 0.03648 -0.01254 -0.20287 0.00000 0.04313 0.00213 0.00000 0.00000 -0.00000 -0.00000 0.00000 0.04644 0.00000 0.00000 0.00000 -0.00000 -0.00000 0.12943 -0.00000 -0.00000 -0.00000 -0.01274 0.00023 0.00000 0.00000 0.00000 0.05413 0.00000 -0.00000 -0.00000 0.00000 -0.00154 0.02193
-0.00572 -0.02126 -0.00000 0.00000 0.00000 0.00000 0.88195 0.00000 0.00000 -0.00000 0.00000 0.00209 0.00000 -0.00000 0.48665 0.01065 -0.00000 0.01149 -0.00116 -0.26773 -0.00000 0.00680 0.00020 0.00000 0.00000 -0.00000 -0.00000 0.00000 0.05578 0.00000 0.00000 0.00000 -0.00000 -0.00000 0.07982 -0.00000 -0.00000 -0.00000 -0.00137 0.00000 0.00000 0.00000 0.00000 0.02118 0.00000 0.00000 -0.00000 0.00000 -0.00000 0.05405
-0.00001 -0.00005 -0.00000 -0.00000 -0.00000 0.00000 0.00000 0.00009 -0.00000 -0.00000 -0.00000 0.00000 0.00004 -0.00005 -0.00000 0.00000 -0.00000 0.00000 -0.00000 0.00009 -0.00000 -0.00000 0.00010 -0.00000 -0.00022 -0.00000 -0.00000 -0.00000 -0.00000 -0.00000 0.00000 0.00000 0.00000 0.00001 0.00000 -0.00000 -0.00000 0.00033 0.00000 -0.00004 0.00000 -0.00003 0.00000 0.00000 -0.00003 0.00000 -0.00000 0.00030 -0.00000 0.00000
0.00000 0.00000 -0.00000 -0.00000 -0.00000 -0.00000 -0.00000 -0.00018 0.00000 0.00000 -0.00000 0.00000 -0.00000 0.00096 0.00000 0.00000 -0.00000 -0.00000 -0.00000 0.00000 0.00000 -0.00000 -0.00000 -0.00000 0.00000 0.02759 0.11729 0.00000 -0.00000 -0.00000 -0.00000 -0.00028 0.00000 -0.00002 -0.00000 0.00757 -0.00000 0.05590 0.00000 -0.00000 0.00000 -0.05841 0.00000 -0.00000 0.00000 -0.00000 0.00272 -0.00000 0.00000 -0.00000
-0.00001 0.00000 -0.00000 -0.00000 -0.00000 -0.00000 -0.00000 0.00000 -0.00000 0.00000 -0.00000 0.00000 0.00000 -0.00033 0.00000 0.00000 0.00000 -0.00000 -0.00000 -0.00027 -0.00000 0.00026 -0.00000 -0.00000 0.00000 -0.00000 0.00000 -0.00000 0.00040 0.00005 -0.00000 -0.00000 0.00000 0.00000 0.00002 0.00000 0.00000 0.00000 -0.00009 0.00000 -0.00000 0.00000 -0.00000 -0.00001 0.00000 -0.00000 0.00000 -0.00000 0.00000 -0.00002
-0.00000 -0.00000 -0.00000 0.00004 0.00000 -0.00000 0.00000 0.00000 -0.00000 -0.00000 -0.00000 0.00000 0.00006 -0.00000 0.00000 0.00000 -0.00000 0.00000 -0.00000 0.00001 0.00000 -0.00000 0.00000 -0.00000 0.00012 -0.00000 0.00000 0.00000 -0.00034 0.00011 -0.00000 0.00004 0.00000 0.00000 0.00000 -0.00000 -0.00000 -0.00000 -0.00000 0.00000 0.00000 0.00000 -0.00000 0.00000 -0.00000 0.00000 0.00000 0.00029 0.43618 -0.00000
-0.00000 -0.00000 0.00596 -0.00000 0.00000 0.00000 0.00000 0.01398 0.00000 -0.00013 0.00000 0.00013 0.00000 -0.15358 0.00004 0.00000 0.00000 -0.00000 -0.00002 -0.00000 -0.00000 -0.00000 0.00000 -0.00000 0.00000 -0.00000 0.00000 0.08686 -0.00000 -0.00000 -0.00000 -0.00000 -0.00000 0.00000 -0.00007 0.08708 -0.00000 -0.01435 -0.00000 0.00000 0.03001 0.01404 0.00008 -0.00000 0.00000 0.00002 0.02835 0.00000 -0.16346 0.00000
0.00105 0.00345 0.00000 -0.00000 -0.00000 -0.00000 -0.13453 -1.39684 0.00000 0.00000 -0.00000 -0.00000 -0.00000 0.00000 -0.10130 -0.00000 0.00000 -0.06481 0.00018 0.07661 0.00000 -0.00121 -0.00000 0.00000 -0.00000 0.00000 0.00000 -0.00000 -0.00938 -0.00000 -0.00000 -0.00000 0.00000 0.00000 -0.03381 0.00000 0.00000 0.00000 0.00018 -0.00000 -0.00000 -0.00000 -0.00000 -0.00331 -0.00000 -0.00000 0.00000 -0.00000 0.00000 -0.04136
-0.08732 -0.05198 -0.00000 0.00022 -0.00017 0.00000 0.00000 0.00000 -0.00000 -0.00001 0.00000 0.00000 0.00000 -0.00000 0.00000 0.00290 0.00000 0.02882 -0.03347 -0.00000 0.00000 0.14733 0.01445 0.00000 0.00000 -0.00003 -0.00000 0.00000 0.14340 0.00015 0.00000 0.00000 -0.00052 -0.00000 0.00000 -0.00000 0.00000 -0.00000 -0.04137 0.00161 0.00000 0.00000 0.00000 0.00869 0.00000 0.00000 -0.00000 0.00000 -0.00000 0.00000
-0.00000 -0.03259 -0.00000 0.00014 -0.00000 0.00000 0.00000 0.00000 -0.00000 -0.00000 0.00000 -0.00001 0.00000 -0.00000 0.00000 -0.00000 0.00000 0.27669 -0.00000 -0.00000 -0.00000 0.00000 -0.00000 0.00000 0.00000 0.00000 -0.00000 -0.00000 0.00002 0.00052 0.00000 -0.00000 -0.00012 0.00000 0.00000 -0.00000 0.00000 -0.00000 -0.00000 0.00000 0.00000 -0.00000 0.00000 0.03673 0.00000 0.00000 -0.00000 0.00000 -0.00000 0.00000
-0.00000 0.00000 -0.00000 0.00003 0.00000 0.00000 0.08394 0.00005 0.00000 -0.00000 0.00000 0.00000 -0.00000 -0.00572 -0.63624 0.00000 0.00000 0.00000 -0.00000 -0.00013 -0.00000 0.00000 -0.00000 0.00000 0.00040 -0.00000 -0.00000 0.00000 0.00001 0.00026 0.00000 0.00009 -0.00000 -0.00000 0.00002 0.00000 -0.00000 -0.00004 0.00000 0.00000 0.00000 0.00000 -0.00000 0.00000 0.00000 -0.00000 0.00000 -0.00000 -0.00000 -0.00000
-0.00000 -0.86226 0.00000 0.00078 -0.00000 0.00000 0.00000 0.00000 -0.00000 -0.00000 -0.00000 0.00000 0.00000 -0.00000 0.00000 0.00000 -0.00000 0.00000 -0.00000 -0.00000 0.00000 0.01940 0.00007 0.00000 0.00000 -0.00004 -0.00007 0.00000 0.00876 0.00051 0.00000 0.00000 -0.00000 0.00000 0.00000 0.00000 -0.00000 -0.00000 -0.00494 0.00070 0.00000 -0.00000 -0.00000 0.58475 0.00010 0.00004 -0.00000 -0.00000 -0.00000 0.00000
0.00000 0.00000 0.00007 -0.04759 0.00000 -0.00000 -0.00000 -0.00000 -0.00005 0.02023 -0.00000 -0.00000 -0.00000 0.00000 -0.00000 -0.00000 -0.00000 -0.00000 0.00000 0.00000 0.00000 -0.00000 -0.00000 0.00000 -0.00037 0.02985 0.02286 -0.00011 -0.00000 -0.04736 -0.00031 -0.00678 0.00008 0.00001 -0.00000 0.00002 0.00000 0.00524 0.00000 -0.41263 -0.00021 -0.00026 -0.00000 -0.00000 -0.00000 -0.00000 0.00000 -0.00000 0.00000 -0.00000
0.00000 0.00000 -0.00000 -0.00000 -0.00000 0.00000 0.00000 -0.00000 -0.00000 -0.00000 0.00000 -0.00000 -0.00000 0.00000 0.00000 -0.00000 -0.00000 -0.03560 -0.00000 0.00000 0.00000 -0.10862 -0.00367 0.00000 -0.00000 0.00000 0.00000 -0.00000 -0.09400 -0.00000 0.00000 -0.00000 0.00000 0.00000 -1.62685 0.00000 0.00000 -0.00000 0.01989 -0.00023 -0.00000 -0.00000 0.00000 -0.00398 0.00000 0.00000 0.00000 0.00000 0.00000 -0.00000
0.00000 0.00001 0.00000 0.00016 -0.00000 -0.00000 0.11442 -0.00000 0.00000 0.00000 -0.00000 0.00000 0.00000 0.00000 -0.00000 0.00000 -0.00000 -0.00000 0.00000 -0.00843 -0.00000 -0.00002 -0.00000 0.00000 -0.26591 -0.00000 0.00000 0.00000 -0.00011 0.00149 0.00000 0.00018 0.00000 -0.00000 -0.00000 -0.00761 0.00000 -0.02337 0.00000 -0.00000 -0.00000 0.06021 0.00000 -0.00000 0.00000 -0.00000 0.00000 -0.00025 0.00000 0.00000
-0.05421 -0.00000 -0.00000 0.01098 -0.00000 0.00000 0.00000 0.00000 0.00000 -0.00114 -0.00000 0.00000 -0.00000 -0.00000 0.00000 0.00000 -0.00000 0.00000 -0.04379 -0.00000 -0.00000 0.00000 0.20745 -0.00000 0.00041 -0.00541 -0.00179 0.00000 0.00000 0.01120 0.00000 0.00017 -0.01386 0.00000 0.00000 -0.00000 -0.00000 -0.00000 -1.58407 0.03266 0.00000 0.00000 -0.00000 0.00000 0.00000 -0.00000 -0.00000 0.00000 0.00000 0.00000
-0.07699 -0.00000 -0.00000 0.04818 -0.00000 0.00000 0.00000 0.00000 0.00000 -0.03484 0.00000 0.00000 0.00000 -0.00000 0.00000 0.00000 -0.00000 0.00000 -0.04919 -0.00000 -0.00000 0.00000 0.00000 0.00000 0.01392 -0.10388 -0.03806 0.00000 0.00000 0.04967 0.00053 0.00955 -0.00092 0.00000 0.00000 -0.00000 -0.00000 -0.00137 -0.00000 0.67750 0.00000 0.00037 0.00000 0.00000 0.00000 0.00000 -0.00000 0.00000 0.00000 0.00000
0.00002 0.00000 -0.00000 0.00066 -0.00000 -0.00000 0.00000 0.00000 -0.00000 -0.00000 -0.00000 -0.29591 -0.00000 -0.00000 -0.00000 0.00000 0.00000 -0.00000 0.00003 -0.00641 0.00000 -0.00000 -0.00004 -0.00000 0.00021 0.00001 -0.00004 0.00000 0.00000 0.00053 0.00000 0.00000 -0.00000 -0.00000 0.00000 -0.00000 -0.00000 -0.00022 -0.00007 0.00003 -0.00000 0.00008 0.00000 0.00000 0.00000 -0.00000 -0.00003 -0.00000 -0.01953 -0.00000
-0.00000 -0.00000 0.00000 0.00000 -0.00001 -0.00000 0.00006 0.00118 -0.00000 -0.00000 0.00007 -0.00000 0.01359 -0.00729 0.00000 0.00017 0.00000 0.00008 -0.00000 -0.00005 -0.00000 0.00000 0.00000 -0.00000 0.00000 -0.00000 -0.00000 0.00012 0.00000 0.00000 0.00000 -0.00000 -0.00000 0.00000 0.00000 -0.11479 -0.00068 -0.29230 -0.00000 0.00000 -0.00000 0.40389 0.00000 0.00000 0.00000 0.00000 -0.03940 0.00000 0.00079 0.00009
0.00000 0.00000 0.00006 -0.00000 0.00000 -0.00000 -0.00000 -0.00000 -0.00000 0.00000 -0.00000 -0.00093 -0.00572 0.00022 -0.00000 -0.00000 0.00000 -0.00000 0.00000 0.00000 0.00042 -0.00000 -0.00000 0.00000 -0.30815 0.00000 0.00000 -0.01048 -0.00000 -0.00000 -0.00847 -0.10171 0.00000 -0.00038 -0.00000 0.01490 0.00000 0.19056 0.00000 -0.00000 -0.01051 -0.03926 -0.00000 -0.00000 -0.00000 -0.00000 0.00306 -0.00000 -0.00000 -0.00000
0.00000 0.00000 -0.00000 -0.00000 -0.00000 0.00000 -0.00000 -0.00020 -0.00000 0.00000 -0.00000 0.00000 -0.00000 0.00123 -0.00000 -0.00000 -0.00000 -0.00000 0.00000 0.00000 0.00000 -0.00000 -0.00000 -0.00000 -0.05969 1.29849 0.00000 -0.00000 -0.00000 -0.00000 -0.02216 -0.10257 0.00000 0.00000 -0.00000 0.03814 -0.00000 0.11428 0.00000 -0.00000 -0.00000 -0.18175 -0.00000 -0.00000 0.00000 -0.00000 0.00880 -0.00000 0.00000 -0.00000
-0.00000 0.00000 -0.00000 -0.00000 0.00000 0.00000 0.00000 0.01238 -0.00000 0.00000 -0.00000 0.00000 0.00000 -0.06147 0.00000 0.00000 0.00000 0.00000 -0.00000 0.00467 -0.00000 -0.00000 0.00000 0.00000 0.00000 -0.00000 -0.00000 0.00000 0.00000 -0.00000 -0.00000 0.00000 0.00000 -0.00000 -0.00000 0.00000 -0.00000 -0.00000 -0.00000 0.00000 0.30425 0.00000 0.00016 0.00000 -0.00009 -0.00000 0.00000 0.00000 -0.00000 -0.00000
-0.15876 -0.00000 0.00000 0.00621 -0.00000 0.00000 0.00000 0.00000 -0.00000 -0.00104 0.00000 -0.00000 -0.00000 -0.00000 0.00000 0.00000 -0.00000 0.00000 -0.03288 -0.00000 0.00000 0.63960 0.05637 -0.00000 0.00007 -0.00028 -0.00078 0.00000 0.00000 0.00665 0.00000 0.00026 -0.00000 0.00000 0.00000 -0.00000 0.00000 -0.00000 -0.31387 0.01400 0.00000 0.00000 0.00000 0.00000 0.00000 0.00000 -0.00000 0.00000 0.00000 0.00000
-0.00000 -0.00000 -0.00000 0.40916 -0.00000 -0.00000 0.00000 0.00000 0.00000 -0.00888 -0.00000 0.00000 0.00004 -0.00010 0.00000 0.00000 -0.00000 0.00000 -0.00000 -0.00000 -0.00000 0.00000 0.00000 0.00000 0.17892 -0.35855 -0.18412 -0.00000 0.00000 0.00000 -0.00000 0.13593 -0.00000 -0.00000 0.00000 -0.00728 0.00000 -0.23608 -0.00000 0.00000 -0.00000 0.02552 0.00000 0.00000 0.00000 0.00000 -0.00147 0.00000 0.00000 0.00000
-0.00000 0.00000 0.00000 0.00000 0.00000 0.00000 0.00770 0.00002 0.00000 0.00000 0.00000 0.00000 -0.00002 -0.00601 -0.00000 0.00000 0.00250 -0.00000 -0.00000 -0.00013 -0.00000 0.00000 0.00000 0.00000 0.17843 -0.00000 -0.00000 -0.00000 0.00002 0.00000 -0.00000 -0.00000 -0.00000 -0.00000 0.00000 0.00000 -0.07927 0.00000 -0.00000 0.00000 -0.00000 0.00000 -0.00000 0.00000 -0.00000 -0.00000 -0.00000 0.00038 0.00000 0.00000
-0.00000 -0.00000 0.00000 0.00000 -0.00005 -0.00000 0.00010 0.00131 0.00000 -0.00000 -0.00000 0.00000 0.00000 -0.00717 0.00000 -0.00002 0.00000 -0.00006 -0.00000 -0.00006 -0.00000 0.00000 0.00000 0.00000 0.17205 -0.00000 -0.00000 -0.00000 -0.00000 -0.00000 0.00000 0.00000 -0.00000 -0.00000 0.00000 -0.08190 -0.00000 -0.15451 -0.00000 0.00000 0.00000 0.17887 0.00008 0.00000 0.00000 0.00000 -0.04551 -0.00000 0.00006 -0.00000
-0.00000 -0.00000 -0.00000 0.01212 0.00000 -0.00000 0.00000 -0.00000 0.00000 -0.00000 0.00000 0.00007 0.00000 0.00004 -0.00000 -0.00000 -0.00000 0.00000 0.00038 -0.00000 0.00000 0.00000 -0.00014 -0.00009 0.05337 0.00018 0.26470 0.00000 0.00000 0.00000 -0.00000 0.00020 -0.00000 -0.00000 0.00000 0.00000 0.00000 -0.03371 -0.00000 0.00000 0.00000 0.00193 -0.00000 0.00000 0.00000 -0.00000 -0.00000 -0.00000 0.00000 0.00000
-0.00000 0.00000 0.00000 -0.00000 0.00000 0.00000 0.00000 0.00008 0.00000 -0.00000 0.00000 -0.00000 0.00005 -0.00306 0.00000 0.00000 0.00000 0.00000 -0.00010 -0.00591 -0.00000 0.00000 -0.00000 0.00000 -0.00009 -0.00000 -0.00000 -0.11759 0.00000 0.00014 0.00000 -0.00000 -0.00000 -0.00000 0.00000 -0.00005 -0.00001 -0.01095 -0.00000 -0.00000 -0.01309 0.01134 -0.00000 -0.00000 0.00000 -0.00000 -0.00023 0.00009 -0.00000 0.00000
-0.00048 -0.48851 0.00000 0.00014 0.00000 -0.00000 -0.00000 0.00000 -0.00000 -0.00000 -0.00000 -0.00000 0.00000 -0.00000 1.44976 0.00013 0.00000 0.05462 -0.00000 -0.00000 -0.00000 0.35979 0.01947 -0.00000 0.00000 -0.00012 -0.00000 -0.00000 0.11318 0.00008 0.00000 -0.00000 -0.00000 0.00000 0.00000 -0.00000 0.00000 -0.00000 -0.06549 0.00183 0.00000 0.00000 0.00000 0.03422 -0.00000 0.00000 -0.00000 -0.00000 -0.00000 0.00000
0.00000 0.00012 0.00848 -0.00000 0.00000 0.00000 -0.00904 -0.02845 0.00000 0.00000 0.00000 -0.00000 0.00000 0.09722 -0.00219 -0.00000 0.00000 -0.00135 0.00000 0.00376 -0.00000 -0.00000 -0.00000 -0.00000 -0.00000 0.00000 0.00000 0.00331 -0.00009 -0.00000 -0.00000 -0.00000 0.00000 0.00000 -0.00089 0.00000 0.00000 0.00000 0.00000 -0.00000 0.00905 -0.00000 -0.00000 -0.00009 -0.00000 -0.00000 1.50044 -0.00000 -0.03665 -0.00127
-0.00816 -0.00000 -0.00000 0.00000 0.00000 0.00000 -0.32083 0.00048 0.00000 -0.00000 0.00004 0.00000 0.00000 -0.00073 0.17345 -0.00000 -0.14326 0.00000 0.00000 -0.05159 0.00000 0.00288 0.00001 0.00000 -0.00000 -0.00000 -0.00000 0.00000 0.01680 0.00001 -0.00000 0.00000 -0.00004 -0.00000 0.02742 -0.00046 0.00000 -0.00922 -0.00000 0.00000 0.00000 0.00008 0.00019 0.00000 0.00000 0.00000 -0.00000 -0.00000 0.00000 -0.00000
0.00000 0.00000 -0.00000 -0.00000 -0.00000 -0.00000 -0.00023 -0.00169 0.00000 0.00000 -0.00000 -0.00000 -0.00000 0.00777 -0.00002 -0.00000 0.00000 0.00000 0.00000 0.00000 0.00000 -0.00000 -0.00000 -0.00000 -0.00000 0.00000 0.00000 -0.01340 -0.00000 -0.00000 -0.00000 0.00000 0.00000 0.00000 -0.00000 0.30108 -0.00000 0.00000 0.00000 -0.00000 -0.00001 -0.78589 -0.00000 -0.00000 -0.00000 0.00000 0.05056 -0.00000 0.00002 0.00000
0.03629 0.00000 0.00000 -0.05150 0.00000 -0.00000 -0.00000 -0.00000 -0.00000 0.00642 -0.00000 0.00000 -0.00000 0.00000 -0.00000 -0.00000 -0.00000 0.00000 0.02184 0.00000 0.00000 -0.00000 -1.43893 0.00000 -0.00204 0.03237 0.00808 0.00000 -0.00000 -0.05095 -0.00004 -0.00167 0.02259 -0.00000 -0.00000 0.00000 0.00000 0.00017 0.00000 -0.16489 -0.00000 -0.00000 -0.00000 -0.00000 -0.00000 -0.00000 0.00000 -0.00000 -0.00000 -0.00000
-0.00000 -0.00000 -0.00000 0.23371 -0.00000 0.00000 0.00000 0.00000 -0.00000 -0.03106 0.00000 0.00000 0.00027 -0.00000 0.00000 -0.00000 -0.00000 -0.00000 -0.00000 -0.00000 -0.00000 0.00000 0.00000 -0.00000 0.06407 -1.07571 -0.11400 0.00026 0.00000 0.28581 0.00666 0.05961 -0.00158 0.00027 0.00000 -0.00122 -0.00000 -0.03839 -0.00000 0.00000 0.00000 0.00519 0.00000 0.00000 0.00000 -0.00000 -0.00016 0.00000 -0.00000 0.00000
-0.00000 -0.00011 -0.00000 0.00000 0.00006 0.00000 0.00000 0.01082 0.00000 -0.00000 -0.00000 0.00000 0.00000 -0.03244 0.00000 0.00578 0.00000 0.00214 -0.00000 -0.00000 0.00000 -0.00001 0.00000 -0.00000 0.00000 -0.00000 0.00000 0.00000 -0.00010 0.00000 -0.00000 0.00000 0.00000 -0.00000 -0.00000 0.00000 0.00000 -0.00000 -0.00000 -0.00000 0.00000 0.00000 0.00000 0.00073 -0.00000 0.00000 -0.00000 0.00000 -0.00000 0.00000
-0.00000 -0.00000 0.00000 0.00000 -0.00000 -0.00000 0.00213 0.01366 0.00000 -0.00000 0.00000 0.00000 0.00000 -0.03969 0.00031 -0.00000 0.00000 0.00030 -0.00000 -0.00097 -0.00000 0.00000 0.00000 0.00000 0.00000 -0.00000 -0.00000 0.01093 0.00000 0.00000 0.00000 0.00000 -0.00000 0.00000 0.00016 -1.72215 -0.00000 -0.00000 -0.00000 0.00000 0.00000 0.00000 -0.00000 0.00000 -0.00000 0.00000 -0.26295 0.00000 0.00000 0.00026
-0.00000 0.00010 0.00000 0.00685 0.00000 0.00000 -0.00000 0.00121 0.00000 -0.00000 0.00000 -0.00000 0.00000 -0.01644 0.00000 -0.00004 -0.00000 -0.00009 0.00000 -0.03229 -0.00000 0.01194 0.00000 -0.00000 0.00021 0.00000 -0.00043 -0.00000 0.02326 0.00576 -0.00000 -0.00000 0.00000 0.00000 0.00023 0.00000 -0.00000 -0.00451 -0.00141 0.00220 -0.55106 0.00547 -0.00000 0.00000 0.00000 -0.00000 0.00001 -0.00000 -0.00005 -0.00000
-0.00728 -0.29665 -0.00000 0.00861 -0.00000 0.00003 0.00000 0.00000 -0.00000 -0.00026 -0.00000 -0.00000 0.00000 0.00000 0.00000 0.00000 0.00000 0.00000 -0.00085 -0.00000 0.00000 0.03696 0.00081 0.00000 0.00026 -0.00021 -0.00115 -0.00000 0.05953 0.00885 0.00000 0.00062 -0.00025 0.00000 0.00000 0.00000 -0.00000 -0.00000 -0.02070 0.01948 0.00000 0.00000 -0.00000 0.00000 0.00001 0.00012 -0.00000 0.00000 -0.00000 0.00000
-0.00005 -0.00000 -0.00000 0.01498 -0.00000 0.00000 -0.00000 0.00184 0.00000 -0.00000 -0.00000 0.00000 0.00006 -0.00891 0.00000 0.00000 0.00000 -0.00000 -0.00000 -0.01136 -0.00000 0.01068 0.00000 -0.00000 0.00054 -0.00000 -0.00035 0.00000 0.00537 0.00838 0.00000 -0.00000 0.00000 0.00000 0.00102 -0.00019 -0.00000 -0.00601 -0.00012 0.00092 0.00000 0.01406 0.00000 0.00000 -0.00000 0.00000 -0.00008 0.00005 0.00000 0.00000
0.00000 0.00000 0.00000 0.00292 -0.00000 -0.00000 -0.00000 0.00026 0.00000 -0.00000 0.00000 -0.00000 0.00000 -0.01219 0.00000 0.00000 -0.00000 0.00000 0.00006 -0.01282 -0.00000 0.01391 0.00000 0.00000 0.00035 0.00000 -0.00060 0.00000 0.01834 0.01664 -0.00000 -0.00000 0.00000 -0.00000 0.00055 -0.00029 0.00000 -0.00064 -0.00014 0.00064 0.00000 0.01388 -0.00000 -0.00001 -0.00000 -0.00000 0.00000 0.00000 0.00000 -0.00000
0.00003 0.00077 0.00326 -0.00000 0.00000 0.00000 -0.02924 -0.14119 -0.00000 0.00000 0.00000 0.00000 0.00000 0.54297 -0.01335 -0.00711 0.00237 -0.00853 0.00000 0.02290 -0.00000 -0.00003 -0.00000 -0.00000 -0.00000 0.00000 0.00000 0.01692 -0.00087 -0.00000 -0.00000 -0.00000 0.00000 -0.00000 -0.00537 0.00000 0.00000 0.00000 0.00000 -0.00000 0.01011 -0.00000 -0.00000 -0.00068 -0.00000 -0.00000 0.00000 -0.00000 -0.06621 -0.00749
0.00000 -0.00000 0.00487 0.00429 -0.00000 0.00000 0.00000 0.01032 -0.00000 -0.00000 0.00010 0.00000 0.63887 -0.37913 0.00000 0.00000 -0.00000 0.00000 -0.01178 -0.01692 -0.00000 0.00960 0.00000 -0.00000 0.00960 -0.00107 -0.00758 0.06009 0.00063 0.01277 -0.00001 0.00079 0.00000 0.00000 -0.00000 0.56826 -0.00000 -0.01596 -0.00225 0.00106 0.01681 0.01129 -0.00000 0.00000 -0.00000 0.00000 0.03615 0.00000 -0.36935 0.00000
-0.00131 -0.01036 -0.00704 0.00000 -0.00022 0.00000 0.00000 0.00009 -0.00001 0.00000 -0.00034 0.00000 -0.00000 -0.00000 0.00034 -0.00000 0.00000 0.00378 0.00000 -0.04068 0.00000 0.01080 -0.00000 -0.00000 0.00000 0.00000 -0.00000 -0.01593 0.01784 0.00000 0.00000 -0.00000 0.00000 -0.00000 0.01795 -0.00000 0.00000 -0.00000 -0.00076 0.00000 -0.01552 0.00000 0.00000 0.00005 0.00000 -0.00000 -0.00000 -0.00000 0.00000 0.00000
-0.02000 -0.00000 -0.00000 0.00029 -0.00000 0.00000 0.00000 0.00000 -0.00000 -0.00000 0.00000 0.00002 0.00000 -0.00000 -0.88641 0.00000 0.00000 0.00000 -0.00000 -0.07157 0.00000 0.03827 0.00000 -0.00000 0.00000 0.00000 -0.00000 0.00000 0.11343 0.00052 0.00000 0.00000 -0.00000 -0.00000 0.04662 0.00000 -0.00000 -0.00000 -0.00000 0.00053 0.00000 0.00000 0.00000 -0.00000 -0.00002 0.00000 -0.00000 0.00000 0.00000 -0.00000
