0.00000 0.00000 -0.00000 -0.00020 0.02260 0.00000 0.00000 -0.01411 -0.00000 -0.00000 -0.00001 -0.16026 0.00000 0.22819 0.00005 0.00000 -0.08439 -0.00001 -0.22099 -0.00000 -0.00000 -0.00001 0.00001 0.05008 0.00000 0.00002 0.00427 -0.00000 -0.00000 -0.00000
0.09514 0.00000 0.00749 0.04518 0.06221 0.05062 0.09090 -0.01702 -0.12999 -0.45701 -0.00883 -0.08348 -1.36972 -0.03519 0.03882 0.06792 -0.03013 -0.09456 -0.05700 -0.06875 -0.15987 -0.00648 0.09167 0.01719 0.09460 -0.14964 -0.00700 0.03576 -0.38520 -0.31415
0.11064 -0.00002 0.00000 -0.11362 0.02208 0.12231 -0.00003 -0.10368 0.00000 0.13215 -0.02362 0.08085 0.16825 -0.92166 0.17498 0.06071 -0.15647 -0.05512 0.27110 -0.05839 -0.12925 0.02028 -0.00027 -0.15090 0.20861 -0.20367 0.04933 -0.10032 1.23248 -0.01085
0.00128 0.00000 -0.00000 0.00000 0.00030 0.00000 0.00004 -0.00001 -0.00000 -0.00018 -0.00001 -0.00095 0.09203 0.00029 -0.01638 0.00000 -0.00016 0.00000 -0.00004 -0.00000 -0.00002 -0.71370 0.00000 0.00001 0.00092 -0.04296 0.00000 -0.03488 -0.01598 -0.00306
0.00000 0.00000 -0.00000 0.00034 0.00000 0.00000 0.00000 -0.02774 -0.00000 -0.00000 -0.00001 -0.00000 0.00026 -0.00000 0.00069 0.00000 -0.00000 -0.00000 -0.08574 -0.00000 -0.00001 -0.00019 0.00001 0.14401 0.00000 0.00000 0.01228 -0.00014 0.00000 -0.00004
0.01793 -0.00000 0.00000 -0.14331 0.02380 0.00000 0.00000 1.35129 -0.00000 0.24293 -0.03305 -0.26235 0.32821 0.20485 0.23678 0.05370 -0.39768 -0.08780 -0.45763 -0.07986 -0.09264 0.01473 0.00000 0.01860 0.13965 -0.11105 -0.06411 -0.10241 -0.09110 0.52984
0.01624 -0.00000 -0.05210 0.00686 -0.01354 0.22867 0.00000 0.02376 -0.00000 -0.38849 0.00097 0.11171 -0.04166 -0.18385 -0.03420 -0.00927 0.24213 0.00249 0.29089 0.01179 0.01793 0.00999 -0.00000 0.05627 -0.05540 0.02136 -0.01616 0.00651 0.01495 0.02811
-0.00001 -0.00000 0.00000 0.01370 0.00000 0.00000 0.00000 0.00000 0.00000 0.00004 0.00000 -0.00000 0.00407 -0.00000 0.00605 0.00000 -0.00000 0.00000 0.00000 0.00000 0.00002 -0.00021 -0.00001 -0.00000 -0.00001 -0.00009 -0.99529 -0.00019 0.00083 -0.00008
0.16704 -0.00000 -0.18231 -1.43475 0.09179 -0.95469 -2.90104 -0.27790 0.00000 0.10998 -0.10413 -0.03589 -1.17594 -1.59810 0.26849 0.11827 -0.37029 -0.24480 0.22205 -0.18694 -0.15235 0.01451 -0.00001 -0.16308 0.41131 0.10564 0.15905 -0.13054 -0.38531 -0.34020
-1.56603 -0.00000 0.00000 -0.00015 0.00723 -0.00000 -0.00000 -0.00596 0.00000 -0.00000 0.00000 0.05261 -0.00001 -0.37620 -0.00007 -0.00001 0.15425 0.00001 0.16728 -0.00000 0.00000 -0.00000 -0.00002 -0.01648 -0.13568 0.10013 0.00155 0.00001 0.00000 0.00000
0.00735 -0.00001 0.00000 -0.00209 -0.01582 -0.00000 0.00029 -0.02241 0.00000 -0.00510 0.00000 0.03673 -0.00626 0.08792 -0.03862 0.43633 -0.00817 0.00000 -0.00032 0.00025 -0.02456 0.00097 -0.00001 -0.00962 0.00144 -0.00103 0.01203 0.02532 0.01771 0.01122
-0.00000 -0.00000 0.00000 -0.00146 -1.89442 0.00000 -0.00000 0.05905 0.00000 -0.00000 0.00001 -0.00000 -0.00005 0.00000 -0.00040 -0.00001 0.00000 0.00000 0.77021 0.00000 0.00001 -0.00004 -0.00001 -0.05679 -0.00000 -0.00001 -0.00438 0.00004 0.00002 0.00001
0.01630 -0.00000 0.00000 -0.00000 0.00766 0.00000 0.00001 -0.00008 -0.00000 -0.05235 0.00000 -0.00440 0.00000 -0.00445 -0.00000 0.00000 -0.00410 -0.00000 -0.00365 -0.00000 -0.00000 -0.00000 0.00000 0.00005 0.02066 -0.05080 0.00001 -1.73085 -0.18041 -0.14756
-0.00000 -0.00000 -0.00000 0.00097 -0.01845 -0.00000 0.00000 -0.02684 -0.00000 0.00000 0.00000 0.27453 -0.00008 0.00000 -0.00045 -0.00000 -0.00010 0.00000 -0.45822 0.00000 0.00000 -0.00009 0.00000 0.18365 -0.00000 0.00000 0.00512 0.00003 -0.00002 -0.00000
0.00063 -0.00000 0.00000 0.00001 -0.00107 0.00000 0.00000 0.00001 0.00000 -0.00625 -0.00000 0.00289 0.20638 0.00016 0.00000 -0.00000 0.00036 0.00000 0.00030 0.00000 0.00000 -0.00000 -0.00000 -0.00000 -0.00008 -0.02656 -0.00000 -0.05649 -0.12296 -0.05070
0.04778 0.00001 0.00000 0.06474 0.05764 -0.00001 -0.00071 -0.03193 0.00001 -0.11726 0.00000 -0.07858 0.49360 -0.11318 -1.16242 0.00000 -0.01951 0.00000 -0.04256 -0.20453 -0.20886 -0.01288 -0.00003 0.05249 0.02867 -0.05676 -0.01100 -0.18027 -0.29687 -0.12310
-0.00000 -0.00000 0.00000 -0.00067 0.02047 -0.00000 0.00000 -0.02320 0.00000 0.00000 0.00001 0.06542 -0.00004 0.02772 -0.00001 -0.00000 0.00000 -0.00001 0.62086 0.00000 0.00000 -0.00006 -0.00000 0.15412 -0.00000 -0.00001 0.02289 -0.00001 0.00000 0.00001
0.02437 -0.00000 0.00000 0.04087 -0.00526 -0.00000 -0.00002 -0.10862 0.00000 -0.04269 1.61643 0.53676 0.05166 2.87444 0.06529 -0.69146 -0.00086 -0.00000 -0.15022 -0.10557 -0.07501 -0.01853 -0.00000 0.00833 0.02685 -0.02408 0.02643 -0.05328 -0.04139 -0.00379
0.00000 -0.00000 0.00000 0.00012 -0.00001 0.00000 -0.00000 0.00546 0.00000 0.00000 0.00001 0.00000 -0.00018 -0.00000 0.00005 -0.00001 0.00000 0.00000 0.00000 -0.00000 -0.00000 0.00025 -0.00001 -0.35931 -0.00000 0.00002 -0.01287 0.00021 0.00003 -0.00000
0.24447 0.00000 0.00000 -0.13175 0.01600 -0.00000 -0.00005 0.84809 0.00000 -0.38393 -0.00000 0.21725 -1.97940 2.75934 1.90683 -0.00000 -0.18803 0.00000 -0.16786 -0.00000 0.00000 0.00208 -0.00000 0.02716 -0.47975 -0.09091 -0.04664 0.13999 -0.03271 -0.09668
-0.01627 -0.00000 0.00000 0.01767 0.02317 -0.00000 0.00002 0.03779 0.00000 -0.36602 -0.00000 0.16102 -1.74493 0.06906 0.03009 -0.00000 0.09459 0.00000 0.00807 0.23324 0.00000 -0.00014 -0.00000 -0.01260 0.54051 -0.16237 -0.01361 0.14059 -0.34157 -0.28308
0.00441 -0.00001 0.00000 -0.00000 0.00833 0.00000 -0.00018 -0.00007 0.00000 -0.02416 -0.00017 -0.00946 0.09715 -0.01074 0.03115 -0.00004 -0.00419 -0.00011 -0.00278 0.00001 0.00028 0.00000 -0.00003 0.00027 0.00516 -0.01425 -0.00000 -0.03324 -0.04960 -0.02431
0.03204 -0.00000 0.00125 0.04437 0.03477 0.07608 0.08487 -0.02185 -0.15211 -0.05511 -0.02584 -0.04453 0.08556 0.03320 0.05747 0.06012 -0.02600 -0.10726 -0.04318 -0.09776 -0.11702 0.00896 0.00000 0.01904 0.00954 -0.03550 0.00332 -0.05491 -0.03937 -0.00434
0.00000 -0.00000 -0.00000 0.00538 0.00000 -0.00000 0.00001 -1.22777 -0.00000 -0.00001 -0.00003 -0.00000 0.00049 0.00000 0.00553 0.00000 0.00000 -0.00000 -0.00000 -0.00000 -0.00000 -0.00042 0.00001 0.00000 -0.00000 -0.00002 0.11257 -0.00042 -0.00009 -0.00014
0.19949 -0.00000 -0.00000 -0.00026 0.04887 -0.00000 0.00000 -0.03612 0.00000 -0.00000 -0.00001 -0.44232 -0.00020 -0.18203 0.00066 -0.00001 -0.22793 0.00002 -0.09211 -0.00000 -0.00000 -0.00004 -0.00002 0.03122 0.00000 -0.00000 0.00779 -0.00009 0.00000 -0.00007
0.00162 -0.00000 0.00000 -0.00002 0.02088 -0.00001 0.00001 -0.00720 0.00000 0.00001 -0.00002 0.01987 -0.00002 -0.06957 0.00007 -0.00001 -0.01056 -0.00003 0.03448 0.00001 0.00000 -0.00000 -0.00005 0.00878 -0.04962 0.00000 0.00005 -0.00005 0.00001 -0.00006
0.00003 0.00000 -0.00001 -0.04911 0.00000 -0.00000 -0.00000 -0.00000 0.00000 -0.00012 -0.00002 -0.00001 0.01977 0.00001 0.05884 0.00000 -0.00000 -0.00000 -0.00000 -0.00000 -0.00003 0.00360 0.00001 0.00000 0.00002 -0.00029 0.00000 -0.00679 -0.00129 -0.00093
-0.01391 0.00000 0.00000 -0.00000 -0.00714 -0.00000 -0.00002 0.00012 0.00000 0.08558 -0.00000 0.00863 -0.00000 0.01213 -0.00000 -0.00000 0.00241 0.00000 0.00716 0.00000 0.00000 0.00000 -0.00000 -0.00004 -0.01380 0.01999 -0.00006 0.00000 -0.00005 0.00020
-0.04426 -0.00000 0.00000 -0.00002 0.00095 -0.00000 -0.00004 -0.00079 0.00000 0.17742 0.00000 0.03111 -0.00001 -0.02199 0.00000 -0.00000 0.01321 0.00000 0.01801 0.00000 0.00000 -0.00000 -0.00003 0.00281 -0.04869 0.04188 0.00016 0.02311 0.00000 -0.00000
0.00397 -0.00000 0.00000 0.00005 0.01591 0.00000 0.00001 -0.00294 0.00000 0.08195 -0.00000 -0.01473 -0.00000 0.01123 -0.00000 -0.00000 0.00415 0.00001 -0.03511 0.00000 0.00000 -0.00000 -0.00001 0.00847 -0.00286 -0.00234 0.00027 -0.01473 0.04227 0.00000
