0.00293 0.16495 0.15354 0.21004 0.11638 0.11077 0.18156 0.16912 0.14628 0.14432 0.10810 0.01610 0.18849 0.14619 0.15756 0.12667 0.07527 0.07151 0.17093 0.18899
0.08383 0.00119 0.13517 0.13154 0.11492 0.09449 0.14586 0.13013 0.12627 0.13477 0.16005 0.20511 0.12155 0.15796 0.14097 0.16439 0.14081 0.10069 0.15246 0.07506
0.06335 0.15041 0.00116 0.16675 0.10812 0.06645 0.14889 0.14366 0.12438 0.10818 -0.26540 0.07946 0.11751 0.07645 0.13211 0.10270 0.08074 0.09410 0.11501 0.25655
-0.04100 -0.02385 -0.05406 -0.00168 0.05880 -0.10748 0.01410 0.11557 -0.02525 0.06749 -0.13802 -0.09994 0.04176 -0.05325 0.08740 -0.00064 -0.18517 -0.04478 0.01262 0.03309
0.08446 0.11953 0.13519 0.19484 0.00074 0.08789 0.13070 0.12962 0.13330 0.12620 0.14046 0.11265 0.17191 0.17599 0.14207 0.15066 0.10452 0.22428 0.15477 0.10911
0.06570 0.13673 0.13300 0.14595 0.15565 0.00054 0.11214 0.08913 0.10800 0.10979 0.17550 0.12162 0.14449 0.17834 0.12715 0.12345 0.13899 0.06359 0.11178 0.08398
0.08687 0.14575 0.14868 0.15900 0.14728 0.13260 -0.00149 0.12356 0.12765 0.12607 0.12539 -0.08441 0.20729 0.17325 0.14682 0.14669 0.13939 0.09765 0.14736 0.09530
-0.07424 -0.05099 -0.09067 0.14279 0.01260 -0.08051 0.06488 0.00065 -0.03829 0.07742 -0.15148 -0.13328 0.05096 -0.09687 0.08822 -0.00821 -0.20276 -0.11598 0.02129 0.08253
0.05301 0.13370 0.14028 0.15996 0.16020 0.21429 0.11657 0.12514 -0.00190 0.10497 0.14220 0.15879 0.13399 0.17812 0.12701 0.13084 0.13809 0.12572 0.10495 0.09097
0.07694 0.11704 0.11877 0.13530 0.14696 0.13367 0.11015 0.13090 0.10894 0.00184 0.20736 -0.06097 0.12996 0.14223 0.07772 0.11735 0.13338 0.12741 0.12101 0.07047
-0.28200 -0.17326 -0.25144 -0.21570 -0.24390 -0.12168 -0.17045 -0.22548 -0.02189 -0.11791 -0.00180 0.01587 -0.18442 -0.11360 -0.15961 -0.02526 0.03956 -0.07798 -0.08898 -0.17026
-0.32651 -0.08492 -0.25224 -0.29906 -0.25344 -0.17041 -0.08568 -0.24352 -0.13110 -0.10573 -0.12423 -0.00008 -0.21174 -0.17167 -0.12378 -0.11090 -0.08092 -0.05370 -0.09021 -0.10819
-0.05734 0.01828 0.03829 -0.01944 0.05070 -0.03877 0.02815 -0.01272 0.01164 -0.01494 0.03200 -0.14125 -0.00350 0.05673 0.02936 -0.01311 0.12625 0.02710 -0.04254 0.02235
0.04885 0.13616 0.11018 0.10460 0.08917 0.18688 0.09205 0.08273 0.09434 0.08968 0.18896 0.17332 0.10175 -0.00168 0.01178 0.09513 0.10907 0.12919 0.08716 0.08805
0.04516 0.13281 0.11370 0.12324 0.09685 0.10594 0.10400 0.11921 0.07229 0.07066 0.11139 0.23791 0.08372 0.08450 -0.00001 0.08704 -0.03473 0.10374 0.05383 0.14878
0.08322 0.12890 0.12155 0.13782 0.17575 0.13121 0.10469 0.10290 0.09283 0.08681 0.16995 0.18532 0.13514 0.15151 0.13466 -0.00244 0.15430 0.11291 0.13900 0.10008
-0.28299 -0.06973 -0.15564 -0.22635 -0.25748 -0.19218 -0.11041 -0.19312 -0.03648 -0.16243 -0.01661 0.04031 -0.03737 -0.20839 -0.25174 -0.17909 -0.00135 -0.10995 -0.02353 -0.02092
-0.10978 -0.20124 -0.04055 0.08926 0.10888 0.08184 -0.02213 -0.07385 -0.02188 -0.07484 0.13345 0.15427 -0.20470 -0.01074 0.00399 -0.04190 -0.06918 -0.00084 -0.04830 -0.19548
0.08858 0.13803 0.14008 0.14285 0.15134 0.16431 0.12609 0.11787 0.11940 0.12734 0.13574 0.12124 0.16509 0.16316 0.10590 0.12063 0.17323 0.14172 0.00001 0.09634
-0.21889 0.08040 0.02243 -0.12928 0.00530 0.02960 -0.00719 0.00571 -0.06504 -0.05055 -0.20763 -0.14296 -0.03268 -0.06899 0.02541 -0.06864 0.01483 -0.07020 -0.00846 -0.00280
