0.00000 -0.10823 -0.00000 -0.00162 -0.00000 -0.00004 -0.52202 -0.36777 -0.95346 -0.00011
-0.00001 -0.00000 0.00000 -0.39655 0.00007 -0.00051 0.00000 1.03165 -0.94731 -0.01805
-0.71230 -0.01894 0.00000 -0.00045 -0.00000 -0.00002 0.07689 -0.48673 -0.48114 0.00001
0.00005 -0.00000 -0.00026 -0.00000 -0.00022 -0.01759 0.00000 -0.12245 0.89246 -0.42439
0.25909 -0.00061 -0.39773 -0.00007 -0.00000 -0.00000 0.00160 -0.12066 -0.30976 0.00001
0.00770 -0.00007 -0.04371 0.00000 -0.42391 -0.00000 0.00030 -0.10759 -0.28319 0.00000
-0.00000 -0.31542 0.00000 -0.04458 -0.00002 0.00009 -0.00000 -0.17020 -0.45873 -0.00086
-0.00000 -0.00000 0.00000 -0.00001 -0.00000 -0.00002 0.00000 -0.00000 2.37744 0.00001
0.00000 -0.00000 0.00000 -0.00000 -0.00000 -0.00000 0.00000 -0.00000 -0.00000 0.00000
0.00028 -0.00001 -0.00092 0.00000 -0.01767 -0.42519 -0.00002 -0.10171 -0.27809 0.00000
