0.00001 0.07400 -0.00009 0.00741 -0.00103 0.00040 0.00030 0.00183 0.00269 0.02201 -0.00079 0.01123 0.08346 -0.03904 0.00073 0.00180 -0.00008 -0.00324 -0.00073 -0.00076 -0.00379 0.00422 0.00021 0.00403 0.00191 -0.00002 0.02693 0.00150 -0.00212 1.02820 -0.00489 -0.00096 0.00764 0.06557 0.01562 0.01170 0.00120 0.10084 -0.00068 0.12694 0.00210 0.03288 0.11688 -0.00041 0.01058 0.00577 -0.00096 0.01380 0.12658 0.09281
0.00153 0.00043 -0.07111 0.00155 0.31963 -0.00122 -0.00145 0.00804 0.02130 0.00216 0.00050 0.03186 -0.00012 -0.00118 0.01594 -0.00066 3.13145 0.00249 0.00924 -0.00320 -0.02187 -0.00343 -0.00208 0.00220 0.01035 -0.00133 0.00504 0.00349 -0.00200 -0.01334 0.00557 0.00000 -0.00028 -0.00132 -0.00086 0.72737 -0.00417 0.00712 -0.00362 0.00073 0.01501 0.01111 0.00394 -0.00017 0.01074 0.01096 0.01553 0.04882 0.00815 0.00053
0.01645 0.00683 0.00101 0.70325 -0.00095 -0.00079 -0.00978 0.00062 0.00203 0.00555 -0.00111 0.02052 -0.00063 0.15118 -0.00093 0.00394 -0.00108 -0.00162 -0.31596 0.00101 -0.18419 0.00028 -0.00042 -0.00379 0.00003 -0.00107 -0.00180 0.00782 0.00072 0.06073 -0.00414 -0.00026 0.00033 0.00283 0.00170 0.00238 1.67381 0.00286 -0.00931 0.00238 0.00044 -0.00082 0.00399 0.00006 -0.00144 0.00064 0.00026 0.00244 0.01251 -0.00045
0.01469 -0.00510 0.00085 -0.00049 -0.00292 -0.00050 -0.00524 0.00559 0.00089 0.00398 -0.00144 0.00087 -0.00236 0.18459 -0.01594 0.00898 0.00543 -0.00166 0.12712 0.00091 -0.27140 0.00251 0.00002 -0.00501 0.00368 -0.00142 0.00688 0.01749 0.00008 0.00004 0.01135 -0.00005 0.00024 0.00552 0.00132 0.00864 -0.00076 0.00400 -0.06371 0.00854 -0.00135 -0.00122 0.02103 -0.00057 -0.00145 -0.00060 0.00006 0.00311 0.02103 -0.00044
0.02450 0.00132 0.01238 0.00091 0.00000 -0.00048 -0.00178 0.18071 0.01135 0.00344 0.00013 0.06001 -0.00893 -0.00528 0.00267 0.01400 0.00055 0.00037 -0.08413 0.00007 0.25328 -0.00667 0.02254 -0.00593 0.18266 -0.00008 0.00237 0.01445 0.00086 -0.01337 -0.04307 -0.00336 -0.00000 -0.00193 0.00012 0.00025 0.00187 0.00392 -0.03011 0.00199 0.05249 0.00230 0.00581 0.00073 0.00032 0.00428 0.08313 0.00521 0.01748 0.00123
-0.00038 -0.23789 -0.34251 0.42369 0.18864 -0.00015 -0.08725 0.03414 0.06879 0.03801 0.25717 0.02107 0.03542 -0.02101 0.04541 0.03317 0.00011 0.74405 -0.01994 0.21178 -0.00047 0.00087 0.00238 -0.04681 0.02826 0.04627 0.12624 0.10084 0.18894 -0.01568 -0.11809 0.08586 0.00956 0.00736 0.00069 0.09934 0.00389 0.00576 0.25677 0.00892 0.00574 0.00206 0.02155 -0.00044 0.00148 0.00447 0.00783 0.00066 0.01712 0.00050
-0.00011 -0.00961 -0.05397 0.05192 0.31411 0.00246 0.00001 0.00221 0.01611 0.38026 0.00029 0.63587 0.20161 -0.05375 0.19617 0.00329 0.00029 0.00219 0.02747 0.35221 -0.23385 0.00059 -0.00256 -0.02713 0.48115 -0.00458 -0.00080 0.00599 0.00366 -0.01780 -0.11977 0.00949 0.00171 0.07317 0.04185 0.00328 0.00380 -0.00431 0.06829 -0.00126 0.00561 -0.00476 -0.03366 0.00582 0.00289 -0.00679 0.02648 0.02392 -0.00541 0.01626
0.00713 0.00619 0.00515 -0.00289 0.00081 0.00028 -0.00244 -0.00070 0.00199 0.00519 0.00054 -0.00011 0.00348 -0.00484 0.16659 0.00059 0.00050 0.00040 0.52030 0.00248 1.24556 0.00009 1.16927 -0.07391 0.00004 -0.00026 0.00234 0.05840 0.00058 -0.37286 -0.04726 0.00081 0.00000 -0.00479 0.00176 0.00088 -0.00021 0.01987 -0.00319 0.00807 0.06103 0.00724 0.01196 0.00960 0.00360 0.00340 0.00100 0.02539 0.04195 0.00094
0.03556 -0.00174 -0.13069 0.19200 0.01662 -0.00001 0.06529 0.07431 -0.00041 0.00375 0.00160 0.01464 0.02771 -0.14816 0.20137 0.01654 0.00231 -0.00248 -0.16327 0.02292 -0.07802 0.00229 -0.00306 -0.06431 0.00522 0.00709 0.00253 0.20260 0.00007 -0.00121 0.00121 0.01721 0.00743 0.00024 0.00090 0.00667 0.00556 0.00447 0.10891 0.00756 0.07012 0.00211 0.01852 0.00681 0.00215 0.00775 0.00027 0.00282 0.02284 0.00448
-0.00078 -0.07196 -0.07346 0.06871 0.04635 0.00334 -0.00336 0.04102 -0.01147 -0.00017 0.00049 0.87413 0.00002 -0.00362 0.01293 0.00097 -0.01668 -0.00092 -0.04178 0.00249 0.00355 -0.00062 -0.00085 -0.05433 0.03734 0.00020 0.00058 0.00952 0.00014 0.04038 -0.04958 0.00121 0.00767 0.26199 0.16396 0.00788 0.02094 0.00079 0.00942 0.00086 0.01777 -0.00016 -0.00020 0.01233 0.00963 0.00005 0.00815 0.05433 0.00053 0.00119
0.22561 -0.05664 -0.04123 -0.00222 0.50437 0.00004 -0.07626 0.13250 0.08790 0.34167 0.00014 0.04885 0.22604 -0.00881 0.10406 0.16284 -0.00026 -0.00029 -0.24854 0.42906 0.00203 -0.00322 0.47874 -0.05008 0.03809 0.16232 1.12928 0.66842 0.90218 -0.02730 -0.02976 0.25559 0.00732 0.06927 0.01372 0.00683 0.00100 0.19346 0.24316 0.05340 0.03211 0.00761 0.00914 0.00069 0.00222 0.00383 0.06202 0.00152 0.06506 0.00059
-0.00006 -0.00938 -0.00791 0.12094 0.00101 0.00433 -0.00242 0.05353 0.01357 -0.00046 0.00033 -0.00007 -0.00049 -0.04916 0.04536 0.00072 0.00165 0.00165 -0.04584 0.00641 -0.04605 0.00077 0.00043 -0.10123 0.10074 -0.00085 -0.00309 0.01564 0.00223 0.03600 0.00547 0.00036 0.00503 0.01525 0.09588 0.00505 0.03330 -0.00003 0.01496 0.00009 0.03378 -0.00375 -0.00307 0.01620 0.00672 -0.00484 0.01090 0.07860 -0.00032 0.00286
0.00095 -0.09130 -0.04576 0.04109 0.01880 0.00147 -0.00134 0.00305 0.00576 0.23479 0.00092 0.09053 0.00014 -0.03165 0.01003 0.01909 -0.00632 -0.00171 -0.00170 -0.00043 -0.01237 0.00328 -0.00397 -0.03095 0.00772 0.00052 -0.00115 0.00338 -0.00004 -0.01405 -0.00707 0.00072 0.00475 0.43482 0.25525 0.01959 0.01288 0.00310 0.00085 0.00228 0.01162 0.00189 0.00170 0.00809 0.01827 0.00195 0.00205 0.05980 0.00211 0.00156
0.00411 -0.12332 0.00789 -0.00389 0.12353 -0.00400 -0.00565 0.04171 0.00215 0.01307 0.00108 0.00188 -0.00264 -0.00056 0.06204 0.02882 0.01493 -0.00132 -0.04512 0.04711 -0.10043 0.00223 -0.00081 -0.01285 0.02110 0.01599 0.06274 0.00207 -0.00078 0.10535 -0.02071 0.01035 0.02893 -0.00696 0.01149 0.04953 -0.00102 0.00827 -0.13154 0.01061 0.02679 0.01150 0.00622 -0.00358 -0.00055 0.05073 0.00301 0.00214 0.00172 0.04161
0.05431 -0.00917 -0.03147 -0.00398 0.00025 0.00654 -0.00194 0.00065 0.00094 0.00877 0.00102 0.00415 0.00953 -0.00889 -0.00025 0.00111 -0.00046 0.00113 -0.00201 0.01051 1.39384 -0.00067 0.00076 -0.01850 -0.00021 -0.00024 -0.00136 -0.00095 0.00411 -0.01607 -0.01000 0.00192 -0.00007 -0.00012 0.00388 0.00440 0.00013 0.00077 -0.00130 0.00189 0.26619 -0.00032 0.05153 0.04103 0.00354 -0.00067 0.00367 0.02401 0.07353 0.01590
0.01839 0.04841 0.00513 0.01144 0.00103 0.00171 -0.04859 0.18670 0.00063 0.11889 -0.00010 0.02672 0.00348 0.01444 0.01996 0.00007 -0.00625 -0.00287 -0.04581 0.00366 0.08920 0.00001 0.05197 0.02223 0.16208 0.00064 0.00173 0.01725 -0.00028 -0.00935 -0.00680 0.00071 0.00060 0.18255 0.00523 0.00511 0.00057 0.00391 0.00231 0.00936 0.03222 0.00378 0.02289 0.00920 0.00074 0.00452 0.04356 0.00013 0.03794 -0.00012
0.00122 0.00016 0.03983 0.00001 0.18055 -0.00051 -0.00593 0.00851 0.02353 0.00100 0.00054 0.03908 -0.00068 0.00551 0.00881 -0.00147 0.00018 0.00571 -0.00862 -0.00536 -0.01368 -0.00666 -0.00398 -0.00892 0.00794 -0.00230 0.00755 0.00205 -0.00293 0.03794 0.00457 -0.00057 -0.00208 -0.00091 -0.00191 0.00136 -0.02497 0.00752 -0.00725 -0.00282 0.01015 0.01168 0.01370 -0.00173 0.00517 0.01147 0.01404 0.03028 0.01122 -0.00070
0.00199 0.01016 -0.07708 -0.00579 0.09493 -0.00034 -0.10546 0.09208 0.07527 0.08361 0.62562 0.01478 0.10912 -0.02385 0.03820 0.08990 0.00002 0.00013 -0.02558 0.25421 -0.00007 -0.00694 0.24213 -0.24125 0.02477 0.04907 0.22142 0.18914 0.82221 -0.01301 -0.04250 0.11670 0.00659 0.00391 0.00455 0.04884 0.00159 0.01494 0.12284 0.02155 0.00790 0.00477 0.01634 -0.00040 0.00086 0.00384 0.01384 0.00046 0.03142 0.00159
1.02657 0.08941 -0.00013 0.00520 -0.00038 -0.00036 -0.00188 0.00101 0.00192 0.01823 -0.00074 0.00593 0.08092 -0.02842 -0.00034 0.00087 -0.00771 -0.00296 0.00085 -0.00035 -0.00384 0.00201 0.00000 -0.06295 0.00148 0.00021 0.01819 0.00141 -0.00109 2.89085 -0.01041 -0.00105 0.00472 0.04042 0.00975 0.00668 0.00104 0.02127 -0.00075 0.15623 0.00173 0.01898 0.16625 -0.00063 0.00425 0.02025 -0.00096 0.00834 0.15683 0.05827
0.08324 -0.01314 -0.12867 -0.00198 0.21208 0.00026 -0.00118 0.06636 0.00594 0.14156 0.00039 0.01486 0.42522 0.00360 0.00185 0.07959 -0.00647 -0.00002 -0.06286 0.00003 0.96556 -0.00051 0.08807 -0.01618 0.10547 -0.00010 -0.00066 -0.00090 0.00024 -0.01702 -0.01516 0.34464 0.00013 0.17495 0.04366 0.00500 0.00016 0.00056 0.00192 0.03460 0.07010 -0.00101 0.03918 0.00321 0.00297 -0.00121 0.02598 0.01058 0.01950 0.03937
0.07089 0.00688 -0.00191 -0.00107 0.00020 0.00094 -0.00154 0.00029 0.00071 -0.00346 0.00082 -0.00109 -0.00703 -0.00386 0.00021 0.00084 0.00463 0.00121 -0.21024 0.00101 0.00109 0.00006 0.00003 -0.01480 -0.00012 -0.00037 -0.00290 -0.00138 0.00022 -0.03847 -0.01333 0.00084 0.00017 -0.00713 0.00315 0.00167 -0.00035 0.00818 -0.00240 0.06812 0.20195 -0.00121 0.25174 0.00522 0.00142 0.00086 0.00121 0.00634 0.05440 0.02002
0.00984 0.02114 -0.02323 0.02055 0.01223 0.00178 -0.13177 0.24260 0.01435 0.29628 -0.00026 0.20538 0.13918 -0.06183 0.38159 1.16469 -0.00040 -0.00747 -0.04816 0.45043 -0.31701 0.00032 -0.22879 -0.00884 0.07490 0.20964 0.21750 0.35064 -0.00028 0.01343 -0.08490 0.31258 0.00033 0.14130 0.00903 0.02595 0.00204 0.00971 0.69809 0.00460 0.10354 0.01591 -0.00046 0.20803 0.00165 0.00270 0.34639 0.00339 0.00389 0.00288
0.00769 0.03226 0.32389 -0.16965 0.00033 0.00033 -0.00710 -0.00004 -0.00443 0.00226 0.00027 -0.00072 0.00094 -0.00324 0.16709 0.00108 -0.00004 0.00033 0.24322 0.00235 1.67399 0.00070 -0.00015 -0.00953 0.00006 -0.00019 -0.00537 0.11680 0.00020 0.31243 -0.04622 0.00089 0.00040 -0.00236 0.00985 0.00251 -0.01820 0.00102 -0.00368 0.00428 0.07266 -0.00000 -0.00003 0.00415 0.00219 0.00179 0.00034 0.02103 0.00274 0.00165
0.00361 -0.00909 -0.03086 0.02924 0.00723 0.00121 -0.00540 0.00766 0.00696 -0.00555 -0.00441 0.00170 -0.00513 -0.04135 -0.00158 0.01174 -0.00782 -0.00080 -0.00949 0.01572 -0.00065 -0.00699 0.01841 0.00040 0.01152 -0.00087 -0.00619 0.00458 0.00186 0.02200 -0.01557 0.00811 0.29572 0.00174 -0.00022 0.00896 0.00370 0.00387 -0.00563 0.00080 -0.00634 0.00422 -0.00438 0.00523 0.05957 0.01041 0.00958 -0.20512 -0.00178 0.00036
0.00185 0.00867 0.10553 -0.00648 0.00114 0.00326 -0.00014 0.22867 0.02737 0.00608 0.00062 -0.00016 0.02614 0.00195 0.24490 0.00097 0.00053 0.00391 0.21986 0.00307 0.62213 0.00197 0.38501 -0.01033 0.00021 -0.00058 -0.00209 0.02604 0.00545 -0.02250 -0.12406 -0.00029 0.00071 0.00063 0.00999 0.00393 -0.00044 -0.00122 0.00223 0.00032 0.05907 -0.00665 -0.00342 0.03021 0.00345 -0.00490 0.43243 0.03620 -0.00094 0.03186
0.03340 -0.02421 -0.22859 0.09478 0.40206 0.00238 -0.08692 0.47301 0.00115 0.23177 0.00026 0.26483 0.15625 -0.00054 0.25060 0.08120 -0.00023 -0.00318 -0.29593 0.25061 -0.19715 0.00182 0.00159 -0.01715 0.14025 0.00012 0.00248 0.45100 0.00022 -0.01182 0.00224 0.73925 0.00086 0.34787 0.07848 0.01085 0.00085 0.08772 0.36658 0.12596 0.33309 0.31032 0.00269 0.01773 0.01089 0.31474 0.50543 0.00325 0.10559 0.00457
0.00588 0.02912 0.01761 -0.01385 0.01765 -0.00005 -0.12346 0.04166 0.03185 0.21713 0.00008 0.04726 0.22748 0.01566 0.10739 0.07460 -0.00100 -0.00065 -0.00678 0.26164 0.05083 0.00147 0.00428 -0.05925 0.04710 0.10169 0.00061 0.01211 0.00022 -0.02859 -0.09621 0.09521 0.00491 0.00199 0.00062 0.01323 0.00071 0.18518 0.00179 0.03657 0.03210 0.02693 0.15291 0.00025 0.00293 0.01876 0.03831 0.00313 0.08351 -0.00021
-0.00109 0.16830 -0.11304 0.00091 0.05243 -0.00065 -0.05556 0.00330 0.00103 0.01703 0.00023 0.00890 0.00615 -0.12259 0.29921 0.01330 -0.00044 0.00012 0.85081 0.17887 0.70488 -0.00017 0.00339 -0.08329 0.00097 -0.00004 0.00156 -0.00005 0.00143 -0.32509 -0.01164 0.01169 0.00087 0.00026 0.00130 0.00385 0.00058 0.01213 -0.01353 0.00052 0.11374 0.00891 -0.00014 0.00066 0.00106 0.00750 0.00123 0.00044 0.00847 -0.00039
0.00039 -0.03655 -0.59173 0.17540 0.33270 0.00029 -0.18004 0.29369 0.05503 0.14784 0.00011 0.14752 0.25557 -0.19760 0.04509 0.11894 -0.00008 -0.00025 -0.22064 0.51522 0.46694 -0.00937 0.88743 -0.09284 0.02458 0.13697 0.26224 0.13528 0.00007 1.12455 -0.09875 0.31097 0.00679 0.08208 0.02027 0.08559 0.07879 0.04588 0.00299 0.04355 0.04635 0.01821 0.00895 0.00043 0.00253 0.00671 0.05363 0.00164 0.04349 0.01405
0.00159 0.00143 -0.00051 0.00315 -0.00269 -0.00011 -0.00753 0.00040 0.00069 0.00640 -0.00055 0.00692 0.05072 -0.00924 -0.00024 0.00140 -0.00271 -0.00186 -0.00138 -0.00105 -0.00312 0.00112 -0.00028 -0.02401 0.00126 0.00022 0.01482 0.00107 -0.00013 0.00167 -0.04211 -0.00115 0.00751 0.02129 0.00997 0.00527 0.00111 0.03690 0.00006 0.07460 0.00212 0.02470 0.25108 -0.00107 0.00501 0.03051 -0.00095 0.00845 0.05911 0.04993
0.00025 -0.07562 -0.02004 0.03879 0.00392 0.00264 0.00930 0.00193 -0.22706 0.00062 -0.00015 0.00226 0.01004 -0.07230 0.07570 -0.00061 0.00063 -0.00255 0.00845 0.01101 -0.00333 -0.00324 -0.00145 -0.03110 0.00064 0.01106 0.00093 0.00719 0.00049 -0.01276 -0.00061 -0.00021 0.00599 -0.13180 0.00124 0.01405 -0.00247 0.00437 0.01977 0.00144 0.02127 0.00191 0.00034 0.02631 0.00273 0.00808 0.00366 0.00222 0.00090 0.00232
0.12116 -0.05721 0.59131 -0.01396 0.00640 0.00007 -0.00525 0.23027 -0.00002 0.18553 0.00045 0.01131 0.42368 -0.00311 0.06809 0.29301 -0.00822 -0.00071 0.01021 0.00101 1.45023 0.00064 0.40748 -0.02117 0.25283 -0.00005 -0.00051 0.00282 0.00033 -0.01739 -0.02201 0.00007 0.00095 0.35028 0.14490 0.00259 -0.00059 0.17267 0.00188 0.13331 0.21845 0.11912 0.13156 0.00820 0.00299 0.23862 0.18719 0.00263 0.09392 0.10646
0.00568 -0.03770 0.00701 0.07495 0.31974 0.00268 -0.09236 0.04822 0.01649 0.01534 -0.00609 0.00611 0.00573 -0.01385 0.21641 0.05097 -0.00268 -0.00728 -0.00670 0.21943 -0.37605 0.12687 -0.06725 -0.00237 0.08875 0.05258 0.00328 0.03085 -0.00081 0.03113 -0.04069 0.05755 -0.00001 0.01226 0.00062 0.05665 0.00081 0.00381 0.03952 0.00428 0.00131 0.00665 -0.00067 0.04681 -0.00014 0.00195 0.03058 0.00030 0.00053 0.00089
0.00071 -0.63094 -0.02585 0.06216 0.02420 0.00646 -0.00344 0.00956 0.06372 -0.00080 0.00077 0.00864 0.00158 -0.03438 0.05271 0.00003 -0.00785 -0.00205 0.00460 0.00073 -0.04545 0.00269 -0.00699 -0.09832 0.01590 0.00077 -0.00154 0.01093 -0.00099 0.01424 -0.00028 0.00197 0.00937 -0.00021 0.07176 0.03639 0.03648 0.00257 0.00516 0.00199 0.02642 0.00178 0.00018 0.02212 0.03619 0.00308 0.00293 0.08104 0.00256 0.00210
0.00049 -0.08535 -0.05598 0.09893 0.20555 0.01923 -0.00066 0.01159 0.05806 -0.00031 0.00120 0.00090 0.00071 0.00920 0.01283 0.00849 -0.00838 -0.00255 -0.01176 0.00280 -0.02712 0.00518 -0.00849 -0.09466 0.02666 0.00219 0.00179 0.01070 -0.00074 0.00353 -0.13471 0.00098 0.03616 0.00588 0.00000 0.03343 0.05568 0.00098 0.00684 0.00119 0.00567 0.00137 0.00099 0.08805 0.27701 0.00305 0.00342 0.46908 0.00202 0.00061
0.00567 0.00032 -0.00237 0.00150 0.16136 -0.00170 -0.07533 0.07006 0.04977 0.00277 0.00265 0.05861 -0.00470 0.00107 0.04853 0.00399 0.66418 -0.00049 0.01024 -0.00357 -0.00671 -0.00542 -0.00195 -0.01610 0.04712 -0.00214 0.01647 0.01252 -0.00240 -0.01729 -0.01605 -0.00139 0.00036 -0.00086 -0.00122 -0.00010 0.00283 0.00797 -0.00352 0.00113 0.01823 0.00590 0.01147 0.00025 0.00028 0.01060 0.02558 0.00294 0.00933 0.00025
0.03501 0.00407 0.00063 1.32155 -0.00264 -0.00059 -0.00753 0.00188 0.00174 0.00604 -0.00137 0.00504 -0.00054 0.14141 -0.00203 0.00570 -0.00162 -0.00168 -0.19097 0.00102 0.51008 0.00092 -0.00040 -0.02295 0.00125 -0.00140 -0.00072 0.00851 0.00052 0.10751 -0.00741 -0.00030 0.00078 0.00562 0.00165 0.00066 -0.00085 0.00323 -0.02869 0.00437 0.00027 -0.00111 0.00431 -0.00003 -0.00148 -0.00052 0.00018 0.00381 0.01503 -0.00063
0.00222 -0.02809 -0.01685 0.02269 0.03769 0.00410 -0.05375 0.00409 0.01328 0.06650 0.00022 0.10101 0.02202 -0.02583 0.00894 0.03279 -0.00034 -0.00283 -0.00959 0.00185 -0.00550 0.00714 -0.00194 0.04057 0.00795 0.00146 -0.00093 0.00653 -0.00242 -0.01561 -0.01884 0.00076 0.02733 0.01210 0.25460 0.02820 0.00671 0.00016 -0.00014 0.00074 0.00103 0.35099 0.00128 0.01478 0.12842 0.12021 0.00031 0.18284 0.00136 0.00096
0.17791 -0.04105 0.01357 -0.00454 0.00833 0.00000 -0.00101 -0.03647 0.00444 0.00973 0.00128 0.00351 0.11415 0.00348 0.05634 0.01882 -0.00031 0.00021 -0.40785 0.00330 -0.17720 -0.00012 -0.07063 0.00012 0.00118 0.00057 -0.00451 -0.00043 0.00539 0.43324 0.00643 -0.02791 0.00386 0.02622 0.02074 0.00571 0.00295 0.08230 -0.00004 0.17232 0.11125 0.04822 0.26262 0.00531 0.00566 0.00169 0.03776 0.00259 0.12673 0.05310
0.00173 -0.01346 0.02130 0.01296 0.00539 0.00421 -0.03836 0.00294 0.00453 0.09984 0.00052 0.03837 0.11549 -0.04233 -0.00063 0.01381 0.00066 -0.00494 0.00039 0.00141 -0.00145 0.00360 0.00120 -0.01519 0.00488 0.00087 0.00472 0.00201 -0.00145 -0.00453 -0.05108 0.00067 0.00957 0.04208 0.17744 0.02886 0.00372 0.38722 0.00076 0.00012 0.00129 0.30192 0.00077 0.01692 0.08286 0.07069 -0.00042 0.20776 0.00119 0.35371
0.03019 0.03182 -0.00467 -0.00520 0.00020 0.02207 -0.00314 -0.00070 -0.00035 -0.00401 0.00426 0.00291 -0.00167 -0.02707 0.00148 -0.00308 0.00161 0.01245 -0.13362 0.00233 0.00378 -0.00192 0.00186 -0.02590 -0.00087 0.00042 -0.00729 -0.00014 0.00481 0.03186 -0.02940 0.00157 0.00072 -0.00111 0.03086 0.01061 0.00028 0.08210 -0.00197 0.12237 -0.00004 0.09284 0.09097 0.13429 0.03695 0.00355 0.00483 0.09254 0.10408 0.10980
0.00163 -0.00177 -0.09629 0.04370 0.07753 0.01627 -0.12034 0.00804 0.00446 0.11364 0.00061 0.05622 0.09832 -0.00160 0.01189 0.05506 -0.00000 -0.00410 -0.01086 0.00451 -0.00886 0.00865 -0.00768 -0.12342 0.01194 0.00056 -0.00101 0.01426 -0.00303 -0.00051 -0.11417 0.00149 0.02159 0.04340 0.22536 0.06241 0.00934 -0.00023 0.00043 0.00104 0.00072 0.00015 0.00176 0.09426 0.28595 1.18204 0.00194 0.00046 0.00176 0.00009
0.00192 0.00881 0.00080 0.00156 0.00083 0.00248 -0.00651 -0.00001 0.00048 0.03165 0.00084 0.01222 0.12476 -0.01096 -0.00032 0.00066 0.00061 -0.00278 -0.00062 0.00085 -0.00040 0.00332 -0.00048 -0.08083 0.00176 0.00045 -0.00076 0.00173 -0.00007 -0.00033 -0.05736 -0.00026 0.00158 0.00135 0.03075 0.02357 0.00221 0.13982 0.00045 0.48485 0.00182 0.07609 0.00019 0.00548 0.02317 0.02305 -0.00037 0.08520 0.72397 0.18185
0.01927 -0.04226 -0.38203 0.14698 0.04530 0.39863 -0.04954 0.02497 0.00172 0.00932 0.06756 0.00583 0.00860 -0.02884 0.00008 0.01528 0.00013 0.22287 -0.07414 0.02578 0.00124 0.00390 0.01692 -0.02964 0.00526 0.00635 0.02721 0.04987 0.04657 -0.00847 0.00363 0.01704 0.00489 0.00414 0.00057 0.16444 0.02497 0.00157 0.00198 0.00256 0.00052 0.00075 0.00584 -0.00019 -0.00018 0.00352 0.00153 0.00112 0.00394 0.00032
0.00305 0.00454 0.15938 0.10950 0.13460 0.12246 -0.11306 0.01194 0.06638 0.00298 0.00593 0.00752 -0.00010 -0.05051 0.02599 0.04308 0.00067 -0.00411 0.01224 0.00978 -0.04031 0.07124 -0.02823 0.00040 0.04301 0.00540 0.01349 0.03045 -0.02104 0.00597 -0.07015 0.00647 0.25576 0.00376 0.00042 0.13586 0.05894 0.00162 0.01902 0.00194 0.00449 0.00170 0.00138 0.46571 -0.00001 0.00257 0.00189 -0.00036 0.00238 0.00098
0.00273 0.03381 0.03342 0.01684 0.07533 0.01047 -0.12086 0.00693 -0.00354 0.09585 -0.00007 0.07003 0.06349 0.01312 0.03137 0.04518 -0.00006 -0.00660 -0.00249 0.00504 -0.03381 0.00664 -0.03354 -0.02630 0.01808 0.00051 0.00569 0.01037 -0.00563 -0.00019 -0.00021 0.00024 0.02189 0.05735 0.08248 0.04593 0.00362 0.00065 0.00110 0.00101 0.00217 0.00025 0.00144 0.01443 0.16809 0.00007 0.00112 0.00007 0.00232 0.00000
0.12404 -0.01971 -0.45498 0.14011 0.00061 0.00657 -0.00137 0.25155 0.00197 0.02138 0.00093 0.00407 0.01122 -0.01159 0.01844 -0.00009 -0.00003 0.00251 -0.34219 0.00253 0.00512 -0.00050 0.49759 -0.01463 0.00002 -0.00010 -0.00088 0.15869 0.00365 0.02521 -0.13750 0.00077 0.00140 0.00000 0.01971 0.00975 0.00104 0.00121 0.00167 0.02459 0.08193 0.00094 0.00096 0.10892 0.00975 -0.00030 0.00006 0.06327 0.00796 0.05686
0.00176 0.01425 0.00811 0.06590 0.04593 0.03299 -0.01995 0.00545 0.04190 0.00246 0.00910 0.00239 -0.00074 -0.03672 0.00691 0.02238 0.00045 -0.00015 -0.00194 0.00654 -0.00864 0.00756 -0.00100 -0.00437 0.00805 0.00535 0.00949 0.02371 -0.00052 -0.01539 -0.05167 0.00452 0.02728 -0.00087 -0.00000 0.03384 0.01553 0.00139 0.00314 0.00125 0.00209 0.00084 0.00135 0.15396 0.39289 0.00677 0.00066 -0.00005 0.00141 0.00114
0.00218 0.01367 0.00799 0.00206 0.00253 0.00289 -0.02668 0.00411 0.01433 0.09100 0.00004 0.04593 0.12454 -0.07909 0.00058 0.00129 0.00035 -0.00345 -0.00165 0.00095 -0.00122 0.00369 0.00092 -0.07202 0.00315 0.00037 0.00161 0.00182 -0.00043 -0.00524 -0.06654 0.00008 0.00429 0.00113 0.03380 0.03658 0.00370 0.24765 0.00079 0.25175 0.00212 0.14999 -0.00032 0.00884 0.06662 0.06601 -0.00151 0.26634 0.00006 0.07457
0.00146 0.03037 0.06853 0.00359 0.02909 0.00462 -0.00189 0.00475 0.00387 0.16946 -0.00004 0.01058 0.19262 0.01123 0.00330 0.03322 -0.00050 -0.00844 -0.00439 0.00444 -0.00341 0.00389 -0.00091 -0.12308 0.00633 0.00151 0.00871 0.00665 -0.00146 -0.00586 -0.02620 0.00009 0.02783 0.09643 0.38065 0.08506 0.00267 0.29656 0.00119 0.00014 0.00098 0.41620 0.00084 0.02969 0.18302 0.04079 0.00036 0.31870 0.00211 0.00009
