-0.00168 -0.00021 -0.00005 0.00384 -0.31678 0.00309 -0.05471 0.00377 0.00070 0.22629
-0.56391 -0.00105 0.00263 -0.05988 -0.04437 -0.08599 -0.09491 -0.09257 -0.05535 -0.03250
-0.74044 -0.71362 -0.00056 -0.10270 -0.05663 -0.05695 -0.06207 -0.07991 -0.08807 -0.10582
-0.29729 -0.01895 0.04016 0.00090 0.00906 -0.00143 0.00096 0.84824 0.00411 -0.04146
0.00464 0.01313 -0.01485 -0.02913 -0.00156 -0.16068 0.59632 -0.00727 -0.00446 0.00304
-0.08175 0.00005 0.00539 0.89779 0.00462 -0.00097 0.00161 0.14188 0.00364 -0.00700
0.02445 0.00502 0.00839 -0.14865 -0.00333 -0.78038 0.00008 -0.02164 -0.00363 0.00249
-1.48752 0.03233 0.00437 0.00065 0.05559 0.00176 0.00178 0.00184 -0.00169 -0.54688
-0.24832 -0.00765 -0.01547 -0.62200 -0.52556 -0.83566 -0.61351 0.78480 -0.00199 -0.09238
-0.00582 0.00241 0.00472 0.00567 -0.69707 0.03349 -0.16472 0.00088 0.00249 -0.00283
