1.000 -0.001 -0.001 -0.001 -0.002 -0.002 -0.002 -0.002 -0.001 -0.001 -0.002 -0.002 -0.002 -0.002 -0.002 -0.001 -0.001 -0.001 -0.002 -0.001 -0.002 -0.001 -0.001 -0.002 -0.001 -0.001 -0.002 0.003 -0.002 -0.001
-0.001 1.000 -0.001 -0.001 -0.001 -0.000 -0.000 -0.000 -0.002 -0.000 -0.000 -0.000 -0.004 -0.004 -0.000 -0.002 -0.002 -0.001 0.000 -0.001 -0.000 -0.001 -0.001 0.000 -0.001 -0.001 -0.000 -0.020 -0.000 -0.001
-0.001 -0.001 1.000 0.043 0.041 0.043 0.042 0.043 0.043 0.043 0.043 0.043 0.041 0.041 0.043 0.043 0.044 0.043 0.042 0.043 0.043 0.043 0.043 0.043 0.043 0.043 0.042 0.043 0.043 0.043
-0.001 -0.001 0.043 1.002 0.010 0.010 0.010 0.010 0.011 0.010 0.010 0.010 0.011 0.011 0.010 0.011 0.011 0.011 0.009 0.011 0.010 0.010 0.011 0.010 0.011 0.010 0.010 0.018 0.010 0.010
-0.002 -0.001 0.041 0.010 1.002 -0.003 -0.003 -0.003 -0.002 -0.003 -0.003 -0.003 0.001 0.000 -0.003 -0.002 -0.002 -0.002 -0.003 -0.002 -0.003 -0.002 -0.002 -0.003 -0.002 -0.002 -0.003 0.014 -0.003 -0.003
-0.002 -0.000 0.043 0.010 -0.003 1.002 -0.217 -0.341 -0.296 -0.304 -0.305 -0.277 -0.159 -0.218 -0.241 -0.302 -0.257 -0.259 -0.313 -0.297 -0.303 -0.293 -0.271 -0.218 -0.269 -0.307 -0.206 -0.559 -0.291 -0.254
-0.002 -0.000 0.042 0.010 -0.003 -0.217 1.050 0.171 0.171 0.168 0.163 0.160 0.108 0.122 0.151 0.173 0.164 0.163 0.162 0.171 0.166 0.168 0.166 0.146 0.165 0.172 0.139 0.163 0.165 0.158
-0.002 -0.000 0.043 0.010 -0.003 -0.341 0.171 1.128 0.069 0.077 0.081 0.069 0.039 0.059 0.057 0.071 0.054 0.056 0.086 0.070 0.078 0.071 0.060 0.049 0.060 0.075 0.047 0.178 0.072 0.058
-0.001 -0.002 0.043 0.011 -0.002 -0.296 0.171 0.069 1.104 0.087 0.086 0.078 0.041 0.058 0.068 0.089 0.076 0.076 0.088 0.087 0.087 0.085 0.080 0.060 0.079 0.090 0.056 0.162 0.083 0.073
-0.001 -0.000 0.043 0.010 -0.003 -0.304 0.168 0.077 0.087 1.107 0.089 0.081 0.046 0.063 0.070 0.096 0.083 0.083 0.089 0.094 0.090 0.091 0.086 0.062 0.086 0.096 0.057 0.187 0.087 0.077
-0.002 -0.000 0.043 0.010 -0.003 -0.305 0.163 0.081 0.086 0.089 1.107 -0.016 -0.102 -0.083 -0.029 0.028 0.014 0.011 -0.023 0.023 -0.003 0.012 0.016 -0.040 0.014 0.022 -0.058 0.021 -0.002 -0.009
-0.002 -0.000 0.043 0.010 -0.003 -0.277 0.160 0.069 0.078 0.081 -0.016 1.105 -0.085 -0.067 0.000 0.059 0.048 0.044 0.002 0.054 0.025 0.042 0.048 -0.009 0.047 0.052 -0.029 -0.003 0.027 0.023
-0.002 -0.004 0.041 0.011 0.001 -0.159 0.108 0.039 0.041 0.046 -0.102 -0.085 1.085 0.418 0.333 0.310 0.300 0.304 0.362 0.311 0.337 0.319 0.305 0.328 0.306 0.317 0.344 0.618 0.329 0.318
-0.002 -0.004 0.041 0.011 0.000 -0.218 0.122 0.059 0.058 0.063 -0.083 -0.067 0.418 1.211 0.137 0.116 0.110 0.113 0.164 0.118 0.141 0.125 0.114 0.135 0.114 0.123 0.150 0.301 0.134 0.125
-0.002 -0.000 0.043 0.010 -0.003 -0.241 0.151 0.057 0.068 0.070 -0.029 0.000 0.333 0.137 1.159 0.196 0.184 0.183 0.178 0.193 0.184 0.188 0.186 0.158 0.186 0.194 0.148 0.198 0.183 0.175
-0.001 -0.002 0.043 0.011 -0.002 -0.302 0.173 0.071 0.089 0.096 0.028 0.059 0.310 0.116 0.196 1.173 0.123 0.123 0.118 0.134 0.125 0.130 0.127 0.095 0.126 0.136 0.082 0.140 0.124 0.114
-0.001 -0.002 0.044 0.011 -0.002 -0.257 0.164 0.054 0.076 0.083 0.014 0.048 0.300 0.110 0.184 0.123 1.148 0.164 0.205 0.175 0.190 0.178 0.167 0.171 0.167 0.180 0.178 0.364 0.184 0.171
-0.001 -0.001 0.043 0.011 -0.002 -0.259 0.163 0.056 0.076 0.083 0.011 0.044 0.304 0.113 0.183 0.123 0.164 1.151 0.186 0.163 0.174 0.166 0.156 0.154 0.156 0.168 0.157 0.305 0.169 0.157
-0.002 0.000 0.042 0.009 -0.003 -0.313 0.162 0.086 0.088 0.089 -0.023 0.002 0.362 0.164 0.178 0.118 0.205 0.186 1.218 0.284 0.285 0.281 0.267 0.227 0.266 0.292 0.211 0.379 0.279 0.253
-0.001 -0.001 0.043 0.011 -0.002 -0.297 0.171 0.070 0.087 0.094 0.023 0.054 0.311 0.118 0.193 0.134 0.175 0.163 0.284 1.182 0.185 0.180 0.171 0.157 0.171 0.184 0.154 0.299 0.181 0.167
-0.002 -0.000 0.043 0.010 -0.003 -0.303 0.166 0.078 0.087 0.090 -0.003 0.025 0.337 0.141 0.184 0.125 0.190 0.174 0.285 0.185 1.199 0.186 0.181 0.154 0.180 0.192 0.146 0.264 0.183 0.171
-0.001 -0.001 0.043 0.010 -0.002 -0.293 0.168 0.071 0.085 0.091 0.012 0.042 0.319 0.125 0.188 0.130 0.178 0.166 0.281 0.180 0.186 1.183 0.198 0.185 0.197 0.211 0.184 0.342 0.208 0.195
-0.001 -0.001 0.043 0.011 -0.002 -0.271 0.166 0.060 0.080 0.086 0.016 0.048 0.305 0.114 0.186 0.127 0.167 0.156 0.267 0.171 0.181 0.198 1.165 0.156 0.164 0.177 0.157 0.315 0.176 0.163
-0.002 0.000 0.043 0.010 -0.003 -0.218 0.146 0.049 0.060 0.062 -0.040 -0.009 0.328 0.135 0.158 0.095 0.171 0.154 0.227 0.157 0.154 0.185 0.156 1.156 0.078 0.088 0.072 0.209 0.087 0.077
-0.001 -0.001 0.043 0.011 -0.002 -0.269 0.165 0.060 0.079 0.086 0.014 0.047 0.306 0.114 0.186 0.126 0.167 0.156 0.266 0.171 0.180 0.197 0.164 0.078 1.170 0.142 0.112 0.250 0.137 0.125
-0.001 -0.001 0.043 0.010 -0.002 -0.307 0.172 0.075 0.090 0.096 0.022 0.052 0.317 0.123 0.194 0.136 0.180 0.168 0.292 0.184 0.192 0.211 0.177 0.088 0.142 1.200 0.208 0.355 0.238 0.225
-0.002 -0.000 0.042 0.010 -0.003 -0.206 0.139 0.047 0.056 0.057 -0.058 -0.029 0.344 0.150 0.148 0.082 0.178 0.157 0.211 0.154 0.146 0.184 0.157 0.072 0.112 0.208 1.175 0.326 0.287 0.281
0.003 -0.020 0.043 0.018 0.014 -0.559 0.163 0.178 0.162 0.187 0.021 -0.003 0.618 0.301 0.198 0.140 0.364 0.305 0.379 0.299 0.264 0.342 0.315 0.209 0.250 0.355 0.326 1.660 0.245 0.248
-0.002 -0.000 0.043 0.010 -0.003 -0.291 0.165 0.072 0.083 0.087 -0.002 0.027 0.329 0.134 0.183 0.124 0.184 0.169 0.279 0.181 0.183 0.208 0.176 0.087 0.137 0.238 0.287 0.245 1.220 0.195
-0.001 -0.001 0.043 0.010 -0.003 -0.254 0.158 0.058 0.073 0.077 -0.009 0.023 0.318 0.125 0.175 0.114 0.171 0.157 0.253 0.167 0.171 0.195 0.163 0.077 0.125 0.225 0.281 0.248 0.195 1.190
