0.00000 0.41192 0.00000 0.52477 -0.46182 0.46706 0.39020 0.34007 0.41667 0.00000
0.00000 0.00000 0.00000 0.00000 0.00000 0.00000 0.00000 0.00000 0.00000 0.00000
0.00000 0.00000 0.00000 0.00000 0.00000 0.00000 0.00000 0.00000 0.00000 0.00000
0.00000 0.91861 0.00000 0.00000 2.11524 0.00000 0.00000 0.00000 0.00000 0.00000
0.00000 0.00000 0.00000 0.00000 0.00000 0.00000 0.00000 0.00000 0.00000 0.00000
0.00000 0.00000 0.00000 0.00000 0.00000 0.00000 0.00000 0.00000 0.00000 0.00000
0.00000 0.00000 0.00000 0.00000 0.00000 0.00000 0.00000 0.44375 0.00000 0.00000
0.00000 0.00000 1.86479 0.00000 0.00000 0.00000 0.00000 0.00000 -0.50834 0.00000
0.00000 0.00000 0.00000 0.94081 -0.80285 0.00000 0.00000 0.00000 0.00000 1.37879
0.00000 0.00000 0.00000 0.66511 0.00000 -1.08955 0.00000 0.00000 0.00000 0.00000
