-0.00000 0.18195 -0.54333 0.00029 -0.73396 0.32345 -0.00046 -0.00003 0.00000 -0.00038
-0.00003 0.00000 -0.15258 -0.00000 -0.15596 -0.00002 -0.00000 -0.00015 -0.00000 0.00000
0.00000 -0.00001 0.00000 -0.00000 -0.00000 0.00001 0.00030 -0.00000 0.00000 0.00003
-0.04585 1.14468 0.65234 -0.00000 1.69429 -0.42924 0.00373 0.00000 -0.00000 0.00000
0.00000 0.00005 -0.14142 -0.00000 0.00000 -0.00003 -0.00003 -0.00000 -0.00000 -0.00000
0.00000 0.16807 0.00028 0.00000 0.09202 0.00000 -0.01308 -0.00008 0.00003 -0.00000
-0.00085 0.04269 0.02041 -0.00526 0.07267 0.00046 0.00000 0.00021 0.00011 0.00012
0.22613 0.10200 1.42375 -0.06310 0.19075 -0.04091 -0.04744 -0.00000 0.00013 -0.00022
-0.11874 -0.35178 -0.35250 0.61621 -0.81227 0.02859 -0.05586 -0.05241 -0.00000 0.45327
0.00793 0.32319 -0.00994 0.28803 0.20645 -1.18747 -0.03764 -0.02963 -0.00001 0.00000
