1.000 0.000 0.000 0.000 0.000 0.000 0.000 0.000 -0.016 0.000
0.000 1.000 0.000 0.000 0.000 -0.418 0.000 0.000 0.000 0.000
0.000 0.000 1.000 0.000 0.000 -0.321 0.000 0.000 0.188 0.116
0.000 0.000 0.000 1.000 0.000 0.000 -0.227 0.000 0.000 -0.115
0.000 0.000 0.000 0.000 1.000 -0.581 0.000 0.000 -0.267 -0.362
0.000 -0.418 -0.321 0.000 -0.581 1.000 0.000 0.000 0.000 0.000
0.000 0.000 0.000 -0.227 0.000 0.000 1.000 0.000 0.000 0.000
0.000 0.000 0.000 0.000 0.000 0.000 0.000 1.000 -0.070 -0.565
-0.016 0.000 0.188 0.000 -0.267 0.000 0.000 -0.070 1.000 0.000
0.000 0.000 0.116 -0.115 -0.362 0.000 0.000 -0.565 0.000 1.000
