-0.00000 0.00000 0.00000 0.00002 0.02152 -0.00000 -0.00000 0.00004 0.00002 -0.02496 -0.00011 0.00012 0.00000 -0.07415 -0.00107 0.00009 0.00000 0.00001 0.00001 -0.00030
-0.01404 -0.00000 -0.00023 0.00831 0.00125 -0.05784 -0.00038 0.00000 0.01597 -0.07651 -0.00020 0.00047 0.00002 -0.02828 0.02411 0.00001 0.00013 0.00159 -0.00098 0.00566
0.00324 0.00016 -0.00000 0.00600 -0.00000 0.00003 -0.00020 -0.00002 -0.00002 -0.01800 -0.00019 0.00837 -0.02755 -0.02287 -0.00052 0.00000 -0.07468 0.00003 0.01089 -0.00000
0.00002 0.00000 -0.00000 -0.00000 -0.00000 -0.00005 0.11436 -0.00000 -0.00000 0.00000 -0.00004 -0.00000 -0.02012 0.00000 -0.00002 0.00000 -0.00993 0.00009 -0.00000 -0.00000
0.00000 0.00002 -0.01200 0.04846 -0.00000 -0.00221 -0.00002 0.00001 -0.00000 -0.02876 -0.00000 -0.00004 -0.00345 0.02335 -0.01283 -0.00001 -0.00331 0.00003 -0.00021 -0.00000
0.05288 0.00000 -0.00003 -0.00017 0.00000 -0.00000 0.01227 0.00000 0.06647 0.00495 0.00172 0.00003 0.00087 -0.00018 -0.00031 0.00101 0.00000 -0.08050 0.00009 -0.00001
0.02789 0.00003 0.00022 0.00000 -0.00000 0.00000 -0.00001 -0.00000 -0.00000 0.00001 -0.00011 -0.00000 -0.18019 -0.00002 -0.00004 0.00004 0.00003 0.00037 -0.00000 0.00004
0.00030 0.05101 0.00282 -0.03424 0.00262 -0.02916 -0.00703 0.00000 0.00000 0.00117 0.00520 -0.00018 0.00122 0.01087 0.03356 -0.00000 0.00076 -0.00006 0.00002 -0.00001
-0.00033 0.00000 -0.00037 -0.00580 -0.01288 0.00000 -0.04526 0.00116 -0.00000 -0.00884 -0.01174 -0.00167 -0.03802 -0.01179 -0.01159 0.00000 0.00000 -0.00000 -0.00067 -0.00003
0.00000 0.00000 -0.00001 0.00250 0.00001 -0.00000 -0.00002 0.00003 -0.00000 0.00240 -0.00001 0.00001 0.00010 0.00002 0.00001 0.00000 0.00006 0.00014 -0.06384 -0.00000
-0.00024 0.00049 -0.00007 -0.00011 -0.02131 0.00001 -0.00039 -0.00002 -0.00000 0.00486 -0.00000 -0.00000 0.00219 -0.00006 -0.00031 0.00017 0.00252 0.00002 0.00103 0.00005
0.00001 0.00001 0.00000 -0.03280 0.00001 -0.00014 -0.00195 0.00020 0.00000 0.00763 0.03508 -0.00000 0.00438 0.00000 -0.00003 -0.05169 0.00027 0.00002 0.00099 -0.00000
0.01457 0.00044 -0.00000 -0.00000 0.00000 -0.00002 0.00000 0.00003 0.00000 0.00010 0.00000 0.00002 -0.00000 -0.00002 -0.00003 0.00000 -0.02097 0.00003 0.00000 -0.00000
0.00000 -0.00000 0.00000 -0.00002 0.00000 0.00000 -0.00000 0.00000 -0.00000 0.00103 -0.00018 0.11227 -0.00004 -0.00000 0.07317 0.00020 0.00001 0.00000 0.00003 0.00000
-0.00002 0.00012 0.00007 -0.00042 0.00002 -0.00001 -0.00032 -0.00000 -0.00000 0.00507 -0.00007 0.00326 0.00183 -0.00000 -0.00000 0.00005 0.00000 0.00002 0.01440 -0.00024
0.00003 -0.00010 -0.00318 0.00549 -0.02878 -0.00000 -0.00066 0.01730 -0.00523 0.00095 -0.00020 -0.00000 -0.00487 -0.00003 0.00011 -0.00000 0.00183 -0.00001 0.02272 -0.00000
0.02000 0.00012 -0.00000 -0.00000 0.00000 -0.00794 0.00000 0.00009 0.00002 0.00001 -0.00000 -0.00006 0.00000 -0.00170 0.00000 0.00011 -0.00003 -0.02977 -0.00000 -0.00002
-0.00187 0.00002 0.00000 0.00022 0.00012 -0.00000 -0.00001 0.00006 0.06523 0.00002 0.00056 0.00048 -0.00004 0.01876 0.00002 0.00006 0.00000 0.00000 -0.00000 -0.00000
0.00002 0.00000 0.00000 -0.04191 0.00001 -0.00004 -0.04123 -0.00036 0.00001 -0.00000 -0.00001 -0.00002 0.00277 0.00002 -0.00000 -0.00000 0.04802 0.03646 0.00000 -0.00000
0.00031 0.00000 0.00232 -0.04130 0.00257 0.00191 0.00060 0.00038 0.00070 -0.01248 0.00332 0.01411 0.00208 0.01839 -0.00038 0.01327 0.00109 -0.01854 -0.00706 -0.00000
