1.000 -0.445 -0.478 -0.404 -0.310 -0.502 -0.457 -0.424 -0.478 -0.526 -0.470 -0.372 -0.382 -0.459 -0.309 -0.562 -0.479 -0.430 -0.480 -0.393
-0.445 1.198 0.222 0.189 0.149 0.232 0.212 0.198 0.222 0.251 0.223 0.183 0.188 0.213 0.156 0.262 0.222 0.204 0.223 0.187
-0.478 0.222 1.228 0.162 0.117 0.209 0.188 0.172 0.198 0.213 0.190 0.142 0.146 0.189 0.111 0.234 0.198 0.171 0.199 0.154
-0.404 0.189 0.162 1.164 0.080 0.163 0.145 0.132 0.153 0.146 0.134 0.089 0.092 0.147 0.060 0.173 0.154 0.119 0.154 0.107
-0.310 0.149 0.117 0.080 1.099 0.149 0.134 0.125 0.142 0.161 0.143 0.113 0.116 0.135 0.094 0.171 0.142 0.129 0.142 0.118
-0.502 0.232 0.209 0.163 0.149 1.255 0.211 0.194 0.222 0.237 0.212 0.161 0.165 0.213 0.127 0.259 0.222 0.191 0.223 0.173
-0.457 0.212 0.188 0.145 0.134 0.211 1.212 0.204 0.229 0.251 0.227 0.180 0.185 0.220 0.151 0.268 0.229 0.206 0.230 0.190
-0.424 0.198 0.172 0.132 0.125 0.194 0.204 1.183 0.212 0.233 0.210 0.166 0.169 0.203 0.137 0.247 0.212 0.190 0.213 0.174
-0.478 0.222 0.198 0.153 0.142 0.222 0.229 0.212 1.232 0.248 0.223 0.173 0.177 0.220 0.140 0.267 0.229 0.201 0.230 0.184
-0.526 0.251 0.213 0.146 0.161 0.237 0.251 0.233 0.248 1.284 0.236 0.183 0.188 0.226 0.149 0.282 0.237 0.212 0.237 0.193
-0.470 0.223 0.190 0.134 0.143 0.212 0.227 0.210 0.223 0.236 1.227 0.185 0.190 0.222 0.155 0.275 0.232 0.211 0.232 0.193
-0.372 0.183 0.142 0.089 0.113 0.161 0.180 0.166 0.173 0.183 0.185 1.145 0.163 0.211 0.135 0.235 0.217 0.187 0.217 0.176
-0.382 0.188 0.146 0.092 0.116 0.165 0.185 0.169 0.177 0.188 0.190 0.163 1.153 0.161 0.098 0.185 0.167 0.142 0.167 0.131
-0.459 0.213 0.189 0.147 0.135 0.213 0.220 0.203 0.220 0.226 0.222 0.211 0.161 1.216 0.234 0.328 0.279 0.273 0.280 0.254
-0.309 0.156 0.111 0.060 0.094 0.127 0.151 0.137 0.140 0.149 0.155 0.135 0.098 0.234 1.112 0.132 0.105 0.105 0.106 0.096
-0.562 0.262 0.234 0.173 0.171 0.259 0.268 0.247 0.267 0.282 0.275 0.235 0.185 0.328 0.132 1.331 0.298 0.282 0.298 0.263
-0.479 0.222 0.198 0.154 0.142 0.222 0.229 0.212 0.229 0.237 0.232 0.217 0.167 0.279 0.105 0.298 1.240 0.261 0.272 0.244
-0.430 0.204 0.171 0.119 0.129 0.191 0.206 0.190 0.201 0.212 0.211 0.187 0.142 0.273 0.105 0.282 0.261 1.201 0.259 0.251
-0.480 0.223 0.199 0.154 0.142 0.223 0.230 0.213 0.230 0.237 0.232 0.217 0.167 0.280 0.106 0.298 0.272 0.259 1.244 0.140
-0.393 0.187 0.154 0.107 0.118 0.173 0.190 0.174 0.184 0.193 0.193 0.176 0.131 0.254 0.096 0.263 0.244 0.251 0.140 1.178
