1.000 -0.003 -0.002 -0.006 -0.002 -0.011 -0.003 -0.003 -0.003 -0.002 -0.002 -0.006 -0.002 -0.002 -0.002 -0.004 -0.007 -0.002 -0.005 -0.002 -0.004 -0.002 -0.002 -0.002 -0.002 -0.002 -0.002 -0.002 -0.004 -0.007
-0.003 1.000 0.006 0.012 0.006 0.026 0.006 0.007 0.007 0.006 0.006 0.011 0.006 0.006 0.006 0.007 0.015 0.006 0.009 0.006 0.007 0.006 0.006 0.006 0.006 0.006 0.006 0.006 0.007 0.014
-0.002 0.006 1.000 -0.002 -0.002 -0.004 -0.002 -0.002 -0.002 -0.002 -0.002 -0.002 -0.002 -0.002 -0.002 -0.002 -0.003 -0.002 -0.002 -0.002 -0.002 -0.002 -0.002 -0.002 -0.002 -0.002 -0.002 -0.002 -0.002 -0.002
-0.006 0.012 -0.002 1.000 -0.005 -0.006 -0.006 -0.006 -0.006 -0.005 -0.005 -0.006 -0.005 -0.005 -0.005 -0.006 -0.006 -0.005 -0.006 -0.005 -0.006 -0.005 -0.005 -0.005 -0.005 -0.005 -0.005 -0.005 -0.006 -0.006
-0.002 0.006 -0.002 -0.005 1.000 0.008 0.002 0.002 0.002 0.002 0.002 0.003 0.002 0.002 0.002 0.002 0.004 0.002 0.003 0.002 0.002 0.002 0.002 0.002 0.002 0.002 0.002 0.002 0.002 0.004
-0.011 0.026 -0.004 -0.006 0.008 1.001 0.004 0.005 0.005 0.003 0.003 0.010 0.003 0.003 0.003 0.006 0.012 0.004 0.008 0.003 0.006 0.003 0.003 0.003 0.004 0.004 0.004 0.003 0.006 0.011
-0.003 0.006 -0.002 -0.006 0.002 0.004 1.000 0.003 0.003 0.003 0.003 0.003 0.003 0.003 0.003 0.003 0.003 0.003 0.003 0.003 0.003 0.003 0.003 0.003 0.003 0.003 0.003 0.002 0.003 0.003
-0.003 0.007 -0.002 -0.006 0.002 0.005 0.003 1.000 -0.001 0.000 0.000 -0.005 0.000 0.000 0.000 -0.002 -0.006 0.000 -0.003 0.000 -0.002 0.000 0.000 0.000 0.000 0.000 0.000 0.001 -0.002 -0.005
-0.003 0.007 -0.002 -0.006 0.002 0.005 0.003 -0.001 1.000 0.006 0.006 0.015 0.006 0.006 0.006 0.008 0.021 0.006 0.012 0.006 0.008 0.006 0.006 0.006 0.006 0.006 0.006 0.006 0.009 0.018
-0.002 0.006 -0.002 -0.005 0.002 0.003 0.003 0.000 0.006 1.000 -0.003 -0.006 -0.003 -0.003 -0.003 -0.005 -0.006 -0.003 -0.006 -0.003 -0.005 -0.003 -0.003 -0.003 -0.003 -0.003 -0.004 -0.003 -0.005 -0.006
-0.002 0.006 -0.002 -0.005 0.002 0.003 0.003 0.000 0.006 -0.003 1.000 -0.000 0.000 0.000 0.000 0.000 -0.000 0.000 0.000 0.000 -0.000 0.000 0.000 0.000 0.000 0.000 0.000 0.000 -0.000 -0.000
-0.006 0.011 -0.002 -0.006 0.003 0.010 0.003 -0.005 0.015 -0.006 -0.000 1.001 0.003 0.003 0.003 0.005 0.014 0.004 0.008 0.003 0.005 0.003 0.003 0.003 0.003 0.003 0.004 0.003 0.006 0.012
-0.002 0.006 -0.002 -0.005 0.002 0.003 0.003 0.000 0.006 -0.003 0.000 0.003 1.000 -0.009 -0.009 -0.006 -0.004 -0.008 -0.004 -0.009 -0.005 -0.009 -0.008 -0.009 -0.009 -0.008 -0.008 -0.009 -0.005 -0.004
-0.002 0.006 -0.002 -0.005 0.002 0.003 0.003 0.000 0.006 -0.003 0.000 0.003 -0.009 1.000 0.001 0.001 0.002 0.001 0.001 0.001 0.001 0.001 0.001 0.001 0.001 0.001 0.001 0.001 0.001 0.002
-0.002 0.006 -0.002 -0.005 0.002 0.003 0.003 0.000 0.006 -0.003 0.000 0.003 -0.009 0.001 1.000 0.000 -0.000 0.000 0.000 0.000 0.000 0.000 0.000 0.000 0.000 0.000 0.000 0.000 0.000 0.000
-0.004 0.007 -0.002 -0.006 0.002 0.006 0.003 -0.002 0.008 -0.005 0.000 0.005 -0.006 0.001 0.000 1.000 0.002 0.001 0.002 0.001 0.002 0.001 0.001 0.001 0.001 0.001 0.001 0.001 0.002 0.002
-0.007 0.015 -0.003 -0.006 0.004 0.012 0.003 -0.006 0.021 -0.006 -0.000 0.014 -0.004 0.002 -0.000 0.002 1.001 0.000 0.004 -0.000 0.002 -0.000 -0.000 -0.000 -0.000 -0.000 0.000 -0.000 0.003 0.008
-0.002 0.006 -0.002 -0.005 0.002 0.004 0.003 0.000 0.006 -0.003 0.000 0.004 -0.008 0.001 0.000 0.001 0.000 1.000 0.006 0.004 0.004 0.004 0.004 0.004 0.004 0.004 0.004 0.004 0.005 0.009
-0.005 0.009 -0.002 -0.006 0.003 0.008 0.003 -0.003 0.012 -0.006 0.000 0.008 -0.004 0.001 0.000 0.002 0.004 0.006 1.001 -0.004 -0.004 -0.004 -0.004 -0.004 -0.004 -0.004 -0.004 -0.004 -0.004 0.001
-0.002 0.006 -0.002 -0.005 0.002 0.003 0.003 0.000 0.006 -0.003 0.000 0.003 -0.009 0.001 0.000 0.001 -0.000 0.004 -0.004 1.000 0.005 0.006 0.006 0.006 0.006 0.006 0.006 0.006 0.005 0.006
-0.004 0.007 -0.002 -0.006 0.002 0.006 0.003 -0.002 0.008 -0.005 -0.000 0.005 -0.005 0.001 0.000 0.002 0.002 0.004 -0.004 0.005 1.000 0.001 0.001 0.001 0.001 0.001 0.001 0.001 0.001 0.001
-0.002 0.006 -0.002 -0.005 0.002 0.003 0.003 0.000 0.006 -0.003 0.000 0.003 -0.009 0.001 0.000 0.001 -0.000 0.004 -0.004 0.006 0.001 1.000 0.001 0.001 0.001 0.001 0.001 0.001 0.002 0.002
-0.002 0.006 -0.002 -0.005 0.002 0.003 0.003 0.000 0.006 -0.003 0.000 0.003 -0.008 0.001 0.000 0.001 -0.000 0.004 -0.004 0.006 0.001 0.001 1.000 0.002 0.002 0.002 0.001 0.002 0.001 0.001
-0.002 0.006 -0.002 -0.005 0.002 0.003 0.003 0.000 0.006 -0.003 0.000 0.003 -0.009 0.001 0.000 0.001 -0.000 0.004 -0.004 0.006 0.001 0.001 0.002 1.000 0.001 0.001 0.001 0.001 0.001 -0.001
-0.002 0.006 -0.002 -0.005 0.002 0.004 0.003 0.000 0.006 -0.003 0.000 0.003 -0.009 0.001 0.000 0.001 -0.000 0.004 -0.004 0.006 0.001 0.001 0.002 0.001 1.000 0.000 -0.000 0.000 -0.001 0.001
-0.002 0.006 -0.002 -0.005 0.002 0.004 0.003 0.000 0.006 -0.003 0.000 0.003 -0.008 0.001 0.000 0.001 -0.000 0.004 -0.004 0.006 0.001 0.001 0.002 0.001 0.000 1.000 0.001 0.001 0.000 0.001
-0.002 0.006 -0.002 -0.005 0.002 0.004 0.003 0.000 0.006 -0.004 0.000 0.004 -0.008 0.001 0.000 0.001 0.000 0.004 -0.004 0.006 0.001 0.001 0.001 0.001 -0.000 0.001 1.000 0.014 0.007 0.006
-0.002 0.006 -0.002 -0.005 0.002 0.003 0.002 0.001 0.006 -0.003 0.000 0.003 -0.009 0.001 0.000 0.001 -0.000 0.004 -0.004 0.006 0.001 0.001 0.002 0.001 0.000 0.001 0.014 1.000 0.001 0.001
-0.004 0.007 -0.002 -0.006 0.002 0.006 0.003 -0.002 0.009 -0.005 -0.000 0.006 -0.005 0.001 0.000 0.002 0.003 0.005 -0.004 0.005 0.001 0.002 0.001 0.001 -0.001 0.000 0.007 0.001 1.000 -0.172
-0.007 0.014 -0.002 -0.006 0.004 0.011 0.003 -0.005 0.018 -0.006 -0.000 0.012 -0.004 0.002 0.000 0.002 0.008 0.009 0.001 0.006 0.001 0.002 0.001 -0.001 0.001 0.001 0.006 0.001 -0.172 1.031
