-0.00000 -0.00005 -0.00000 0.00004 -0.00007 0.02955 -0.00017 -0.00000 0.00000 -0.03182 0.00006 -0.00003 -0.00006 0.00011 -0.04421 -0.00005 -0.02900 -0.00000 -0.00038 0.00001 0.00001 0.06794 -0.04584 -0.14565 0.00001 -0.00000 -0.00001 0.00003 -0.00000 -0.03990
-0.03346 -0.00000 -0.00098 -0.00223 -0.00391 -0.02791 0.02708 -0.00584 0.02244 -0.03435 -0.08907 0.00000 -0.01144 0.00012 0.94718 -0.00716 -0.02338 -0.14210 -0.01523 0.00000 -0.00001 -0.09547 -0.04315 -0.02423 -0.02172 0.11413 0.02767 -0.00000 -0.00455 0.07441
-0.01979 -0.00060 0.00000 0.00000 0.00000 -0.01929 0.00005 0.00000 0.00003 0.10510 0.00000 0.00010 0.00000 -0.10466 -0.06145 0.00026 -0.03555 -0.00010 0.00009 -0.00380 -0.03619 0.04050 -0.03387 -0.01854 -0.00439 -0.00001 0.00138 -0.07465 -0.00016 -0.02692
-0.03157 -0.00017 0.01011 0.00000 -0.69608 -0.03477 -1.30749 -0.01189 0.00001 0.07975 0.00029 0.00006 -0.04846 -0.03478 -0.05299 -0.00297 -0.01137 -0.00007 -0.03595 -0.00128 -0.01077 0.05233 -0.05337 -0.03479 -0.04129 0.00000 0.00007 -0.03727 0.00000 -0.05474
0.00014 -0.00067 0.17655 0.00000 -0.00000 -0.00122 0.00006 -0.00000 0.00002 0.41049 0.00006 -0.00005 0.00000 0.00456 -0.00391 0.00020 -0.00214 -0.00024 0.00001 -0.00125 -0.00609 -0.00670 -0.00714 0.00815 -0.00195 -0.00001 -0.00010 0.00089 -0.00005 -0.01468
0.00000 -0.00006 0.00000 0.00004 -0.00016 0.00000 -0.00017 -0.00000 0.00001 -0.03149 0.00004 -0.00000 -0.00007 0.00009 -0.04356 0.00009 -0.03992 -0.00001 -0.00034 0.00004 0.00002 0.02812 -0.05310 -0.01744 -0.00014 0.00000 -0.00000 0.00003 -0.00000 -0.04074
-0.00950 -0.00001 -0.04400 0.00000 0.04534 -0.00941 0.00000 -0.00019 0.00002 -0.06224 0.00000 0.00001 -0.00798 -0.00347 -0.00413 0.02384 0.03845 -0.00000 -0.00043 0.00008 -0.00036 0.01143 0.02467 -0.04290 0.03947 0.00000 -0.00013 -0.00041 0.00000 0.00931
-0.06255 -0.00010 -0.17972 -0.00001 -0.02182 -0.07731 0.00491 0.00000 0.00001 -0.08859 -0.00003 -0.00001 -0.21892 -0.07987 -0.11377 -0.02797 -0.02885 0.00000 -0.03271 -0.00029 -0.00860 0.01324 -0.06544 -0.02540 -0.18560 0.00000 -0.00027 -0.02145 0.00000 -0.10171
0.45770 -0.00015 -0.00255 -0.01783 -0.00073 0.09030 0.02353 -0.01355 -0.00000 -0.02771 0.00002 0.00018 -0.02930 0.00028 -0.04086 -0.00014 -0.01888 -0.00001 -0.00039 0.00002 -0.00017 0.00773 -0.04973 0.00637 -0.04922 0.00002 -0.00000 0.00024 0.00000 -0.02464
-0.00006 -0.00002 -0.00001 0.00000 0.00000 0.00008 -0.00000 -0.00000 0.00005 -0.00000 0.00001 -0.00007 0.00000 0.00001 -0.00001 0.00004 -0.00000 -0.00002 0.00003 0.00000 -0.00002 -0.00002 -0.00001 -0.00403 0.00003 0.00000 0.00005 0.00001 -0.00000 0.00007
-0.01187 -0.00001 0.00196 -0.00128 -0.00104 -0.00443 0.89061 -0.02482 0.02499 -0.00061 0.00000 0.00000 -0.03704 -0.00055 -0.09599 0.12278 0.28303 -0.00000 -0.02362 0.00003 -0.00028 0.01662 0.80876 -0.66255 0.56338 0.03977 0.03929 -0.00008 -0.11204 -0.05439
-0.03993 -0.13604 -0.00005 -0.00036 -0.00110 -0.03361 0.02146 -0.00050 0.00512 -0.04234 -0.05380 -0.00000 -0.00190 0.00004 -0.06558 -0.01011 -0.03394 -0.09081 -0.03879 0.00000 0.00000 0.03399 -0.05194 -0.02659 -0.02772 0.00730 0.05875 0.00001 -0.00104 -0.05110
-0.03311 -0.00020 -0.14837 -0.00001 0.36164 -0.02767 -0.00007 0.00000 0.00001 0.00150 -0.00005 0.00017 -0.00000 -0.02350 -0.01738 0.00003 -0.01685 0.00000 0.00000 -0.00021 -0.00299 0.08049 -0.05809 -0.03756 -0.00012 0.00000 -0.00003 -0.00420 -0.00003 -0.10069
-0.02749 0.00008 -0.00000 -0.00002 -0.00000 -0.02908 -0.00017 0.00000 0.00046 -0.04604 -0.00003 -0.00775 0.00000 0.00000 -0.06053 -0.00028 -0.02944 -0.00023 -0.00035 -0.03541 -0.09110 0.03708 -0.04536 -0.02248 -0.02023 -0.00007 0.02835 -0.12333 0.00007 -0.05903
-0.00003 -0.00000 0.00001 0.00001 -0.00009 -0.00001 -0.00013 0.00000 0.00005 -0.02947 0.00000 -0.00000 0.00000 -0.00001 0.00000 0.00001 -0.04408 -0.00001 0.00001 0.00000 -0.00001 -0.82777 -0.03040 -0.03305 0.00000 0.00000 -0.00007 0.00003 0.00000 1.07635
-0.05251 -0.00018 -0.00042 0.00005 0.00120 -0.03491 0.00014 -0.00000 0.00008 -0.03629 0.00000 0.00009 -0.01433 0.00029 -0.04382 -0.00000 -0.02199 -0.00002 -0.00278 0.00027 -0.00039 0.03123 -0.04664 -0.04286 -0.00000 -0.00001 0.00013 0.00029 -0.00007 -0.06021
0.00007 -0.00002 -0.00004 0.00004 -0.00013 -0.00002 -0.00002 -0.00001 0.00004 -0.01378 0.00000 -0.00000 0.00004 0.00009 -0.00006 0.00020 -0.00000 -0.00000 -0.00018 0.00001 0.00002 -0.00005 0.00002 -0.06895 -0.00006 -0.00002 0.00004 0.00001 0.00001 -0.06997
-0.03864 -0.00000 -0.00514 -0.00608 -0.00373 -0.03544 0.02617 -0.02763 0.01728 -0.04792 -0.09932 0.00000 -0.05059 -0.00045 -0.05610 -0.00293 -0.03991 -0.00000 -0.01128 0.00001 -0.00022 0.03089 -0.04864 -0.03408 -0.05631 0.06397 0.05190 0.00000 -0.14229 -0.04325
0.00092 -0.00014 -0.01361 -0.00003 0.09400 -0.00195 0.00201 -0.00000 0.00129 0.03472 0.00006 -0.00006 0.33095 -0.00135 -0.07663 0.00017 -0.00604 0.00001 -0.00000 0.00013 -0.00038 -0.01484 -0.00063 -0.00070 -0.00034 -0.00000 -0.00006 -0.00020 -0.00007 0.01542
-0.03568 -0.10339 -0.00004 -0.00021 -0.00016 -0.03039 0.00025 -0.00023 0.00389 -0.04557 -0.02123 -0.10917 -0.00019 0.00001 -0.04899 -0.00408 -0.03511 -0.02456 -0.00373 0.00000 0.00000 0.03750 -0.05333 -0.02943 -0.02073 0.00174 0.08451 0.00000 -0.00248 -0.02390
-0.03001 -0.01885 0.00000 -0.00020 -0.00019 -0.02349 -0.00000 -0.00004 0.00207 -0.03037 -0.00174 -0.08749 0.00005 0.00001 -0.03758 -0.00318 -0.02527 -0.00584 -0.00056 -0.12406 0.00000 0.02912 -0.03976 1.33518 -0.01369 0.00024 0.07962 0.00000 -0.00018 -0.01006
-0.00006 -0.00000 -0.00002 -0.00002 -0.00008 -0.00005 -0.00019 -0.00000 0.00007 -0.03904 0.00000 -0.00000 -0.00000 -0.00001 0.00000 0.00003 -0.04377 -0.00002 -0.00000 0.00001 -0.00001 -0.00000 -0.04446 -0.02570 0.00003 -0.00000 0.00020 0.00002 0.00001 -0.27437
0.00001 -0.00001 -0.00001 0.00002 -0.00011 -0.00000 0.00023 -0.00000 -0.00001 0.00824 0.00000 -0.00002 0.00002 -0.00000 0.00004 0.00004 0.04253 -0.00000 -0.00028 -0.00002 -0.00002 -0.00002 -0.00000 -0.08189 0.00002 0.00000 -0.00011 -0.00001 -0.00000 -0.00558
-0.00000 -0.00002 -0.00000 -0.00000 -0.00014 -0.00011 0.00002 -0.00000 0.00003 -0.00022 0.00000 0.00001 -0.00003 0.00001 0.00004 0.00004 -0.00000 -0.00000 -0.00005 0.00001 0.00000 -0.00007 -0.00003 -0.00000 -0.00001 -0.00001 -0.00005 0.00000 -0.00000 -0.04498
-0.01637 -0.00003 -0.00014 -0.00000 -0.00023 -0.02412 0.00011 0.00000 0.00001 -0.00122 0.00000 0.00001 -0.00014 0.00019 -0.00039 -0.28377 0.00675 -0.00000 -0.00102 0.00003 0.00006 0.01502 -0.00068 -0.07142 -0.00000 0.00000 0.00011 0.00001 -0.00000 -0.02378
-0.07922 -0.00000 -0.05948 -0.15358 -0.03346 -0.29383 0.02869 -0.27379 0.03011 -0.14456 0.00001 0.00008 -0.13821 -0.01778 -0.16529 -0.03315 -0.04720 0.00000 -0.06857 0.00024 -0.00060 0.03432 -0.15499 -0.06578 -0.24749 0.00000 0.36103 -0.00146 -0.00000 -0.15941
-0.07162 -0.00002 -0.00022 -0.00022 -0.00080 0.21904 0.00068 -0.00045 -0.16881 -0.01465 0.00000 -0.00002 -0.00271 -0.00000 -0.02242 -0.00625 -0.01613 -0.00000 -0.00411 0.00000 0.00000 0.02503 -0.01956 -0.01803 -0.01954 0.00000 0.00000 -0.00002 -0.00000 -0.01806
-0.01652 -0.00408 -0.00000 0.00002 -0.00013 -0.02819 -0.00017 -0.00001 0.00110 -0.04322 -0.00092 -0.05768 0.00002 0.00000 -0.05802 -0.00288 -0.03561 -0.00126 -0.00042 -0.09754 -0.10715 0.03724 -0.05057 -0.02733 -0.03417 0.00008 0.05774 0.00000 0.00002 -0.04669
-0.10941 -0.00002 0.00053 -0.08339 -0.00468 0.13120 0.01532 0.09277 -0.20155 -0.09148 0.00000 -0.00008 -0.03210 0.00031 -0.10314 -0.02296 -0.04699 -0.00000 -0.02871 -0.00001 -0.00163 0.04663 -0.09891 -0.05373 -0.12174 -0.49134 -1.05690 -0.00120 0.00000 -0.08747
-0.00002 -0.00000 0.00002 0.00001 -0.00000 -0.00003 -0.00003 0.00000 0.00001 -0.00535 0.00000 -0.00000 -0.00001 -0.00001 0.00000 0.00001 0.00000 -0.00000 0.00001 0.00000 -0.00001 0.00000 0.00003 0.00004 0.00009 0.00000 -0.00001 0.00003 0.00000 -0.00000
