0.00000 -0.33083 0.00000 0.00000 0.00000 0.00000 0.00000 0.00000 0.00000 0.00000
0.00000 0.00000 -0.38453 0.00000 0.00000 0.00000 0.00000 0.00000 0.00000 0.00000
0.00000 0.00000 0.00000 0.00000 0.00000 -0.32186 0.00000 0.00000 -0.35672 -0.79862
0.00000 0.00000 0.00000 0.00000 0.00000 0.00000 -0.47618 0.00000 0.00000 0.00000
0.00000 0.00000 0.00000 -0.42666 0.00000 0.00000 0.00000 0.00000 0.00000 0.00000
0.00000 0.00000 0.00000 0.00000 0.00000 0.00000 0.00000 0.00000 0.00000 0.00000
0.00000 0.00000 0.00000 0.00000 0.00000 0.00000 0.00000 0.00000 0.00000 0.91314
0.00000 0.00000 0.00000 0.00000 -0.40862 0.00000 0.00000 0.00000 0.00000 0.00000
0.00000 0.00000 0.00000 0.00000 0.00000 0.98419 0.00000 -0.39057 0.00000 -0.69871
0.00000 0.00000 0.00000 0.00000 0.00000 0.00000 0.00000 0.00000 0.00000 0.00000
