-0.00000 -0.33087 -0.07405 -0.00000 -0.00002 -0.12053 -0.00000 -0.00028 -0.01081 0.00827
-0.00000 0.00000 -0.38455 -0.00001 -0.00029 -0.14423 -0.00000 -0.00697 -0.11379 0.02303
-0.00000 -0.00000 0.00000 -0.00018 -0.00473 -0.32187 -0.00000 -0.08522 -0.35678 -0.79862
-0.18025 -0.01584 -0.00082 0.00000 -0.00000 -0.28581 -0.47619 -0.00000 -0.00008 0.04591
-0.01507 -0.00052 -0.00004 -0.42668 0.00000 -0.14850 -0.00742 -0.00000 -0.00001 -0.00133
-0.00000 -0.00000 -0.00000 -0.00000 -0.00000 0.00000 -0.00000 -0.00000 -0.00000 -0.00000
-0.28806 -0.13685 -0.02446 -0.00000 -0.00000 -0.06824 0.00000 -0.00005 -0.00176 0.91315
-0.00080 -0.00003 -0.00000 -0.05348 -0.40865 -0.15357 -0.00041 0.00000 -0.00000 0.02478
-0.00005 -0.00000 -0.00000 -0.00247 -0.06939 0.98419 -0.00006 -0.39059 -0.00000 -0.69871
-0.00001 -0.00000 -0.00000 -0.00000 -0.00002 -0.22606 0.00000 -0.00009 -0.00000 0.00000
