0.00000 -0.00000 0.00005 0.00001 0.00000 0.00000 0.00060 -0.02308 0.00273 -0.00002 -0.00002 -0.00024 0.00001 0.00000 0.00005 0.00000 0.00010 0.00009 0.00093 -0.02601 -0.00001 -0.00008 0.00000 0.00032 -0.00000 0.04540 0.00000 -0.00915 -0.00000 0.00210
-0.81949 0.00000 0.18613 0.92626 -0.04461 0.00000 -0.07141 0.53673 -0.27081 0.00001 0.00001 -0.74688 0.00000 0.00000 -1.60139 -0.02945 0.09563 0.10503 -0.01537 0.00097 0.00000 2.56828 0.04052 0.30164 0.66136 -1.33890 -0.00000 -0.23222 0.00000 -0.20765
-0.03183 -0.00000 0.00000 -0.00002 -0.57218 0.00000 -0.04247 -0.03945 -0.00888 0.00003 0.00008 0.00001 -0.00002 0.00004 -0.62100 -0.00714 -0.03501 0.31311 -0.04273 0.00451 -0.00000 -0.00014 0.00003 -1.33300 0.20702 0.01342 0.00002 -0.02125 -0.00001 0.00888
-0.03595 0.00000 -0.00456 0.00000 -0.00138 0.00000 0.00841 0.10226 -0.11448 0.00000 0.00004 -0.02314 0.00003 0.00000 -0.06462 0.00890 -0.00979 -0.00134 -0.01380 0.00337 -0.00000 0.00000 0.56329 0.06207 -0.01138 -0.00043 -0.00001 0.00012 0.00000 0.00001
-0.04222 -0.00000 -0.00000 -0.00005 0.00000 -0.00000 -0.04752 -0.00825 -0.00074 -0.00008 -0.00005 0.00003 0.00001 0.00004 -0.00007 -0.00000 -0.00001 -0.00000 -0.00059 -0.03494 -0.00002 -0.00017 -0.00013 -0.00002 0.00000 0.03052 -0.00005 0.00078 -0.00002 -0.01012
-0.06059 -0.33025 -0.10327 -0.06873 -0.01844 0.00000 -0.08147 -0.02362 -0.03920 -0.17824 -0.00000 0.02214 0.00001 -0.00001 0.01806 0.01201 -0.10344 -0.10144 -0.11699 -0.07098 0.00001 -0.14922 0.00509 0.05334 -0.06330 -0.64147 0.00000 -0.10989 -0.00000 0.26575
0.00307 -0.00001 -0.00000 -0.00019 0.00000 -0.00000 0.00000 -0.00012 0.00001 -0.00002 0.00000 0.00019 0.00026 -0.00002 -0.00003 0.00000 0.00014 0.00001 -0.00000 1.37066 0.00000 0.00017 0.00007 -0.00017 -0.00001 0.00004 -0.00000 0.00016 -0.00000 0.00000
0.00009 0.00000 0.00000 0.00000 -0.00013 0.00000 0.01514 0.00000 0.66077 0.00001 0.00000 -0.00026 0.00000 -0.00000 0.01413 -0.00131 0.00060 0.00070 0.00000 -0.01206 -0.00000 0.00006 0.00008 0.00012 0.00054 -0.00001 -0.00001 -0.00020 0.00001 -0.00000
-0.00001 0.00000 0.00007 0.00000 0.00017 -0.00000 -0.02265 0.00000 0.00000 -0.00000 0.00000 -0.00012 -0.00004 -0.00001 0.04945 0.00148 0.00025 0.00034 0.00000 -0.03251 0.00000 -0.00004 -0.00000 -0.00036 0.00079 0.00007 0.00002 -0.00013 0.00000 0.00000
-0.00796 -0.04943 -0.01833 -0.42002 -0.00763 0.00000 -0.00422 -0.00429 0.01662 0.00000 0.00003 0.01436 -0.00002 0.00000 -0.03626 0.00426 0.00026 -0.00726 -0.01201 -0.00583 -0.00001 1.15046 0.49374 0.01770 0.00096 0.05880 -0.00003 0.00463 0.00001 -0.00119
0.00196 -0.06652 0.00207 -0.00197 0.00270 0.04951 -0.02874 -0.31537 -0.13374 -0.01385 0.00000 -0.02889 -0.00001 0.00037 0.02766 -0.00981 -0.00168 -0.00910 0.87103 0.83783 -0.00003 -0.02363 -0.00598 0.00219 -0.01941 -0.80722 0.00759 -0.13654 0.00006 0.37311
-0.00035 -0.00000 0.20499 0.00001 0.01718 0.00000 -0.00227 -0.00718 -0.00959 -0.00005 -0.00001 0.00000 -0.00002 -0.00001 0.13483 0.00864 -0.00377 -0.37966 -0.00313 -0.00307 0.00000 -0.00000 -0.00004 -1.11778 -0.01993 0.03921 0.00001 0.01308 0.00000 0.00034
-0.03185 -0.06858 -0.02695 -0.01700 0.00042 0.04330 -0.00644 -0.02889 -0.00685 -0.02823 -0.04546 -0.01303 0.00000 -0.00407 0.00375 0.00271 -0.05129 -0.02472 -0.04096 -0.01653 -0.00643 -0.02398 -0.01896 -0.00751 -0.00850 -0.03382 -0.01296 -0.01635 -0.01068 0.00121
-0.01748 -0.13449 -0.02982 -0.02192 -0.00940 -0.38904 -0.03054 -0.03143 -0.02676 -0.05160 0.00415 0.01823 0.00010 0.00000 0.02341 0.00078 -0.02891 -0.03403 -0.05319 -0.01896 0.00195 -0.07075 0.00187 0.02132 -0.02852 0.00441 -0.00000 -0.00459 0.32281 -0.03015
-0.02633 -0.00000 -0.00000 -0.00001 -0.02632 -0.00000 -0.03076 0.00013 -0.00004 -0.00001 -0.00001 0.00001 -0.00000 0.00000 0.00000 -0.39127 -0.01742 -0.02682 -0.00002 -0.01829 0.00002 0.00010 -0.00035 -0.00001 -0.18259 -0.00218 -0.00000 0.00123 0.00000 0.00004
-0.04895 -0.00000 0.00000 0.00001 -0.04864 0.00000 -0.06041 -0.00044 -0.00008 0.00007 0.00002 -0.00000 0.00000 -0.00001 -0.00001 0.00000 -0.00003 -0.00003 0.00013 -0.03419 -0.00011 0.00024 0.00016 0.00000 -0.00000 0.03597 0.00002 -0.00415 -0.00002 0.00063
-0.00878 0.00002 -0.00000 0.00006 -0.12486 0.00000 -0.01464 -0.00325 -0.00446 0.00008 0.00022 -0.00002 0.00003 -0.00002 -0.00037 0.01405 0.00000 0.00000 0.00034 -0.02008 0.00003 0.00014 0.00011 0.00001 0.03222 0.06394 -0.00003 -0.00252 0.00002 -0.00234
-0.00045 0.00001 -0.00000 0.00002 -0.29211 -0.00000 -0.00330 -0.00127 -0.00110 0.00012 0.00009 -0.00001 0.00011 -0.00004 -0.00022 -0.02073 1.13970 0.00000 0.00009 -0.00742 -0.00006 -0.00004 0.00006 0.00000 0.08569 -0.02037 -0.00011 0.02297 0.00003 -0.00037
0.00527 0.00002 -0.00000 -0.00001 0.00248 -0.00000 0.02711 0.40589 0.18168 -0.00002 0.00000 -0.00004 -0.00001 0.00002 -0.06064 0.00085 0.00489 0.00835 0.00000 0.08998 -0.00001 0.00014 -0.00000 -0.00018 -0.00085 -0.00019 0.00000 0.00003 0.00009 0.00000
0.00003 0.00000 -0.00002 -0.00000 0.00000 0.00000 0.00000 -0.00014 0.00004 -0.00000 0.00000 0.00020 -0.00001 -0.00003 0.00005 0.00000 -0.00001 -0.00006 0.00001 0.00000 -0.00006 0.00001 -0.00000 -0.00026 -0.00001 -0.00001 -0.00008 -0.00002 -0.00001 0.00000
-0.00260 -0.07920 -0.03028 -0.02522 -0.00945 0.05431 -0.02362 -0.02542 -0.01415 -0.04902 -0.03754 -0.03565 -0.00053 -0.00002 -0.00631 0.00587 -0.02375 -0.00781 -0.03574 -0.00445 0.00000 -0.03655 -0.00001 -0.02005 -0.01365 0.01999 0.00006 -0.01121 -0.01204 -0.00540
-0.00664 0.00000 0.00176 0.36709 -0.00125 0.00000 -0.00407 0.00897 -0.01059 0.00000 -0.00000 -0.02119 0.00000 -0.00000 0.01197 -0.00065 -0.00427 -0.00806 0.00197 0.00176 0.00000 0.00000 -0.42444 -0.01756 0.00041 0.00001 -0.00000 0.00014 0.00000 0.00000
-0.02012 0.00000 -0.02095 0.00000 -0.01145 0.00000 -0.01947 -0.01276 -0.04268 0.00000 0.00006 -0.04541 -0.00000 0.00000 0.00396 -0.00660 -0.02116 -0.03300 -0.06391 -0.88269 0.00002 -0.00000 0.00000 0.03757 -0.01437 0.00067 0.00001 0.00008 -0.00000 0.00001
0.00043 0.00000 -0.00000 -0.00001 0.00604 0.00000 -0.00493 -0.00463 -0.00358 0.00004 0.00003 -0.00000 0.00008 -0.00001 -0.21123 0.00233 0.04668 0.52487 -0.00822 0.01235 -0.00002 -0.00006 0.00003 0.00000 0.01518 -0.01269 -0.00003 -0.00799 0.00002 -0.00100
-0.04039 0.00000 0.00000 0.00005 0.43421 -0.00000 -0.02848 0.00037 0.00007 0.00007 -0.00000 -0.00015 0.00001 -0.00000 -0.00002 -0.66335 -0.00001 0.00001 0.00002 -0.03445 -0.00000 0.00048 0.00015 0.00010 0.00000 -0.06692 -0.00000 -0.01732 0.00001 0.00041
-0.00000 -0.00000 0.00021 0.00153 0.00008 -0.00000 0.00301 0.03731 0.01162 -0.00001 -0.00000 0.00003 0.00001 0.00001 -0.00005 -0.00007 0.00001 -0.00001 0.01027 0.01430 0.00000 0.00287 0.00043 -0.00011 -0.00001 0.00000 0.00001 1.68647 0.00000 0.05921
0.81098 -0.10509 -0.03318 -0.01801 -0.00759 0.05860 -0.02107 0.03279 -0.01138 -0.02920 0.00024 -0.03633 0.00018 -0.03311 0.03087 -0.00807 -0.01658 0.00340 -0.03313 -0.00774 0.01719 -0.02372 0.01924 0.01508 0.00375 -0.03386 0.00000 0.00503 -0.02030 -0.00764
0.00005 -0.00000 0.00023 0.00172 0.00012 -0.00000 0.00956 -0.00075 0.00958 -0.00000 -0.00000 0.00002 -0.00002 0.00003 -0.00006 -0.00010 -0.00000 -0.00004 0.00312 -0.01125 -0.00000 0.00101 0.00091 -0.00007 -0.00001 0.00000 0.00002 0.00000 0.00000 0.22193
-0.05054 -0.11897 -0.06117 -0.02470 -0.01233 -0.14916 -0.04199 -0.02217 -0.01941 -0.06755 -0.01193 -0.02006 -0.00001 0.00001 -0.04942 0.00681 -0.03996 -0.04099 -0.02512 -0.03185 0.00008 -0.05156 -0.00197 0.01414 -0.00831 0.00803 0.00002 -0.00401 0.00000 -0.01595
0.00029 -0.00001 0.00010 -0.04615 0.00024 0.00000 -0.08069 -0.09276 -0.05828 0.00005 -0.00000 0.00095 -0.00012 -0.00006 -0.00476 0.00015 0.00032 0.00008 -0.07841 0.00246 -0.00000 -0.09442 0.00237 -0.00022 -0.00013 0.00001 0.00002 0.00000 -0.00003 0.00000
