0.00000 0.00069 0.00240 0.00205 -0.00007 0.00000 -0.00045 -0.00000 -0.00000 -0.00000 0.00035 0.00003 0.00000 0.00229 -0.00013 0.00000 0.00005 -0.00000 0.00019 0.00059 0.00004 -0.00003 -0.00004 0.00002 0.00000 -0.00000 -0.05462 -0.00002 0.00002 0.00000
0.00296 0.00000 0.00378 0.02659 -0.02052 -0.00672 -0.01400 -0.00571 0.00002 0.00000 -0.00026 -0.00001 -0.00144 0.01365 0.00092 0.03654 -0.02470 -0.00000 -0.00105 0.00039 0.00024 -0.01414 -0.00508 0.02105 0.00409 0.00002 0.00362 -0.00005 -0.00012 0.00012
0.00067 -0.00020 0.00000 -0.00988 -0.00023 -0.00000 0.00000 0.00000 -0.00002 -0.00000 -0.00043 0.00002 -0.00000 0.00000 -0.00048 0.00000 -0.00002 -0.00000 -0.00049 0.00003 0.00000 0.00003 -0.00013 0.00030 -0.00004 -0.00000 -0.00006 -0.00000 -0.00012 -0.00000
0.00061 -0.00020 -0.00019 0.00000 -0.00019 0.00000 0.00024 -0.00000 -0.00001 -0.00000 0.00036 0.00001 0.00000 0.00018 -0.01352 -0.00000 -0.00000 -0.00000 0.00045 -0.00380 0.00029 0.00082 -0.00018 0.00041 0.00106 -0.00000 0.00151 0.00000 -0.00011 0.00000
0.01144 -0.00005 -0.00027 0.01388 0.00000 0.00000 -0.00560 -0.00000 -0.00000 -0.00000 -0.00024 0.00001 0.00000 -0.03783 -0.00014 0.00000 -0.00000 0.00000 -0.00030 0.01297 -0.00004 0.00236 0.19470 0.00001 0.00805 -0.00000 0.01965 0.00000 0.00010 -0.00000
0.11617 0.00002 0.08750 0.09714 0.20701 0.00000 0.13023 0.74383 0.00000 -0.00000 -0.00002 -0.00000 -0.00015 0.10937 0.21341 0.30986 0.00004 0.00000 -0.00018 0.11177 0.00001 0.09274 0.05378 0.10235 0.09034 -0.00000 0.23080 0.00001 0.00000 -0.00006
-0.00926 -0.00024 0.31901 0.01199 -0.00026 0.00000 0.00000 -0.00000 -0.00000 0.00000 0.00032 -0.00001 -0.00000 -0.00242 -0.00024 -0.00000 -0.00002 -0.00000 0.00016 -0.00041 0.00010 0.00005 -0.00004 0.00003 -0.00604 -0.00000 0.88675 0.00001 -0.00007 -0.00000
-0.33303 0.00018 -0.35780 -0.32531 -0.35396 0.00000 -0.42872 0.00000 0.00001 -0.00000 -0.00012 -0.00000 -0.00058 -0.34305 -0.34998 -0.89757 0.00011 0.00001 -0.00060 -0.45020 -0.00004 -0.25882 -0.23630 -0.29957 -0.31901 0.00000 -0.36752 0.00001 -0.00000 0.00045
-0.06421 -0.02020 -0.03757 -0.05563 -0.04345 -0.16642 -0.03717 -0.07259 0.00000 -0.33982 -0.09500 -0.00001 -0.09313 -0.11260 -0.03300 0.18399 -0.15836 -0.06737 -0.06464 -0.05288 -0.00009 -0.07118 -0.04596 -0.08588 -0.08134 -0.20079 0.01792 0.00000 -0.00004 -0.08169
-0.16850 -0.05242 -0.10385 -0.14736 -0.12014 -0.48364 -0.09926 -0.21090 -0.00008 0.00000 -0.26730 0.00000 -0.25524 -0.29575 -0.09951 0.51513 -0.47198 -0.17360 -0.13211 -0.15161 0.00003 -0.21455 -0.14247 -0.24825 -0.23031 -0.55837 0.00835 0.00000 -0.00000 -0.21564
0.00519 -0.02664 -0.00630 0.02017 -0.01637 -0.02358 0.01096 -0.01192 -0.00000 -0.00000 0.00000 -0.00000 -0.00011 -0.01350 -0.02693 0.02341 -0.02015 0.01168 -0.01124 0.00131 0.00023 -0.00284 -0.00790 -0.01446 -0.00780 -0.04773 0.01872 0.00002 -0.00004 -0.00004
0.02456 -0.03956 -0.02005 -0.01139 -0.01897 -0.04376 -0.04332 -0.01581 -0.08232 0.15078 -0.04591 0.00000 -0.00242 -0.02595 -0.02306 0.07912 -0.03690 -0.01715 -0.02536 0.50228 -0.02036 -0.00442 -0.00893 -0.02816 -0.01779 -0.04073 -0.03903 -0.00000 -0.00002 0.02991
0.21866 -0.00266 0.22768 0.21644 0.20918 -0.01434 0.24674 -0.00605 -0.00001 -0.00000 -0.01797 0.00005 0.00000 0.20902 0.21649 0.61523 -0.06179 -0.00059 -0.00804 0.28214 -0.00015 0.18082 0.14320 0.19705 0.19562 -0.00429 0.26815 -0.00003 0.00020 0.01973
0.00229 -0.00007 0.38582 0.01695 -0.00007 0.00000 -0.00065 0.00000 -0.00001 -0.00000 -0.00001 0.00001 -0.00000 0.00000 0.00372 -0.00000 -0.00002 0.00000 -0.00037 -0.00054 0.00004 -0.00030 0.00717 -0.00037 0.00084 -0.00000 1.07963 -0.00001 0.00009 0.00000
-0.01248 -0.00011 -0.00720 -0.00023 -0.01486 0.00000 -0.01238 -0.00000 0.00001 -0.00000 -0.00009 -0.00001 -0.00000 0.00048 0.00000 -0.00000 0.00002 0.00000 -0.00008 -0.00036 0.00029 -0.01737 -0.00551 -0.00724 0.00023 0.00000 0.02816 -0.00001 -0.00004 -0.00000
-0.33279 -0.00014 -0.37104 -0.32849 -0.34701 -0.00000 -0.43250 -0.00000 0.00000 0.00000 -0.00014 0.00000 0.00001 -0.36407 -0.35134 0.00000 -0.00016 -0.00000 0.00016 -0.46296 -0.00016 -0.27902 -0.23364 -0.31689 -0.32005 0.00001 -0.37607 -0.00000 0.00003 -0.00000
0.00330 -0.00010 0.01640 0.00732 -0.03894 0.44559 0.00247 0.02735 0.00000 0.00000 -0.00003 0.00000 -0.00005 -0.00398 -0.03450 -0.01802 0.00000 0.00001 -0.00006 0.01975 0.00019 -0.00614 0.00788 0.00283 0.01707 0.00000 -0.03528 -0.00001 -0.00001 -0.00009
-0.32315 -1.50955 -0.09807 -0.31919 -0.36745 -0.23094 -0.45983 -0.00612 -0.00002 0.00000 0.00025 -0.00003 -0.00434 -0.31950 -0.32129 -0.85871 0.38558 0.00000 -0.52603 -0.47287 -0.00004 -0.31256 -0.23393 -0.25097 -0.34616 -0.00001 0.42616 0.00003 0.00009 -0.00003
-0.02093 0.00690 -0.00386 0.00961 -0.00881 -0.01021 -0.00533 -0.00337 -0.00007 -0.00000 -0.00058 0.00002 -0.00025 -0.00830 -0.03011 0.02845 -0.07124 -0.00000 0.00000 -0.00886 0.00161 -0.00224 0.00965 -0.02318 0.00544 0.00005 0.02702 -0.00002 0.00005 0.00028
0.00130 -0.00018 0.01561 0.00018 -0.00003 0.00000 -0.00781 0.00000 0.00001 -0.00000 0.00033 0.00000 0.00000 -0.00559 -0.00027 0.00000 -0.00001 -0.00000 -0.00006 0.00000 0.00008 0.00000 -0.00004 0.00007 -0.00573 0.00000 -0.00668 -0.00000 0.00001 -0.00000
-0.02778 -0.00435 0.30208 0.00881 -0.00714 -0.01587 -0.00496 -0.01036 -0.05715 0.04756 -0.00249 0.00044 -0.01776 -0.01276 0.00502 0.02479 -0.01371 -0.00231 -0.00057 -0.00006 0.00000 -0.01980 -0.02855 0.00336 0.00146 -0.00500 0.84500 -0.00000 0.00065 0.01715
-0.04384 -0.00012 -0.03223 -0.00159 -0.00001 0.00000 -0.01498 0.00000 0.00001 -0.00000 0.00028 0.00002 0.00000 -0.01931 -0.00021 0.00000 -0.00002 -0.00000 0.00039 1.62050 -0.00008 0.00000 -1.04876 -0.00013 -0.03299 -0.00000 -0.02821 0.00004 0.00018 -0.00000
-0.05084 0.00022 -0.01066 -0.01617 0.00002 -0.00000 -0.03997 -0.00000 -0.00000 0.00000 -0.00057 -0.00002 -0.00000 -0.00019 0.00005 0.00000 -0.00002 0.00000 -0.00018 -0.07326 -0.00004 -0.00000 0.00000 0.00001 -0.01737 -0.00001 -0.02890 -0.00002 -0.00011 -0.00000
0.03602 0.00026 0.00404 0.00652 0.33291 0.00000 0.03448 0.00000 -0.00000 -0.00000 -0.00016 -0.00000 0.00000 0.00283 0.00004 -0.00000 0.00002 0.00000 -0.00012 0.03491 0.00029 -0.01459 0.47754 0.00000 0.00081 -0.00000 -0.01229 -0.00004 -0.00002 -0.00000
1.99938 0.00078 -0.00287 0.00631 0.00000 0.00000 -0.00071 -0.00000 0.00000 0.00000 0.00030 0.00002 0.00000 0.01023 0.00660 0.00000 0.00005 -0.00000 0.00091 0.00030 0.00028 -0.00008 -0.00011 -0.00005 0.00000 -0.00000 0.17301 -0.00004 0.00000 -0.00000
0.00416 0.01284 -0.03603 -0.03488 0.04622 -0.81828 -0.03420 -0.03357 -0.00000 0.00000 -0.00005 0.00000 0.00058 0.01352 0.09552 0.05777 1.79990 -0.42858 -0.00030 -0.03154 0.00022 -0.00084 -0.02400 0.00174 -0.05878 0.00000 0.05769 -0.00002 -0.00003 0.00005
-0.00009 0.00008 -0.36024 -0.00248 -0.00006 0.00000 0.00000 -0.00000 -0.00001 0.00000 0.00030 -0.00001 0.00000 0.00000 0.00003 -0.00000 -0.00000 0.00001 0.00009 -0.00044 0.00001 -0.00003 -0.00002 -0.00023 0.00001 -0.00003 0.00000 -0.00001 0.00031 0.00000
-0.05617 -0.00495 -0.02622 0.00771 -0.01546 -0.03325 -0.01602 -0.02423 -0.08982 0.12688 -0.00052 0.06540 -0.05058 -0.03506 0.00127 0.06224 -0.04378 -0.01119 -0.01255 -0.62633 -1.59551 -0.02027 -0.04125 -0.01586 -0.02559 -0.03667 -0.08489 0.00000 0.12475 0.01105
0.01624 -0.03461 -0.01280 -0.01901 -0.00482 -0.03270 -0.02770 -0.01524 -0.05622 0.09495 -0.03226 -0.51768 0.00287 -0.01145 -0.02320 0.05602 -0.03276 -0.01077 -0.00860 0.38901 0.01621 -0.00317 -0.00680 -0.02008 -0.02037 -0.05310 0.00876 0.00004 0.00000 0.00530
-0.66089 -0.00077 -0.74214 -0.64441 -0.70388 -0.01767 -0.87870 0.00402 -0.00002 -0.00000 -0.01826 -0.00000 0.00023 -0.72786 -0.70265 -1.86359 -0.00036 -0.02005 -0.00536 -0.94129 0.00028 -0.58254 -0.72223 -0.64831 -0.66585 -0.02569 -0.69158 0.00003 -0.00031 0.00000
