0.00000 0.00000 0.00000 0.00000 0.00000 0.00000 0.00000 0.00000 0.00000 0.00000
0.00000 0.00000 0.47012 0.00000 0.39756 0.41302 0.00000 0.00000 0.31508 0.00000
-0.58917 0.00000 0.00000 0.45554 0.00000 0.00000 0.41163 -0.41791 0.80474 0.54881
0.00000 0.00000 0.00000 0.00000 0.00000 0.00000 0.00000 -0.68253 1.20586 0.60601
0.00000 0.00000 0.36571 0.00000 0.00000 0.00000 0.00000 0.00000 0.00000 0.00000
0.00000 0.00000 0.32538 0.00000 0.00000 0.00000 0.00000 0.00000 0.00000 0.00000
-0.45411 0.00000 0.00000 0.00000 0.00000 0.00000 0.00000 0.00000 0.00000 0.00000
0.30219 0.47163 0.00000 0.00000 0.00000 0.00000 0.00000 0.00000 1.22213 0.00000
0.00000 0.00000 0.00000 0.00000 0.00000 0.00000 0.00000 0.00000 0.00000 -0.31041
0.00000 0.00000 0.00000 0.00000 0.00000 0.00000 0.00000 0.00000 0.32844 0.00000
