0.00000 0.00375 0.00001 0.00039 0.00042 0.01003 -0.00000 0.01715 -0.11233 -0.00536
0.00361 -0.00000 0.00004 -0.00005 0.00326 -0.00046 -0.00188 -0.00000 0.10018 -0.00194
-0.47840 0.01892 -0.00000 -0.00003 0.00204 -0.00000 0.29258 -0.23426 0.74602 0.07910
-0.01589 0.01668 -0.15511 -0.00000 -0.00276 0.00144 0.00343 -0.41501 1.22163 0.12442
-0.00358 0.00032 -0.00033 -0.00120 -0.00000 -0.00157 0.00098 -0.00095 -0.00065 0.00192
0.00093 0.00026 0.00023 0.00387 -0.00010 -0.00000 -0.00104 0.00504 0.00585 0.00001
-0.40614 -0.00655 -0.00001 -0.00076 -0.00032 -0.00371 0.00000 -0.01357 0.01753 -0.00005
0.00072 0.29399 0.00001 0.00001 0.00131 -0.00044 0.00105 0.00000 1.40519 0.12174
0.00005 -0.00022 -0.00000 -0.00000 -0.00410 -0.00095 0.00059 -0.00000 -0.00000 -0.07429
-0.00063 0.00051 -0.00007 -0.00002 0.00396 0.00078 -0.00206 -0.00008 0.00013 0.00000
