0.00029 -0.03961 -0.00099 -0.30524 -0.01232 0.02749 0.00028 0.02901 -0.00048 0.00065 -0.01664 0.00011 2.30212 -0.00248 0.01938 0.35586 0.00175 -0.00007 -0.02607 0.00314 -0.00397 0.00850 0.00011 -0.00015 0.00136 0.11372 0.00449 -0.00091 0.00458 -0.01016
-0.00026 -0.00075 0.00159 -0.00267 -0.94468 -0.55239 -0.00101 -0.21640 0.00023 -0.00041 0.13330 -0.00395 -0.00183 -0.11548 -0.28336 -0.00056 -0.00148 0.00053 -0.33957 0.00057 -0.50761 0.00080 0.00062 -0.00282 -0.08671 1.25933 -0.13209 0.00299 -0.10485 0.04624
-0.02360 0.01803 0.00104 -0.00769 -0.00353 0.00078 -0.19323 -0.00308 -0.16191 0.00070 -0.00022 -0.00053 0.02644 -0.00076 0.00225 0.04980 -0.98267 0.82267 0.00069 -0.00037 -0.00114 0.00164 0.00088 -0.00006 -0.00023 -0.00269 -0.00030 0.00450 -0.00005 0.00145
0.00050 1.36660 -0.00022 -0.00059 -0.32708 0.15657 0.00086 0.07338 0.00057 0.00044 -0.09123 -0.00065 0.00146 0.00745 0.12065 0.00068 0.00146 -0.00067 -0.12038 0.00267 0.03528 0.07033 -0.00023 -0.00075 0.00713 1.24524 0.02861 -0.00018 -0.00165 -0.01298
0.00012 0.00128 -0.00041 -0.00077 0.00142 1.11165 0.00136 1.32432 -0.00008 0.00299 -0.29294 -0.01906 0.00181 0.05364 0.92092 0.00131 0.00152 -0.00054 1.80665 0.02905 0.34279 0.35951 -0.00849 -0.00101 0.10883 0.00036 0.31894 -0.00490 0.14848 -0.04457
0.00055 0.00088 -0.00205 -0.00104 0.00097 -0.00116 0.00125 0.00454 0.00010 0.01044 -0.20109 -0.03616 0.00204 0.30073 -0.00203 0.00117 0.00229 -0.00057 0.00140 0.09409 -0.52638 2.03586 -0.00494 0.01086 0.21781 -0.00014 0.48569 -0.01177 0.14278 0.19782
0.99961 0.00997 0.00164 -0.14136 -0.02833 0.00067 -0.00054 0.00791 3.18210 0.00033 -0.01547 0.00089 0.46651 0.00036 -0.00388 0.08900 -0.00060 0.00065 -0.00152 0.00368 -0.00150 0.00159 0.00128 0.00088 0.00011 0.00297 0.00316 0.00468 -0.00152 -0.00343
0.00081 -0.00234 0.00297 0.00081 0.00295 1.11146 0.00199 0.00221 0.00139 0.00150 -0.07726 -0.01582 0.00258 -0.07064 3.16158 0.00109 0.00100 0.00162 0.00398 -0.01227 -0.08575 0.39135 -0.01472 0.01032 0.18914 0.00027 0.13079 0.00520 0.03144 -0.12703
2.42101 0.00502 -0.00085 -0.12371 -0.02454 0.01392 0.00011 0.01495 0.00098 0.00045 -0.01459 0.00023 1.19637 -0.00293 0.00155 0.09826 0.00182 -0.00031 -0.01979 0.00224 -0.00165 0.00477 0.00046 -0.00014 0.00063 0.08618 0.00305 -0.00068 0.00105 -0.00824
0.00498 0.00342 -1.36905 -0.00638 -0.00081 0.00061 0.04134 -0.00286 -0.02455 -0.00067 0.00133 0.00005 0.02323 0.00076 -0.00013 0.01912 0.46888 0.02438 -0.00022 -0.00219 -0.00116 0.00064 0.00196 0.00099 0.00033 -0.00243 -0.00088 -1.52687 -0.00249 -0.00004
-0.00068 -0.00084 -0.02717 -0.00041 -0.00226 0.00185 -0.00216 -0.00167 -0.00178 -0.07154 -0.00031 -0.14499 -0.00049 0.00050 0.00126 0.00028 -0.00410 0.00238 -0.00191 0.44302 -0.00101 -0.00121 -0.02191 -0.07085 -0.04709 0.00006 -0.00068 0.03861 1.86663 -0.00025
0.00213 0.00084 0.00372 -0.00004 0.00086 -0.00163 0.00448 0.00195 0.00750 0.77184 0.00033 0.00060 0.00239 -0.00096 -0.00072 -0.00073 -0.00478 -0.01869 0.00146 0.00225 0.00182 0.00030 0.51144 2.06341 0.00069 0.00117 0.00035 -0.35685 0.00136 0.00052
0.00060 -0.06256 -0.00114 -0.84464 -0.04508 0.06569 0.00197 0.05894 -0.00024 0.00089 -0.02044 0.00003 0.00208 -0.00449 0.04259 1.43625 0.00181 -0.00072 -0.02800 0.00436 -0.00932 0.03610 0.00020 0.00045 0.00352 0.18952 0.00882 -0.00074 0.00702 -0.01366
0.00067 0.00077 0.01113 0.00045 0.00119 -0.00132 0.00193 0.00477 0.00094 0.02823 -0.42880 -0.08320 0.00163 -0.00081 -0.00317 0.00091 -0.00042 -0.00211 0.00097 0.02480 0.00126 0.00045 -0.14108 -0.02567 0.65163 0.00037 1.76535 -0.04571 0.14296 0.93912
0.00088 0.00090 0.00186 0.00078 0.00037 3.05505 -0.00129 0.00215 -0.00120 0.00147 -0.23502 -0.02098 0.00048 0.04249 -0.00406 0.00029 -0.00208 -0.00011 -0.00158 0.04691 -0.15492 0.60042 -0.01286 0.00741 -0.00182 0.00011 0.23028 -0.00221 0.01207 -0.02861
-0.00069 0.09393 0.00042 -3.47391 0.05246 -0.12662 -0.00060 0.04579 0.00030 0.00002 0.10501 0.00028 -0.00056 -0.00783 -0.03387 -0.00069 -0.00093 0.00017 0.27841 0.00008 -0.12821 0.11209 0.00280 0.00094 -0.01215 -0.65993 -0.02677 0.00110 -0.01222 0.07683
-0.04492 0.01925 -0.00284 -0.12337 0.00011 -0.00918 0.62475 -0.00392 -0.27040 -0.00096 -0.00846 0.00064 0.10818 -0.00090 0.00199 0.27853 -0.00129 -2.07457 0.01423 -0.00273 -0.01215 0.00432 0.00160 0.00052 -0.00051 -0.02528 -0.00280 0.00049 -0.00414 0.00253
-0.44546 0.07787 0.00084 -0.04866 -0.00049 -0.00322 -2.20549 -0.00048 -1.78656 0.00037 0.01688 0.00036 0.09306 0.00296 0.00223 0.34110 -0.00061 0.00038 0.01346 -0.00195 -0.00301 0.00450 0.00158 0.00103 -0.00162 -0.03328 -0.00018 0.00260 -0.00331 0.00697
0.00080 0.00325 0.00267 -0.00138 -0.00077 0.43793 -0.00064 2.70358 -0.00005 0.00183 -0.21857 -0.00604 0.00230 -0.09181 1.10565 0.00102 -0.00053 0.00039 0.00012 -0.00747 0.11043 0.15502 0.00132 0.01064 0.08175 0.00114 0.19657 -0.00098 0.05303 -0.03024
0.00017 -0.00138 -0.04823 -0.00044 -0.00200 0.00102 -0.00374 -0.00269 -0.00205 -0.20965 -0.00050 -0.96453 -0.00083 0.00076 0.00101 0.00050 -0.01738 -0.00007 -0.00164 -0.00130 -0.00199 -0.00056 -0.20343 -0.23555 2.26379 -0.00023 0.00011 -0.05861 -0.00203 -0.00022
-0.00064 -0.00130 -0.00616 -0.00036 -0.00104 0.00173 -0.00066 -0.00530 0.00018 -0.00551 0.25284 0.02588 -0.00154 -2.09939 0.00201 -0.00045 -0.00102 0.00041 -0.00089 0.11056 -0.00171 0.00025 0.10035 0.03144 -0.26385 -0.00004 -0.71959 0.00864 -0.22488 -0.22090
0.00128 0.00105 -0.00318 0.00005 0.00079 -0.00308 0.00272 0.00026 0.00180 0.00168 -0.04729 -0.01875 0.00429 0.80002 -0.00429 0.00182 0.00075 -0.00199 0.00361 0.13183 -2.27734 -0.00069 0.03744 0.03271 0.05065 0.00110 0.30367 -0.00908 -0.13979 0.41646
-0.00228 -0.00165 -0.51636 -0.01071 -0.00113 0.00050 0.01867 -0.00309 -0.01019 1.69250 -0.00317 0.00059 0.01773 0.00035 0.00026 0.01711 0.10463 0.03063 -0.00017 -0.00152 -0.00088 0.00008 -0.00025 0.00090 -0.00019 -0.00176 -0.00069 -0.45083 -0.00186 -0.00035
0.00772 -0.00009 0.00766 0.00040 0.00042 -0.00128 0.01251 0.00190 0.01255 1.40844 -0.00024 0.00012 0.00485 -0.00049 -0.00206 -0.00174 -0.03604 -0.04430 0.00139 0.00217 0.00063 0.00075 1.02420 -0.00042 0.00008 0.00127 0.00012 -0.78263 0.00153 0.00038
-0.00018 -0.00046 0.00324 0.00038 -0.00136 0.00093 -0.00050 -0.00315 -0.00186 -0.18051 -0.00058 -1.66307 -0.00087 0.00077 0.00188 -0.00040 0.01559 0.00964 -0.00204 -0.00244 -0.00139 -0.00053 0.16138 -0.55686 0.00080 -0.00027 -0.00010 0.10194 -0.00138 -0.00037
0.00004 0.00464 -0.00004 0.00070 -2.08874 -0.44952 -0.00164 -0.31261 -0.00005 -0.00194 0.11964 0.00219 -0.00192 -0.06408 -0.33974 -0.00110 -0.00217 0.00068 -0.54799 -0.00723 -0.47348 0.13511 0.01066 0.00440 -0.04934 -0.00031 -0.10158 0.00053 -0.12505 0.14403
-0.00008 -0.00114 -0.01849 0.00060 -0.00134 0.00139 -0.00186 -0.00409 -0.00289 -0.05049 -1.70984 0.08747 -0.00110 0.00089 0.00179 -0.00023 -0.00326 0.00303 -0.00143 -0.92439 -0.00060 -0.00014 0.27963 0.04058 -1.24898 -0.00052 0.00005 0.05048 -2.77736 0.00175
-0.05559 0.00024 1.27092 -0.00594 -0.00216 0.00084 -0.14273 -0.00349 -0.11554 -0.00052 -0.00072 -0.00011 -0.01612 0.00032 0.00048 0.01359 -0.45973 0.31428 -0.00082 -0.00235 -0.00046 0.00002 0.00030 0.00024 0.00013 -0.00262 -0.00122 0.00051 -0.00171 0.00054
0.00273 0.00193 -0.01043 0.00067 0.00001 -0.00077 -0.00349 -0.00066 -0.00059 0.02554 -0.00465 -0.38221 0.00137 0.00000 0.00230 -0.00009 -0.00201 0.00324 0.00174 2.06110 -0.00078 -0.00134 -0.17861 -0.13241 0.87182 -0.00020 0.00156 -0.11436 -0.00011 0.00090
0.00010 0.00059 -0.06682 -0.00053 -0.00013 0.00123 -0.01026 -0.00189 -0.00725 -0.15585 -0.64048 -0.12260 0.00067 -0.00175 0.00069 0.00247 0.00847 0.00740 -0.00132 -0.16730 -0.00340 0.00015 -0.03252 -0.16059 -0.45445 -0.00074 2.37973 0.02801 -0.15171 -0.00035
