-0.00000 0.69034 0.00001 0.04489 0.00009 0.00006 -0.00037 0.00000 -0.00000 -0.00000 0.00193 0.00000 -0.45244 -0.00000 0.00008 -0.00000 0.38454 -0.00000 0.00000 0.00000
-0.00000 0.00000 0.01975 0.14154 0.00050 0.00028 -0.00000 0.00003 -0.00019 0.00022 0.57903 0.00009 -0.25743 0.05419 0.00003 -0.00000 0.26674 -0.00023 0.00010 -0.00000
0.00017 -0.00000 -0.00000 -0.00000 0.00000 -0.00001 -0.00000 0.00000 -0.00006 -0.00000 0.00001 0.00000 -0.00039 -0.00000 0.00000 -0.00000 0.54422 0.00009 -0.00000 -0.00000
-0.00000 -0.00000 0.00000 -0.00000 0.00009 0.00046 -0.00019 0.00011 -0.00000 -0.00005 0.00003 0.00004 0.00000 0.00000 -0.00000 0.00000 0.58044 0.00020 0.00000 0.00000
0.00000 0.00000 -0.00034 0.00036 0.00000 0.00000 0.43605 -0.00979 -0.00000 0.06386 -0.00021 -0.13431 0.00042 0.00007 0.08955 -0.09814 -0.00060 0.17003 0.00045 -0.00012
0.00051 0.00054 0.00030 0.00037 0.16157 -0.00000 0.00758 -0.00005 0.46206 0.00103 0.00000 -0.00081 -0.00000 0.00009 0.00142 -0.00037 0.00025 0.25799 0.00000 0.00015
-0.00017 -0.00081 -0.00028 0.00000 0.00000 0.00000 0.00000 -0.00000 0.00000 0.00046 0.00000 -0.66066 0.00013 0.00000 0.00035 -0.00000 -0.00062 0.04389 0.00061 -0.00000
0.00021 0.00015 0.00000 0.00003 0.00000 -0.00001 0.00001 -0.00000 0.00021 -0.00000 -0.00000 0.00000 -0.00000 -0.00000 -0.00008 0.00006 0.00030 0.44665 -0.00002 -0.00005
-0.00003 0.00000 -0.00045 -0.00027 1.10678 0.00000 0.56999 -0.00018 -0.00000 0.00032 0.00018 -0.00794 -0.00000 0.00000 0.01327 -0.03415 -0.00079 0.12978 0.00000 0.00000
-0.00000 -0.00014 -0.00000 -0.00000 0.00000 0.00012 0.00008 -0.00000 0.00000 -0.00000 -0.00016 -0.00000 -0.00000 -0.00005 0.00000 -0.00000 -0.00000 -0.00000 0.00000 0.00000
0.00000 0.00000 0.00000 0.00000 0.00021 0.00026 -0.00013 -0.00047 -0.00029 -0.00007 -0.00000 0.00016 -0.08400 0.00000 -0.00000 -0.00000 0.00000 -0.00000 0.00007 -0.00008
0.00028 0.00035 0.00030 -0.00004 -0.00000 -0.00015 -0.00000 -0.00000 -0.00000 -0.00035 0.00000 0.00000 -0.00007 -0.00000 -0.00035 -0.00000 0.00073 -0.05345 -0.00023 0.00021
0.00000 -0.00000 -0.00000 -0.00000 -0.00064 -0.00005 -0.00018 0.00021 -0.00032 0.00000 -0.00000 0.00023 0.00000 0.00000 0.00000 0.00009 0.00000 -0.00014 -0.00036 -0.00000
0.00000 0.00000 -0.00000 -0.00000 -0.00049 0.00000 -0.00007 -0.00002 -0.00072 -0.01385 0.02978 0.00028 0.06164 -0.00000 0.00000 -0.00085 0.00000 -0.00042 -0.00000 -0.00026
0.00000 0.00000 0.00000 0.00000 0.00000 0.00017 -0.00158 -0.00000 0.00000 0.00718 -0.00000 -0.00000 0.00000 0.00004 -0.00000 -0.18799 -0.00055 0.00000 -0.00000 -0.00000
-0.00013 -0.00023 -0.00000 -0.00002 -0.00000 -0.00087 0.01814 0.00000 -0.00000 -0.06675 -0.00006 0.00000 0.00000 -0.00000 0.00000 0.00000 -0.00008 -0.00000 0.00000 0.00000
0.00000 0.00000 -0.00000 -0.00000 -0.00050 -0.00040 -0.00076 0.00000 -0.00110 -0.03659 0.05337 0.00043 0.36328 0.73796 0.00000 -0.00131 0.00000 -0.00046 0.00000 -0.00025
-0.00031 -0.00000 -0.00000 0.00077 0.00000 0.00000 0.00000 -0.00000 0.00000 0.00687 -0.00008 -0.00000 -0.00006 0.00010 0.03022 -0.04654 -0.00008 0.00000 -0.00000 -0.00000
0.00015 0.00003 0.00000 -0.00000 -0.00000 0.00002 -0.00011 -0.00001 0.00000 0.00004 0.00000 0.00000 -0.00004 -0.00000 -0.00000 0.00000 -0.00000 0.00000 -0.00000 -0.00000
-0.00014 -0.00003 -0.00002 -0.00010 0.00000 -0.00007 0.00000 0.00000 -0.00009 0.00000 0.00000 -0.00000 -0.00000 -0.00000 -0.00000 0.00000 -0.00018 -0.00007 0.00000 -0.00000
