0.00001 0.00014 0.00000 -0.24036 -0.00026 0.00205 -0.00000 0.04936 -0.59097 -0.09209 0.29892 0.25273 0.00000 -0.00001 0.00960 0.00005 -0.00492 -0.00004 -0.00007 0.00026
0.00124 0.00001 -0.30605 -0.00015 0.00001 -0.00004 -0.00345 0.00026 0.00007 -0.00010 -0.24192 0.00033 -0.00133 0.03466 0.00006 0.93210 -0.00001 0.00001 0.00001 -0.00002
-0.00380 -0.00001 0.00001 0.00205 -0.00006 0.00005 0.28061 -0.00107 0.00268 0.00085 -0.55548 -0.00015 0.00452 -1.05263 0.00002 -0.00000 0.00001 -0.00001 0.00007 -0.00001
-0.00012 0.00051 -0.00003 -0.00002 0.00206 0.01732 0.00002 0.35950 0.37048 0.39886 -0.04582 -0.00003 -0.00001 -0.00005 -0.19451 -0.00020 -0.05900 0.00137 0.00109 0.00105
-0.00006 -0.00717 -0.00153 0.00002 -0.00000 0.00000 0.00021 0.00012 -0.00005 -0.00000 -0.00275 -0.00002 -0.00023 0.00038 -0.00000 0.00441 0.00000 0.55897 -0.79740 -0.50980
0.00015 0.00269 -0.00054 0.00004 0.89203 -0.00001 -0.00022 0.00001 0.00000 0.00001 -0.10253 0.00005 -0.00014 -0.00009 0.00000 0.00123 -0.00001 0.02322 -0.34092 -0.07073
-0.24612 -0.00000 -0.00000 0.00490 0.00002 -0.00002 0.00000 0.00048 -0.00848 0.00172 0.08412 -0.10083 1.22986 -0.00000 -0.00094 0.00001 0.00240 0.00003 -0.00015 -0.00005
-0.00001 0.00025 0.00031 0.00000 0.00287 -0.00203 -0.00007 -0.00001 0.00000 0.00000 0.01104 -0.00005 -0.00015 -0.00000 0.14150 0.00028 -1.64557 0.00065 0.00384 -0.00067
-0.00002 -0.00001 -0.00000 0.00000 0.00117 0.00241 -0.00006 -0.43231 0.00000 0.83428 -0.01096 -0.00003 0.00001 0.00001 -0.06222 -0.00023 0.11082 0.00087 -0.00201 0.00028
0.00000 0.00067 0.00004 -0.00001 0.00615 0.06952 -0.00003 -0.57018 0.00001 -0.00000 -0.01274 -0.00001 -0.00000 0.00016 -0.62492 0.00023 0.51754 0.00169 -0.00146 -0.00266
0.00001 0.00001 -0.00002 -0.00009 0.00001 0.00007 0.00001 -0.00001 -0.00002 0.00010 -0.00001 -0.00019 -0.00000 -0.00001 -0.00002 0.00001 0.00011 -0.00013 -0.00000 0.00000
-0.00000 -0.00006 0.00007 -0.17822 -0.00032 -0.00173 0.00000 0.06203 -0.28447 -0.13072 0.02810 0.00001 0.00000 -0.00001 0.00262 0.00001 0.01172 -0.00002 -0.00005 -0.00013
-0.55809 -0.00006 0.00001 -0.00280 0.00022 0.00032 -0.00000 -0.00641 0.05875 0.00580 0.00031 -1.16881 -0.00000 -0.00000 -0.00318 -0.00000 0.00301 -0.00002 -0.00005 0.00000
0.01692 -0.00001 0.00000 -0.00158 -0.00001 -0.00005 -0.91040 0.00243 -0.00561 -0.00204 -0.15484 -0.00376 -0.18663 -0.00000 0.00019 0.00000 -0.00104 -0.00000 -0.00016 -0.00001
0.00006 -0.00096 0.00062 -0.00001 -0.23909 -0.88955 0.00002 -0.00000 -0.00001 -0.00000 -0.12845 0.00008 -0.00004 -0.00018 0.00000 -0.00032 0.00000 -0.00325 0.02999 -0.00242
0.00054 0.00000 -0.91200 0.00015 0.00000 -0.00007 -0.01599 -0.00023 -0.00084 -0.00011 -0.16182 0.00133 -0.00374 0.32442 0.00004 -0.00000 -0.00032 0.00000 0.00006 -0.00005
0.00000 0.00292 -0.00007 -0.00005 0.06595 0.14996 -0.00007 -0.00000 -0.00001 0.00000 0.00096 -0.00006 0.00004 0.00012 -0.45679 0.00117 -0.00002 0.00171 0.00678 -0.00035
0.00049 0.50475 -0.00668 0.00003 0.00001 0.00001 -0.00282 -0.00006 0.00002 0.00006 0.00845 -0.00015 -0.00137 0.00680 0.00000 0.23050 0.00004 -0.00001 -0.00000 -0.00001
0.00012 -0.27723 -0.00152 -0.00005 0.00000 -0.00000 0.00004 -0.00001 -0.00004 0.00001 0.15177 0.00028 0.00065 -0.00236 -0.00005 -0.00403 -0.00006 -0.43038 -0.00001 0.59345
0.00022 -0.49535 0.00615 0.00017 -0.00001 0.00001 0.00206 -0.00013 0.00002 -0.00002 -1.14538 -0.00055 -0.00032 -0.00105 -0.00008 -0.14437 -0.00016 -0.44973 0.00000 -0.00001
