0.00000 -0.34841 0.00000 0.00000 -0.39872 -0.00062 -0.00001 -0.43532 -0.00000 -0.04291
-0.00000 0.00000 -0.00005 0.00000 -0.19852 -0.02297 -0.00059 -0.18288 0.00000 -0.41533
0.04844 -0.00029 -0.00000 -0.46146 0.56350 -0.00000 -0.00000 0.55074 -0.06659 -0.00004
-0.41958 -0.00412 -0.00000 0.00000 -0.82513 -0.00002 -0.00000 -0.83673 -0.41282 -0.00044
0.00000 0.00000 -0.00000 0.00000 0.00000 -0.00000 0.00000 -0.00001 -0.00000 -0.00000
0.00002 0.00000 -0.02369 -0.00042 -0.08102 -0.00000 -0.46127 -0.08432 -0.00001 -0.00000
0.00042 -0.00000 -0.45516 -0.01792 0.96304 -0.00000 0.00000 -0.09303 -0.00032 -0.00000
0.00000 -0.00000 -0.00000 0.00000 0.00161 -0.00000 -0.00000 0.00000 0.00000 0.00000
-0.10919 -0.12686 -0.00000 0.00000 -0.45347 -0.00038 -0.00001 -0.44731 0.00000 -0.02090
0.00000 0.00000 -0.00080 0.00000 -0.05131 -0.45573 -0.01777 1.04879 0.00000 0.00000
