1.000 -0.008 -0.006 -0.008 -0.008 -0.005 -0.007 -0.005 -0.005 -0.005 -0.005 -0.005 -0.008 -0.005 -0.005 -0.007 -0.005 -0.004 -0.005 -0.005
-0.008 1.000 0.010 0.008 0.010 0.008 0.010 0.007 0.008 0.008 0.007 0.008 0.009 0.007 0.007 0.010 0.008 0.007 0.007 0.008
-0.006 0.010 1.000 0.005 0.007 0.007 0.007 0.007 0.007 0.006 0.006 0.007 0.005 0.007 0.007 0.007 0.007 0.006 0.006 0.007
-0.008 0.008 0.005 1.000 -0.022 -0.002 -0.016 0.001 -0.002 0.000 0.001 -0.002 -0.021 -0.000 0.001 -0.013 -0.001 0.002 0.000 -0.001
-0.008 0.010 0.007 -0.022 1.001 0.001 0.007 -0.000 0.001 -0.000 -0.000 0.001 0.010 0.000 -0.000 0.005 0.000 -0.001 0.000 0.000
-0.005 0.008 0.007 -0.002 0.001 1.000 -0.001 -0.004 -0.004 -0.004 -0.004 -0.003 -0.001 -0.004 -0.004 -0.001 -0.004 -0.004 -0.004 -0.004
-0.007 0.010 0.007 -0.016 0.007 -0.001 1.001 0.001 -0.001 -0.000 0.000 -0.002 -0.023 -0.000 0.000 -0.014 -0.001 0.001 -0.001 -0.000
-0.005 0.007 0.007 0.001 -0.000 -0.004 0.001 1.000 0.001 0.001 0.001 0.001 0.002 0.001 0.001 0.002 0.001 0.001 0.001 0.001
-0.005 0.008 0.007 -0.002 0.001 -0.004 -0.001 0.001 1.000 -0.000 -0.000 -0.000 -0.001 -0.000 -0.000 -0.000 -0.000 -0.000 -0.000 -0.000
-0.005 0.008 0.006 0.000 -0.000 -0.004 -0.000 0.001 -0.000 1.000 0.000 -0.000 -0.002 -0.000 -0.000 -0.001 0.000 0.000 -0.000 -0.000
-0.005 0.007 0.006 0.001 -0.000 -0.004 0.000 0.001 -0.000 0.000 1.000 -0.002 -0.003 -0.002 -0.002 -0.002 -0.002 -0.002 -0.002 -0.002
-0.005 0.008 0.007 -0.002 0.001 -0.003 -0.002 0.001 -0.000 -0.000 -0.002 1.000 -0.042 -0.016 -0.015 -0.028 -0.016 -0.015 -0.016 -0.016
-0.008 0.009 0.005 -0.021 0.010 -0.001 -0.023 0.002 -0.001 -0.002 -0.003 -0.042 1.003 -0.007 -0.007 -0.028 -0.007 -0.005 -0.008 -0.007
-0.005 0.007 0.007 -0.000 0.000 -0.004 -0.000 0.001 -0.000 -0.000 -0.002 -0.016 -0.007 1.000 -0.002 0.003 -0.001 -0.002 -0.002 -0.002
-0.005 0.007 0.007 0.001 -0.000 -0.004 0.000 0.001 -0.000 -0.000 -0.002 -0.015 -0.007 -0.002 1.000 -0.002 -0.001 -0.002 -0.002 -0.001
-0.007 0.010 0.007 -0.013 0.005 -0.001 -0.014 0.002 -0.000 -0.001 -0.002 -0.028 -0.028 0.003 -0.002 1.002 0.005 0.007 0.006 0.005
-0.005 0.008 0.007 -0.001 0.000 -0.004 -0.001 0.001 -0.000 0.000 -0.002 -0.016 -0.007 -0.001 -0.001 0.005 1.001 -0.002 -0.002 -0.002
-0.004 0.007 0.006 0.002 -0.001 -0.004 0.001 0.001 -0.000 0.000 -0.002 -0.015 -0.005 -0.002 -0.002 0.007 -0.002 1.000 0.002 0.003
-0.005 0.007 0.006 0.000 0.000 -0.004 -0.001 0.001 -0.000 -0.000 -0.002 -0.016 -0.008 -0.002 -0.002 0.006 -0.002 0.002 1.001 -0.000
-0.005 0.008 0.007 -0.001 0.000 -0.004 -0.000 0.001 -0.000 -0.000 -0.002 -0.016 -0.007 -0.002 -0.001 0.005 -0.002 0.003 -0.000 1.001
