0.00000 0.00035 -0.00009 0.23616 0.00000 -0.00000 -0.00008 -0.00000 -0.00000 -0.00000 -0.00000 0.00000 -0.24729 0.00000 0.00000 0.00055 0.00006 0.00000 0.00003 0.00000
0.00087 0.00000 0.02308 -0.00000 0.00005 0.00017 -0.00019 0.00000 -0.00000 0.00006 0.00014 -0.00048 -0.00000 -0.00000 0.00000 -0.00000 0.00000 -0.00145 0.00000 -0.00029
0.00004 0.00034 0.00000 0.00000 0.00056 0.00042 -0.00000 0.00002 0.00000 0.00010 0.00000 -0.00000 -0.00000 0.00000 0.00001 0.00011 0.00012 -0.00007 -0.00000 -0.00013
0.00000 -0.19313 -0.05838 0.00000 -0.18737 -0.00003 0.00000 0.00014 -0.00006 -0.00000 -0.00000 0.00000 -0.02183 -0.00022 -0.00000 -0.00000 0.00031 0.00045 -0.00010 0.00000
0.00008 0.12014 0.02121 -0.00000 0.00000 0.00018 -0.00009 -0.00000 0.00000 0.00000 -0.00008 -0.00000 -0.49172 0.00000 0.00000 -0.00000 0.00000 0.00000 0.00005 -0.00000
-0.00006 0.00002 0.00034 -0.08686 -0.00000 -0.00000 -0.24416 -0.00000 0.00000 0.00000 0.00000 -0.00000 -0.00000 -0.00000 -0.00000 0.24329 0.00000 -0.00000 -0.00000 -0.00000
-0.00009 -0.06039 -0.26699 0.30846 -0.09616 -0.00000 -0.00000 0.00000 0.00000 -0.00016 -0.00008 0.00069 0.00089 -0.00000 0.00000 0.00000 -0.00000 0.00046 -0.00039 0.00012
-0.00000 0.00000 0.00004 0.00000 -0.00007 0.00007 0.00000 -0.00000 -0.00000 -0.00000 -0.00007 -0.00004 -0.00000 0.00002 0.00000 -0.00014 -0.00000 -0.00000 0.00000 -0.00000
0.00000 -0.00032 0.00001 -0.00000 -0.00001 -0.00000 -0.00000 0.00000 -0.00000 0.00019 -0.00000 0.00005 -0.00000 0.00009 0.00000 -0.00000 -0.00000 0.00000 0.00000 0.00000
-0.00000 0.00000 0.00013 -0.00019 0.00000 0.00009 -0.00023 0.00000 0.00017 -0.00000 0.00004 0.00001 0.00004 -0.00000 0.00000 0.00033 -0.00000 0.00000 -0.00000 -0.00000
-0.00002 0.00000 -0.00000 0.00000 -0.00000 0.00000 -0.00000 -0.00000 -0.00000 -0.00000 -0.00000 -0.00000 0.00000 -0.00000 -0.00010 -0.00000 0.00001 -0.00000 -0.00000 -0.00000
-0.27874 -0.00002 -0.00000 -0.22028 0.00000 0.00000 0.00006 -0.00000 0.00000 0.00003 -0.00000 -0.00000 0.42138 0.00000 -0.00000 -0.00028 -0.00000 0.00000 -0.00000 -0.00000
-0.00000 -0.07811 -0.00719 -0.00002 -0.00000 -0.00191 0.00176 -0.00000 -0.00001 -0.00000 0.00000 0.00000 0.00000 0.00017 -0.00000 -0.00000 -0.00008 -0.00000 -0.00000 0.00022
0.00000 -0.36124 -0.00000 -0.00007 -0.00007 -0.00005 -0.00000 -0.00000 -0.00000 -0.00000 -0.00016 0.00000 0.00016 -0.00000 -0.00000 0.02335 0.00000 0.00000 -0.00001 -0.00000
0.06460 -0.00000 0.00000 -0.00063 -0.00000 -0.00021 0.00001 -0.00000 0.00008 0.00000 -0.00000 -0.00000 0.00021 -0.00000 -0.00000 0.00022 0.00002 -0.00000 -0.00000 0.00000
0.00000 0.44219 0.00161 -0.46637 0.49989 -0.00000 -0.36093 0.00004 0.00000 -0.00000 -0.00000 -0.00008 -0.00022 0.00025 -0.00000 -0.00000 0.00000 -0.00051 -0.00000 -0.00000
0.00000 0.00000 -0.00000 0.00007 -0.00002 0.00002 0.00000 -0.00005 0.00000 -0.00000 -0.00000 0.00000 -0.00000 0.00000 -0.00000 -0.00070 -0.00000 -0.00000 0.00000 -0.00000
-0.00000 -0.00000 0.00000 0.00000 0.21521 0.00000 -0.00000 0.00000 0.00000 0.00004 -0.00000 0.00000 0.00000 -0.00000 0.00000 -0.00000 -0.00000 0.00000 -0.00000 -0.00000
0.00000 0.00000 0.00000 -0.00000 0.00008 0.00010 -0.00019 -0.00001 -0.00000 -0.00000 0.00000 0.00010 -0.00000 0.00000 0.00000 -0.00028 0.00000 -0.00000 -0.00000 0.00000
0.00020 0.00004 -0.00022 0.00000 -0.00000 -0.00030 0.00000 -0.00000 0.00000 -0.00000 -0.00002 0.00000 -0.00000 -0.00002 0.00000 -0.00022 -0.00000 0.00000 0.00000 -0.00000
