0.00000 0.00000 0.00000 -0.00000 -0.47636 -0.33734 -0.15570 -0.00000 -0.00000 -0.00002 0.00000 0.00000 -0.00000 0.00000 -0.00000 -0.01451 -0.00177 -1.01028 0.01357 0.00000 0.00000 -0.00145 0.00000 0.15816 -0.00000 -0.14327 0.00000 0.00000 0.00000 -0.00084
0.69028 0.00000 0.00000 -0.00000 -0.05073 -0.01985 -0.10935 -0.00000 -0.00000 -0.00000 0.00000 0.00000 -0.00000 -0.00000 -0.00000 -0.00648 -0.00005 -0.01041 0.00087 -0.00000 0.00000 -0.00067 0.00000 0.03912 -1.14446 0.00570 0.00000 0.00000 -0.00000 -0.00005
0.00123 0.02264 0.00000 -1.05688 0.00021 -0.00084 -0.00251 -0.00000 -0.00000 -0.00000 0.00000 0.00000 -1.54748 -0.00000 -0.03192 -0.00000 -0.00000 -0.00012 0.00000 -0.01039 0.00000 -0.00000 -0.00000 0.00000 -0.00334 0.00018 0.00000 0.42672 -0.02592 -0.00000
-0.00689 -0.00191 -0.00000 0.00000 0.00236 0.00062 -0.00604 -0.00000 0.00000 0.00000 -0.00000 -0.00000 0.00000 -0.00000 0.25378 0.00000 0.00000 0.00123 -0.00000 -0.39296 -0.00000 -0.00000 -0.00000 -0.00014 0.03557 -0.00057 -0.00000 -0.77950 0.10611 0.00000
0.00000 0.00000 -0.00000 0.00000 0.00000 -0.00000 -0.00000 0.00000 0.00002 -0.00004 0.00001 -0.00000 0.00000 -0.00010 -0.00000 0.03348 0.00583 -0.00000 -0.01669 0.00000 -0.00006 -0.00000 -0.00192 -0.27838 -0.00000 -0.00000 -0.00043 0.00000 0.00000 -0.00091
0.00000 0.00000 0.00000 -0.00000 0.04135 -0.00000 -0.00000 -0.00004 0.00022 0.00053 -0.00000 0.00000 0.00000 -0.00018 0.00000 0.01902 0.01543 0.29207 -0.00441 -0.00000 -0.00002 -0.03893 -0.00277 -0.02787 0.00000 0.00000 -0.00229 0.00000 0.00000 0.00550
-0.00000 0.00000 0.00000 -0.00000 0.14875 -0.00285 -0.00000 -0.00000 0.00001 0.00005 -0.00000 -0.00000 0.00000 -0.00004 0.00000 0.04357 0.00117 0.56541 -0.00022 -0.00000 -0.00000 -0.00814 -0.00016 -0.00323 0.00000 0.19966 -0.00013 0.00000 0.00000 -0.00012
0.00111 0.01090 0.42235 -0.02579 0.00200 -0.00109 -0.00226 0.00000 -0.00000 -0.00000 0.00000 -0.46161 0.31215 -0.00000 -0.04892 -0.00000 0.00000 -0.00017 0.00000 0.08031 -0.00000 -0.00000 -0.00000 0.00000 -0.00318 0.00026 0.00000 0.05548 -0.03164 -0.00000
-0.00000 -0.00003 -0.29435 0.01143 0.00000 0.00000 -0.00001 -0.39206 0.00000 -0.49741 -0.83386 0.15177 0.14535 -0.26109 0.00068 0.00000 -0.00000 0.00000 -0.00000 0.00287 -0.48997 0.00000 -0.00000 -0.00000 0.00000 -0.00000 -0.00000 -0.00661 0.00511 0.00000
-0.00000 0.00000 0.02238 -0.01827 -0.00000 -0.00000 -0.00001 -0.26002 -0.00000 0.00000 -0.51890 0.00152 -0.00229 -0.19129 0.00182 -0.00000 0.00000 -0.00000 0.00000 -0.00457 -0.50664 -0.00000 -0.00000 0.00000 0.00000 0.00000 0.00000 0.00758 -0.00159 -0.00000
0.00009 0.00164 0.62635 -0.05429 0.00017 -0.00013 -0.00025 0.40578 -0.00000 -0.00000 0.00000 -0.28181 0.00313 -0.04077 -0.01431 -0.00000 0.00000 -0.00000 0.00000 -0.00121 -0.00621 -0.00000 -0.00000 0.00000 -0.00029 0.00001 0.00000 0.01458 -0.01722 -0.00000
-0.00168 -0.00321 0.39199 -0.09618 -0.00986 0.00228 0.00003 -0.00000 0.00000 0.00000 -0.00000 0.00000 -0.03276 0.00000 0.01046 0.00001 -0.00000 0.00132 -0.00000 -0.09902 0.00019 0.00000 0.00000 -0.00015 0.00856 -0.00099 -0.00000 0.00604 0.13670 0.00000
-0.00191 -0.04108 -0.00000 0.48311 0.00224 0.00001 -0.00308 -0.00000 0.00000 0.00000 -0.00000 -0.00000 0.00000 -0.00000 0.04265 0.00000 0.00000 0.00034 -0.00000 0.01138 -0.00000 -0.00000 -0.00000 -0.00002 0.01188 -0.00019 -0.00000 -0.32760 0.06330 0.00000
0.00010 0.00484 0.06156 -0.00346 -0.00017 -0.00084 -0.00237 -0.12711 0.00000 0.00000 0.00000 0.01018 0.05813 -0.00000 0.00223 -0.00000 -0.00000 -0.00007 0.00000 -0.02844 -0.00000 -0.00000 0.00000 0.00000 0.00039 0.00012 0.00000 0.06830 -0.00000 -0.00000
-0.01378 -0.73815 -0.00000 0.00000 0.00955 0.00461 -0.00250 -0.00000 0.00000 0.00000 -0.00000 -0.00000 0.00000 -0.00000 0.00000 0.00086 0.00000 0.03578 -0.00007 -0.00000 -0.00000 -0.00010 -0.00000 -0.00524 0.21651 -0.00059 -0.00000 -0.00000 0.00000 0.00000
-0.00000 -0.00000 -0.00003 0.00000 0.00000 -0.00000 -0.00000 -0.00027 0.00417 0.00939 -0.00081 -0.00005 0.00002 -0.00088 0.00000 0.00000 0.12608 0.00000 -0.95726 0.00000 -0.00109 -0.00000 -0.01605 -0.00000 0.00000 -0.00000 -0.03513 -0.00000 0.00000 0.04891
-0.00000 -0.00000 -0.00245 0.00041 0.00000 -0.00000 -0.00000 -0.02519 0.05806 0.24151 -0.00551 -0.01898 0.00253 -0.01117 0.00002 0.00000 0.00000 0.00000 -0.00000 -0.00001 -0.00955 -0.00000 -0.71190 -0.00000 0.00000 0.00000 -0.66744 -0.00000 -0.00000 -0.13002
-0.00000 -0.00000 -0.00000 0.00000 -0.25417 0.00000 -0.00000 -0.00000 0.00005 0.00021 -0.00000 -0.00000 0.00000 -0.00000 0.00000 0.13665 0.00826 0.00000 -0.00638 -0.00000 -0.00000 -0.00000 -0.00117 -1.10781 0.00000 -0.00000 -0.00071 -0.00000 0.00000 0.00532
0.00000 0.00000 0.00082 -0.00006 -0.00000 -0.00000 -0.00000 -0.00027 -0.03023 -0.05987 0.00802 0.00179 -0.00026 -0.00145 -0.00000 -0.00000 -0.78815 -0.00000 0.00000 -0.00000 0.00768 -0.00000 0.24604 0.00000 -0.00000 0.00000 0.06723 0.00000 -0.00000 -0.44968
0.07637 0.01493 0.00000 -0.00000 0.07450 -0.00700 -0.03479 0.00000 -0.00000 -0.00000 0.00000 -0.00000 0.00000 -0.00000 -0.26699 -0.00107 -0.00000 -0.02105 0.00015 0.00000 -0.00000 -0.00015 -0.00000 0.00627 -0.19447 0.01675 0.00000 -0.56892 -0.19714 -0.00001
0.00008 0.00211 0.46762 -0.03435 0.00000 -0.00013 -0.00038 0.00019 0.00000 -0.00000 0.00005 -0.00303 0.00233 -0.11707 -0.01089 -0.00000 -0.00000 -0.00000 0.00000 -0.03232 -0.00000 -0.00000 0.00000 0.00000 -0.00017 0.00001 0.00000 0.01990 -0.01537 -0.00000
0.00000 0.00000 0.00231 -0.00038 0.18570 -0.00000 -0.00000 -0.01293 0.00000 -0.01152 0.02104 0.02601 0.00048 -0.02863 -0.00005 -0.02436 -0.25364 0.29759 0.01381 -0.00000 0.00015 -0.00000 -0.14405 0.00896 -0.00000 -0.00000 -0.29290 0.00021 0.00000 -0.08144
0.00000 0.00000 0.03479 -0.00663 -0.00000 -0.00000 -0.00000 -0.00520 -0.18895 -0.16940 0.09235 0.05154 -0.00868 -0.03644 -0.00039 -0.00000 -0.00000 -0.00000 0.00000 -0.00035 0.06019 0.00000 0.00000 0.00000 -0.00000 -0.00000 1.29308 0.00197 0.00018 0.67650
0.00000 0.00000 0.00000 -0.00000 -0.00000 -0.00000 -0.00000 -0.00000 -0.00045 -0.00120 0.00011 0.00001 -0.00000 -0.00000 -0.00000 -1.16093 -0.01420 -0.00000 0.16126 -0.00000 0.00010 -0.00000 0.01053 0.00000 -0.00000 0.00000 0.00549 0.00000 -0.00000 -0.01678
-2.10864 -0.00000 -0.00000 0.00000 0.07889 0.00182 -0.24169 -0.00000 0.00000 0.00000 -0.00000 -0.00000 0.00000 -0.00000 0.00000 0.03108 0.00054 0.27692 -0.00271 -0.00000 -0.00000 -0.00254 -0.00000 -0.01200 0.00000 0.07342 -0.00000 -0.00000 -0.00000 0.00002
-0.00000 -0.00000 0.00000 0.00000 -0.63701 -0.50277 -0.00000 -0.00013 0.00003 0.00317 -0.00005 -0.00042 0.00000 -0.00100 0.00000 0.05336 0.00999 -1.46671 -0.03644 -0.00000 -0.00025 -0.25448 0.00058 0.39153 0.00000 0.00000 0.00741 -0.00000 -0.00000 -0.01739
0.00000 0.00000 0.01972 -0.01015 -0.00000 -0.00000 -0.00000 -0.00012 -0.68178 -0.33226 0.34148 0.00612 -0.00922 -0.04133 -0.00006 -0.00000 0.00000 -0.00000 0.00000 -0.00072 0.24443 -0.00000 -0.00000 0.00000 -0.00000 0.00000 0.00000 0.00274 -0.00055 -0.00000
0.02849 0.26202 0.00000 -0.00000 -0.02196 -0.00995 -0.05245 -0.00000 -0.00000 0.00000 -0.00000 0.00000 -0.00000 -0.00000 -0.93782 -0.00007 -0.00000 -0.00144 0.00000 -0.00000 0.00000 -0.00000 0.00000 0.00046 -0.01735 0.00238 0.00000 0.00000 -0.94515 -0.00000
-0.00944 -0.60064 -0.00000 0.00000 0.00492 -0.00167 -0.00371 -0.00000 0.00000 0.00000 -0.00000 -0.00000 0.00000 -0.00000 0.05811 0.00081 0.00000 0.02830 -0.00005 0.00000 -0.00000 -0.00000 -0.00000 -0.00436 0.07892 -0.02156 -0.00000 -0.00000 0.00000 0.00000
0.00000 0.00000 -0.00619 -0.00084 -0.00000 0.00000 -0.00000 -0.03237 0.05506 0.09513 -0.00402 0.01834 0.00453 -0.00063 -0.00013 0.00000 -0.00000 0.00000 0.00000 -0.00001 -0.00667 0.00000 0.00000 0.00000 -0.00000 -0.00000 -1.20513 0.00032 0.00025 0.00000
