0.00000 -0.00026 -0.00000 -0.00968 -0.09541 -0.00000 -0.58362 -0.47213 -1.25237 -0.00001
0.00002 -0.00000 -0.00135 -0.00000 -0.00000 -0.03319 -0.00000 1.32603 -0.65073 -0.55793
-0.60898 -0.00002 0.00000 -0.00034 -0.00520 -0.00000 -0.01906 -0.66113 -0.44310 -0.00000
0.00000 -0.51219 -0.00008 -0.00000 -0.00000 -0.00164 -0.00000 -0.14040 1.31442 -0.04308
0.00000 -0.08132 -0.00000 -0.52192 -0.00000 -0.00008 -0.00000 -0.16578 -0.37464 -0.00213
0.00518 -0.00000 -0.56891 -0.00002 -0.00029 0.00000 -0.00074 -0.13183 -0.36489 -0.00000
-0.00000 -0.00954 0.00000 -0.07146 -0.50247 -0.00001 0.00000 -0.20915 -0.55271 -0.00012
0.00000 0.00000 -0.00000 -0.00000 -0.00000 -0.00000 -0.00000 0.00000 2.10997 0.00000
-0.00000 0.00000 0.00000 0.00000 -0.00000 -0.00000 -0.00000 0.00000 0.00000 0.00000
0.00027 -0.00000 -0.03311 -0.00000 -0.00002 -0.56852 -0.00004 -0.14943 -0.38909 0.00000
