0.00002 0.26323 0.01590 0.00007 0.71621 0.00561 0.00016 0.00142 0.07281 0.00037
0.00015 0.00003 0.49161 0.00049 0.00002 0.30197 0.00206 0.05048 0.84341 0.00589
0.00154 0.00014 -0.00002 0.00568 0.00028 0.56376 0.03195 0.31248 0.00009 0.18844
0.68199 0.06503 0.00363 0.00003 0.39780 0.00137 0.00008 0.00039 0.01574 0.00009
0.00006 0.87398 0.07077 0.00018 0.00002 0.02413 0.00067 0.00559 0.28530 0.00102
0.00396 0.00033 0.00004 0.01482 0.00074 -0.00001 0.08151 0.58816 0.00024 0.33320
0.39781 0.01595 0.00117 0.69223 0.09659 0.00043 0.00003 0.00011 0.00439 0.00003
0.01770 0.00107 0.00015 0.07248 0.00276 0.00004 0.29427 -0.00001 0.00037 0.65590
0.00050 0.00006 0.63979 0.00167 0.00009 0.32609 0.00785 0.26493 0.00003 0.03869
0.12019 0.00398 0.00038 0.43620 0.00904 0.00014 0.80531 0.00004 0.00165 0.00001
