1.000 0.006 0.006 0.006 0.006 0.006 0.006 0.006 0.006 0.006 0.006 0.006 0.006 0.006 0.006 0.006 0.006 0.006 0.006 0.006 0.006 0.006 0.006 0.006 0.006 0.006 0.006 0.006 0.006 0.006 0.006 0.006 0.006 0.006 0.006 0.006 0.006 0.006 0.006 0.006 0.006 0.006 0.006 0.006 0.006 0.006 0.006 0.006 0.006 0.006
0.006 1.000 0.004 0.004 0.004 0.004 0.004 0.004 0.004 0.004 0.004 0.004 0.004 0.004 0.004 0.004 0.004 0.004 0.004 0.004 0.004 0.004 0.004 0.004 0.004 0.004 0.004 0.004 0.004 0.004 0.004 0.004 0.004 0.004 0.004 0.004 0.004 0.004 0.004 0.004 0.004 0.004 0.004 0.004 0.004 0.004 0.004 0.004 0.004 0.004
0.006 0.004 1.000 -0.006 -0.006 -0.006 -0.006 -0.006 -0.006 -0.006 -0.006 -0.006 -0.006 -0.006 -0.006 -0.006 -0.006 -0.006 -0.006 -0.006 -0.006 -0.006 -0.006 -0.006 -0.006 -0.006 -0.006 -0.006 -0.006 -0.006 -0.006 -0.006 -0.006 -0.006 -0.006 -0.006 -0.006 -0.006 -0.006 -0.006 -0.006 -0.006 -0.006 -0.006 -0.006 -0.006 -0.006 -0.006 -0.006 -0.006
0.006 0.004 -0.006 1.000 0.004 0.004 0.004 0.004 0.004 0.004 0.004 0.004 0.004 0.004 0.004 0.004 0.004 0.004 0.004 0.004 0.004 0.004 0.004 0.004 0.004 0.004 0.004 0.004 0.004 0.004 0.004 0.004 0.004 0.004 0.004 0.004 0.004 0.004 0.004 0.004 0.004 0.004 0.004 0.004 0.004 0.004 0.004 0.004 0.004 0.004
0.006 0.004 -0.006 0.004 1.000 0.020 0.020 0.020 0.020 0.020 0.020 0.020 0.020 0.020 0.020 0.020 0.020 0.020 0.020 0.020 0.020 0.020 0.020 0.020 0.020 0.020 0.020 0.020 0.020 0.020 0.020 0.020 0.020 0.020 0.020 0.020 0.020 0.020 0.020 0.020 0.020 0.020 0.020 0.020 0.020 0.020 0.020 0.020 0.020 0.020
0.006 0.004 -0.006 0.004 0.020 1.000 -0.008 -0.008 -0.008 -0.008 -0.008 -0.008 -0.008 -0.008 -0.008 -0.008 -0.008 -0.008 -0.008 -0.008 -0.008 -0.008 -0.008 -0.008 -0.008 -0.008 -0.008 -0.008 -0.008 -0.008 -0.008 -0.008 -0.008 -0.008 -0.008 -0.008 -0.008 -0.008 -0.008 -0.008 -0.008 -0.008 -0.008 -0.008 -0.008 -0.008 -0.008 -0.008 -0.008 -0.008
0.006 0.004 -0.006 0.004 0.020 -0.008 1.001 0.001 0.001 0.001 0.001 0.001 0.001 0.001 0.001 0.001 0.001 0.001 0.001 0.001 0.001 0.001 0.001 0.001 0.001 0.001 0.001 0.001 0.001 0.001 0.001 0.001 0.001 0.001 0.001 0.001 0.001 0.001 0.001 0.001 0.001 0.001 0.001 0.001 0.001 0.001 0.001 0.001 0.001 0.001
0.006 0.004 -0.006 0.004 0.020 -0.008 0.001 1.001 0.007 0.007 0.007 0.007 0.007 0.007 0.007 0.007 0.007 0.007 0.007 0.007 0.007 0.007 0.007 0.007 0.007 0.007 0.007 0.007 0.007 0.007 0.007 0.007 0.007 0.007 0.007 0.007 0.007 0.007 0.007 0.007 0.007 0.007 0.007 0.007 0.007 0.007 0.007 0.007 0.007 0.007
0.006 0.004 -0.006 0.004 0.020 -0.008 0.001 0.007 1.001 -0.001 -0.001 -0.001 -0.001 -0.001 -0.001 -0.001 -0.001 -0.001 -0.001 -0.001 -0.001 -0.001 -0.001 -0.001 -0.001 -0.001 -0.001 -0.001 -0.001 -0.001 -0.001 -0.001 -0.001 -0.001 -0.001 -0.001 -0.001 -0.001 -0.001 -0.001 -0.001 -0.001 -0.001 -0.001 -0.001 -0.001 -0.001 -0.001 -0.001 -0.001
0.006 0.004 -0.006 0.004 0.020 -0.008 0.001 0.007 -0.001 1.001 0.012 0.012 0.012 0.012 0.012 0.012 0.012 0.012 0.012 0.012 0.012 0.012 0.012 0.012 0.012 0.012 0.012 0.012 0.012 0.012 0.012 0.012 0.012 0.012 0.012 0.012 0.012 0.012 0.012 0.012 0.012 0.012 0.012 0.012 0.012 0.012 0.012 0.012 0.012 0.012
0.006 0.004 -0.006 0.004 0.020 -0.008 0.001 0.007 -0.001 0.012 1.001 -0.001 -0.001 -0.001 -0.001 -0.001 -0.001 -0.001 -0.001 -0.001 -0.001 -0.001 -0.001 -0.001 -0.001 -0.001 -0.001 -0.001 -0.001 -0.001 -0.001 -0.001 -0.001 -0.001 -0.001 -0.001 -0.001 -0.001 -0.001 -0.001 -0.001 -0.001 -0.001 -0.001 -0.001 -0.001 -0.001 -0.001 -0.001 -0.001
0.006 0.004 -0.006 0.004 0.020 -0.008 0.001 0.007 -0.001 0.012 -0.001 1.001 -0.002 -0.002 -0.002 -0.002 -0.002 -0.002 -0.002 -0.002 -0.002 -0.002 -0.002 -0.002 -0.002 -0.002 -0.002 -0.002 -0.002 -0.002 -0.002 -0.002 -0.002 -0.002 -0.002 -0.002 -0.002 -0.002 -0.002 -0.002 -0.002 -0.002 -0.002 -0.002 -0.002 -0.002 -0.002 -0.002 -0.002 -0.002
0.006 0.004 -0.006 0.004 0.020 -0.008 0.001 0.007 -0.001 0.012 -0.001 -0.002 1.001 0.006 0.006 0.006 0.006 0.006 0.006 0.006 0.006 0.006 0.006 0.006 0.006 0.006 0.006 0.006 0.006 0.006 0.006 0.006 0.006 0.006 0.006 0.006 0.006 0.006 0.006 0.006 0.006 0.006 0.006 0.006 0.006 0.006 0.006 0.006 0.006 0.006
0.006 0.004 -0.006 0.004 0.020 -0.008 0.001 0.007 -0.001 0.012 -0.001 -0.002 0.006 1.001 -0.004 -0.004 -0.004 -0.004 -0.004 -0.004 -0.004 -0.004 -0.004 -0.004 -0.004 -0.004 -0.004 -0.004 -0.004 -0.004 -0.004 -0.004 -0.004 -0.004 -0.004 -0.004 -0.004 -0.004 -0.004 -0.004 -0.004 -0.004 -0.004 -0.004 -0.004 -0.004 -0.004 -0.004 -0.004 -0.004
0.006 0.004 -0.006 0.004 0.020 -0.008 0.001 0.007 -0.001 0.012 -0.001 -0.002 0.006 -0.004 1.001 -0.006 -0.006 -0.006 -0.006 -0.006 -0.006 -0.006 -0.006 -0.006 -0.006 -0.006 -0.006 -0.006 -0.006 -0.006 -0.006 -0.006 -0.006 -0.006 -0.006 -0.006 -0.006 -0.006 -0.006 -0.006 -0.006 -0.006 -0.006 -0.006 -0.006 -0.006 -0.006 -0.006 -0.006 -0.006
0.006 0.004 -0.006 0.004 0.020 -0.008 0.001 0.007 -0.001 0.012 -0.001 -0.002 0.006 -0.004 -0.006 1.001 0.003 0.003 0.003 0.003 0.003 0.003 0.003 0.003 0.003 0.003 0.003 0.003 0.003 0.003 0.003 0.003 0.003 0.003 0.003 0.003 0.003 0.003 0.003 0.003 0.003 0.003 0.003 0.003 0.003 0.003 0.003 0.003 0.003 0.003
0.006 0.004 -0.006 0.004 0.020 -0.008 0.001 0.007 -0.001 0.012 -0.001 -0.002 0.006 -0.004 -0.006 0.003 1.001 -0.006 -0.006 -0.006 -0.006 -0.006 -0.006 -0.006 -0.006 -0.006 -0.006 -0.006 -0.006 -0.006 -0.006 -0.006 -0.006 -0.006 -0.006 -0.006 -0.006 -0.006 -0.006 -0.006 -0.006 -0.006 -0.006 -0.006 -0.006 -0.006 -0.006 -0.006 -0.006 -0.006
0.006 0.004 -0.006 0.004 0.020 -0.008 0.001 0.007 -0.001 0.012 -0.001 -0.002 0.006 -0.004 -0.006 0.003 -0.006 1.001 -0.003 -0.003 -0.003 -0.003 -0.003 -0.003 -0.003 -0.003 -0.003 -0.003 -0.003 -0.003 -0.003 -0.003 -0.003 -0.003 -0.003 -0.003 -0.003 -0.003 -0.003 -0.003 -0.003 -0.003 -0.003 -0.003 -0.003 -0.003 -0.003 -0.003 -0.003 -0.003
0.006 0.004 -0.006 0.004 0.020 -0.008 0.001 0.007 -0.001 0.012 -0.001 -0.002 0.006 -0.004 -0.006 0.003 -0.006 -0.003 1.001 -0.003 -0.003 -0.003 -0.003 -0.003 -0.003 -0.003 -0.003 -0.003 -0.003 -0.003 -0.003 -0.003 -0.003 -0.003 -0.003 -0.003 -0.003 -0.003 -0.003 -0.003 -0.003 -0.003 -0.003 -0.003 -0.003 -0.003 -0.003 -0.003 -0.003 -0.003
0.006 0.004 -0.006 0.004 0.020 -0.008 0.001 0.007 -0.001 0.012 -0.001 -0.002 0.006 -0.004 -0.006 0.003 -0.006 -0.003 -0.003 1.001 -0.004 -0.004 -0.004 -0.004 -0.004 -0.004 -0.004 -0.004 -0.004 -0.004 -0.004 -0.004 -0.004 -0.004 -0.004 -0.004 -0.004 -0.004 -0.004 -0.004 -0.004 -0.004 -0.004 -0.004 -0.004 -0.004 -0.004 -0.004 -0.004 -0.004
0.006 0.004 -0.006 0.004 0.020 -0.008 0.001 0.007 -0.001 0.012 -0.001 -0.002 0.006 -0.004 -0.006 0.003 -0.006 -0.003 -0.003 -0.004 1.001 -0.014 -0.014 -0.014 -0.014 -0.014 -0.014 -0.014 -0.014 -0.014 -0.014 -0.014 -0.014 -0.014 -0.014 -0.014 -0.014 -0.014 -0.014 -0.014 -0.014 -0.014 -0.014 -0.014 -0.014 -0.014 -0.014 -0.014 -0.014 -0.014
0.006 0.004 -0.006 0.004 0.020 -0.008 0.001 0.007 -0.001 0.012 -0.001 -0.002 0.006 -0.004 -0.006 0.003 -0.006 -0.003 -0.003 -0.004 -0.014 1.001 0.002 0.002 0.002 0.002 0.002 0.002 0.002 0.002 0.002 0.002 0.002 0.002 0.002 0.002 0.002 0.002 0.002 0.002 0.002 0.002 0.002 0.002 0.002 0.002 0.002 0.002 0.002 0.002
0.006 0.004 -0.006 0.004 0.020 -0.008 0.001 0.007 -0.001 0.012 -0.001 -0.002 0.006 -0.004 -0.006 0.003 -0.006 -0.003 -0.003 -0.004 -0.014 0.002 1.001 -0.007 -0.007 -0.007 -0.007 -0.007 -0.007 -0.007 -0.007 -0.007 -0.007 -0.007 -0.007 -0.007 -0.007 -0.007 -0.007 -0.007 -0.007 -0.007 -0.007 -0.007 -0.007 -0.007 -0.007 -0.007 -0.007 -0.007
0.006 0.004 -0.006 0.004 0.020 -0.008 0.001 0.007 -0.001 0.012 -0.001 -0.002 0.006 -0.004 -0.006 0.003 -0.006 -0.003 -0.003 -0.004 -0.014 0.002 -0.007 1.001 0.012 0.012 0.012 0.012 0.012 0.012 0.012 0.012 0.012 0.012 0.012 0.012 0.012 0.012 0.012 0.012 0.012 0.012 0.012 0.012 0.012 0.012 0.012 0.012 0.012 0.012
0.006 0.004 -0.006 0.004 0.020 -0.008 0.001 0.007 -0.001 0.012 -0.001 -0.002 0.006 -0.004 -0.006 0.003 -0.006 -0.003 -0.003 -0.004 -0.014 0.002 -0.007 0.012 1.001 0.004 0.004 0.004 0.004 0.004 0.004 0.004 0.004 0.004 0.004 0.004 0.004 0.004 0.004 0.004 0.004 0.004 0.004 0.004 0.004 0.004 0.004 0.004 0.004 0.004
0.006 0.004 -0.006 0.004 0.020 -0.008 0.001 0.007 -0.001 0.012 -0.001 -0.002 0.006 -0.004 -0.006 0.003 -0.006 -0.003 -0.003 -0.004 -0.014 0.002 -0.007 0.012 0.004 1.001 -0.002 -0.002 -0.002 -0.002 -0.002 -0.002 -0.002 -0.002 -0.002 -0.002 -0.002 -0.002 -0.002 -0.002 -0.002 -0.002 -0.002 -0.002 -0.002 -0.002 -0.002 -0.002 -0.002 -0.002
0.006 0.004 -0.006 0.004 0.020 -0.008 0.001 0.007 -0.001 0.012 -0.001 -0.002 0.006 -0.004 -0.006 0.003 -0.006 -0.003 -0.003 -0.004 -0.014 0.002 -0.007 0.012 0.004 -0.002 1.001 -0.011 -0.011 -0.011 -0.011 -0.011 -0.011 -0.011 -0.011 -0.011 -0.011 -0.011 -0.011 -0.011 -0.011 -0.011 -0.011 -0.011 -0.011 -0.011 -0.011 -0.011 -0.011 -0.011
0.006 0.004 -0.006 0.004 0.020 -0.008 0.001 0.007 -0.001 0.012 -0.001 -0.002 0.006 -0.004 -0.006 0.003 -0.006 -0.003 -0.003 -0.004 -0.014 0.002 -0.007 0.012 0.004 -0.002 -0.011 1.001 0.006 0.006 0.006 0.006 0.006 0.006 0.006 0.006 0.006 0.006 0.006 0.006 0.006 0.006 0.006 0.006 0.006 0.006 0.006 0.006 0.006 0.006
0.006 0.004 -0.006 0.004 0.020 -0.008 0.001 0.007 -0.001 0.012 -0.001 -0.002 0.006 -0.004 -0.006 0.003 -0.006 -0.003 -0.003 -0.004 -0.014 0.002 -0.007 0.012 0.004 -0.002 -0.011 0.006 1.002 -0.008 -0.008 -0.008 -0.008 -0.008 -0.008 -0.008 -0.008 -0.008 -0.008 -0.008 -0.008 -0.008 -0.008 -0.008 -0.008 -0.008 -0.008 -0.008 -0.008 -0.008
0.006 0.004 -0.006 0.004 0.020 -0.008 0.001 0.007 -0.001 0.012 -0.001 -0.002 0.006 -0.004 -0.006 0.003 -0.006 -0.003 -0.003 -0.004 -0.014 0.002 -0.007 0.012 0.004 -0.002 -0.011 0.006 -0.008 1.002 0.009 0.009 0.009 0.009 0.009 0.009 0.009 0.009 0.009 0.009 0.009 0.009 0.009 0.009 0.009 0.009 0.009 0.009 0.009 0.009
0.006 0.004 -0.006 0.004 0.020 -0.008 0.001 0.007 -0.001 0.012 -0.001 -0.002 0.006 -0.004 -0.006 0.003 -0.006 -0.003 -0.003 -0.004 -0.014 0.002 -0.007 0.012 0.004 -0.002 -0.011 0.006 -0.008 0.009 1.002 -0.010 -0.010 -0.010 -0.010 -0.010 -0.010 -0.010 -0.010 -0.010 -0.010 -0.010 -0.010 -0.010 -0.010 -0.010 -0.010 -0.010 -0.010 -0.010
0.006 0.004 -0.006 0.004 0.020 -0.008 0.001 0.007 -0.001 0.012 -0.001 -0.002 0.006 -0.004 -0.006 0.003 -0.006 -0.003 -0.003 -0.004 -0.014 0.002 -0.007 0.012 0.004 -0.002 -0.011 0.006 -0.008 0.009 -0.010 1.002 -0.008 -0.008 -0.008 -0.008 -0.008 -0.008 -0.008 -0.008 -0.008 -0.008 -0.008 -0.008 -0.008 -0.008 -0.008 -0.008 -0.008 -0.008
0.006 0.004 -0.006 0.004 0.020 -0.008 0.001 0.007 -0.001 0.012 -0.001 -0.002 0.006 -0.004 -0.006 0.003 -0.006 -0.003 -0.003 -0.004 -0.014 0.002 -0.007 0.012 0.004 -0.002 -0.011 0.006 -0.008 0.009 -0.010 -0.008 1.002 0.008 0.008 0.008 0.008 0.008 0.008 0.008 0.008 0.008 0.008 0.008 0.008 0.008 0.008 0.008 0.008 0.008
0.006 0.004 -0.006 0.004 0.020 -0.008 0.001 0.007 -0.001 0.012 -0.001 -0.002 0.006 -0.004 -0.006 0.003 -0.006 -0.003 -0.003 -0.004 -0.014 0.002 -0.007 0.012 0.004 -0.002 -0.011 0.006 -0.008 0.009 -0.010 -0.008 0.008 1.002 0.005 0.005 0.005 0.005 0.005 0.005 0.005 0.005 0.005 0.005 0.005 0.005 0.005 0.005 0.005 0.005
0.006 0.004 -0.006 0.004 0.020 -0.008 0.001 0.007 -0.001 0.012 -0.001 -0.002 0.006 -0.004 -0.006 0.003 -0.006 -0.003 -0.003 -0.004 -0.014 0.002 -0.007 0.012 0.004 -0.002 -0.011 0.006 -0.008 0.009 -0.010 -0.008 0.008 0.005 1.002 -0.010 -0.010 -0.010 -0.010 -0.010 -0.010 -0.010 -0.010 -0.010 -0.010 -0.010 -0.010 -0.010 -0.010 -0.010
0.006 0.004 -0.006 0.004 0.020 -0.008 0.001 0.007 -0.001 0.012 -0.001 -0.002 0.006 -0.004 -0.006 0.003 -0.006 -0.003 -0.003 -0.004 -0.014 0.002 -0.007 0.012 0.004 -0.002 -0.011 0.006 -0.008 0.009 -0.010 -0.008 0.008 0.005 -0.010 1.002 0.002 0.002 0.002 0.002 0.002 0.002 0.002 0.002 0.002 0.002 0.002 0.002 0.002 0.002
0.006 0.004 -0.006 0.004 0.020 -0.008 0.001 0.007 -0.001 0.012 -0.001 -0.002 0.006 -0.004 -0.006 0.003 -0.006 -0.003 -0.003 -0.004 -0.014 0.002 -0.007 0.012 0.004 -0.002 -0.011 0.006 -0.008 0.009 -0.010 -0.008 0.008 0.005 -0.010 0.002 1.002 0.008 0.008 0.008 0.008 0.008 0.008 0.008 0.008 0.008 0.008 0.008 0.008 0.008
0.006 0.004 -0.006 0.004 0.020 -0.008 0.001 0.007 -0.001 0.012 -0.001 -0.002 0.006 -0.004 -0.006 0.003 -0.006 -0.003 -0.003 -0.004 -0.014 0.002 -0.007 0.012 0.004 -0.002 -0.011 0.006 -0.008 0.009 -0.010 -0.008 0.008 0.005 -0.010 0.002 0.008 1.002 -0.002 -0.002 -0.002 -0.002 -0.002 -0.002 -0.002 -0.002 -0.002 -0.002 -0.002 -0.002
0.006 0.004 -0.006 0.004 0.020 -0.008 0.001 0.007 -0.001 0.012 -0.001 -0.002 0.006 -0.004 -0.006 0.003 -0.006 -0.003 -0.003 -0.004 -0.014 0.002 -0.007 0.012 0.004 -0.002 -0.011 0.006 -0.008 0.009 -0.010 -0.008 0.008 0.005 -0.010 0.002 0.008 -0.002 1.002 0.003 0.003 0.003 0.003 0.003 0.003 0.003 0.003 0.003 0.003 0.003
0.006 0.004 -0.006 0.004 0.020 -0.008 0.001 0.007 -0.001 0.012 -0.001 -0.002 0.006 -0.004 -0.006 0.003 -0.006 -0.003 -0.003 -0.004 -0.014 0.002 -0.007 0.012 0.004 -0.002 -0.011 0.006 -0.008 0.009 -0.010 -0.008 0.008 0.005 -0.010 0.002 0.008 -0.002 0.003 1.002 -0.002 -0.002 -0.002 -0.002 -0.002 -0.002 -0.002 -0.002 -0.002 -0.002
0.006 0.004 -0.006 0.004 0.020 -0.008 0.001 0.007 -0.001 0.012 -0.001 -0.002 0.006 -0.004 -0.006 0.003 -0.006 -0.003 -0.003 -0.004 -0.014 0.002 -0.007 0.012 0.004 -0.002 -0.011 0.006 -0.008 0.009 -0.010 -0.008 0.008 0.005 -0.010 0.002 0.008 -0.002 0.003 -0.002 1.002 0.004 0.004 0.004 0.004 0.004 0.004 0.004 0.004 0.004
0.006 0.004 -0.006 0.004 0.020 -0.008 0.001 0.007 -0.001 0.012 -0.001 -0.002 0.006 -0.004 -0.006 0.003 -0.006 -0.003 -0.003 -0.004 -0.014 0.002 -0.007 0.012 0.004 -0.002 -0.011 0.006 -0.008 0.009 -0.010 -0.008 0.008 0.005 -0.010 0.002 0.008 -0.002 0.003 -0.002 0.004 1.002 -0.007 -0.007 -0.007 -0.007 -0.007 -0.007 -0.007 -0.007
0.006 0.004 -0.006 0.004 0.020 -0.008 0.001 0.007 -0.001 0.012 -0.001 -0.002 0.006 -0.004 -0.006 0.003 -0.006 -0.003 -0.003 -0.004 -0.014 0.002 -0.007 0.012 0.004 -0.002 -0.011 0.006 -0.008 0.009 -0.010 -0.008 0.008 0.005 -0.010 0.002 0.008 -0.002 0.003 -0.002 0.004 -0.007 1.002 -0.002 -0.002 -0.002 -0.002 -0.002 -0.002 -0.002
0.006 0.004 -0.006 0.004 0.020 -0.008 0.001 0.007 -0.001 0.012 -0.001 -0.002 0.006 -0.004 -0.006 0.003 -0.006 -0.003 -0.003 -0.004 -0.014 0.002 -0.007 0.012 0.004 -0.002 -0.011 0.006 -0.008 0.009 -0.010 -0.008 0.008 0.005 -0.010 0.002 0.008 -0.002 0.003 -0.002 0.004 -0.007 -0.002 1.002 0.032 0.032 0.032 0.032 0.032 0.032
0.006 0.004 -0.006 0.004 0.020 -0.008 0.001 0.007 -0.001 0.012 -0.001 -0.002 0.006 -0.004 -0.006 0.003 -0.006 -0.003 -0.003 -0.004 -0.014 0.002 -0.007 0.012 0.004 -0.002 -0.011 0.006 -0.008 0.009 -0.010 -0.008 0.008 0.005 -0.010 0.002 0.008 -0.002 0.003 -0.002 0.004 -0.007 -0.002 0.032 1.003 0.015 0.015 0.015 0.015 0.015
0.006 0.004 -0.006 0.004 0.020 -0.008 0.001 0.007 -0.001 0.012 -0.001 -0.002 0.006 -0.004 -0.006 0.003 -0.006 -0.003 -0.003 -0.004 -0.014 0.002 -0.007 0.012 0.004 -0.002 -0.011 0.006 -0.008 0.009 -0.010 -0.008 0.008 0.005 -0.010 0.002 0.008 -0.002 0.003 -0.002 0.004 -0.007 -0.002 0.032 0.015 1.003 0.006 0.006 0.006 0.006
0.006 0.004 -0.006 0.004 0.020 -0.008 0.001 0.007 -0.001 0.012 -0.001 -0.002 0.006 -0.004 -0.006 0.003 -0.006 -0.003 -0.003 -0.004 -0.014 0.002 -0.007 0.012 0.004 -0.002 -0.011 0.006 -0.008 0.009 -0.010 -0.008 0.008 0.005 -0.010 0.002 0.008 -0.002 0.003 -0.002 0.004 -0.007 -0.002 0.032 0.015 0.006 1.003 -0.016 -0.016 -0.016
0.006 0.004 -0.006 0.004 0.020 -0.008 0.001 0.007 -0.001 0.012 -0.001 -0.002 0.006 -0.004 -0.006 0.003 -0.006 -0.003 -0.003 -0.004 -0.014 0.002 -0.007 0.012 0.004 -0.002 -0.011 0.006 -0.008 0.009 -0.010 -0.008 0.008 0.005 -0.010 0.002 0.008 -0.002 0.003 -0.002 0.004 -0.007 -0.002 0.032 0.015 0.006 -0.016 1.004 0.020 0.020
0.006 0.004 -0.006 0.004 0.020 -0.008 0.001 0.007 -0.001 0.012 -0.001 -0.002 0.006 -0.004 -0.006 0.003 -0.006 -0.003 -0.003 -0.004 -0.014 0.002 -0.007 0.012 0.004 -0.002 -0.011 0.006 -0.008 0.009 -0.010 -0.008 0.008 0.005 -0.010 0.002 0.008 -0.002 0.003 -0.002 0.004 -0.007 -0.002 0.032 0.015 0.006 -0.016 0.020 1.004 0.004
0.006 0.004 -0.006 0.004 0.020 -0.008 0.001 0.007 -0.001 0.012 -0.001 -0.002 0.006 -0.004 -0.006 0.003 -0.006 -0.003 -0.003 -0.004 -0.014 0.002 -0.007 0.012 0.004 -0.002 -0.011 0.006 -0.008 0.009 -0.010 -0.008 0.008 0.005 -0.010 0.002 0.008 -0.002 0.003 -0.002 0.004 -0.007 -0.002 0.032 0.015 0.006 -0.016 0.020 0.004 1.004
