0.00000 -0.00007 0.00158 -0.00041 -0.00016 0.00010 0.00016 0.00063 0.00006 0.00038 -0.01585 -0.00001 -0.00014 -0.00026 0.00000 0.00055 -0.00083 0.00000 0.00034 0.00058 -0.00008 -0.00000 -0.00000 -0.00000 -0.00001 -0.00000 -0.00013 0.00023 -0.00000 0.00050 0.00006 -0.00010 -0.00000 -0.00027 -0.00040 -0.00000 0.00005 -0.00000 -0.05383 -0.00024 0.00242 0.00029 -0.00000 -0.00419 -0.00004 -0.00015 0.00000 -0.00036 0.50788 -0.00007
-0.00010 -0.00000 -0.00021 -0.00017 -0.00022 -0.00000 -0.00031 0.00007 -0.00037 0.00000 -0.00062 0.00013 0.00114 -0.00000 -0.00000 0.00086 0.00051 0.00064 -0.00011 -0.00085 -0.00024 -0.00000 0.00000 -0.00000 0.00087 0.00005 0.00029 -0.00109 -0.00009 0.00000 0.00020 0.00028 0.00200 0.00014 -0.00000 0.00000 0.00041 -0.00026 0.00709 -0.00002 0.25002 -0.00040 -0.00000 0.00051 0.00055 -0.00000 -0.00000 -0.00010 0.00003 -0.00000
0.00075 -0.00011 0.00000 -0.00103 -0.00106 0.00014 -0.00016 0.37392 0.00001 0.00077 -0.00035 -0.00000 -0.00015 -0.00049 0.00032 -0.00015 -0.09587 0.00026 0.00000 0.00014 -0.08304 -0.00049 0.00000 0.00029 -0.00039 0.00115 0.00000 0.00050 -0.00026 0.00000 -0.00008 0.00032 -0.00031 0.00019 -0.00032 0.00020 0.00000 0.00000 -0.00000 -0.00035 0.00024 0.00000 0.00014 -0.00049 0.00022 -0.00050 -0.00037 -0.39202 0.00032 -0.00055
-0.00031 -0.00006 -0.00000 -0.00000 0.42383 0.00015 0.00013 -0.00001 0.00012 0.00001 -0.00008 0.00089 -0.00070 0.03134 0.00102 0.00001 0.00000 -0.00018 -0.00008 -0.00014 -0.00000 0.00126 -0.00126 0.00074 0.00004 -0.00001 -0.00027 -0.00005 0.00077 -0.00009 -0.17555 0.00081 -0.00044 -0.00013 0.03879 -0.00000 0.00019 0.00017 -0.00021 0.00002 -0.00017 -0.00003 -0.00039 0.00032 -0.00046 -0.00000 0.01173 0.00063 -0.00006 0.00000
-0.00000 -0.00016 -0.00169 0.00000 0.00000 0.00003 -0.00013 -0.00048 0.00010 0.00039 -0.00137 0.00079 0.00271 0.01299 0.00000 -0.00072 0.00087 0.00009 -0.00008 -0.00096 0.00090 0.00038 0.00149 -0.00014 0.00053 -0.00000 -0.00037 -0.00092 0.00130 -0.00087 -0.17126 0.15290 0.00019 -0.00043 0.01193 0.00011 0.00004 0.00003 0.00000 -0.00094 -0.00016 0.00066 0.00056 0.00039 -0.00029 -0.00029 1.11225 0.00003 0.00000 -0.00007
0.00009 0.00021 -0.00010 0.00003 0.00043 -0.00000 -0.00036 0.00031 -0.00006 0.00022 0.00005 -0.00095 0.00046 0.00004 -0.00006 -0.00014 0.00010 -0.00071 0.00008 0.00000 -0.00000 -0.00006 0.00299 -0.00053 0.00028 -0.00020 -0.00006 -0.00025 -0.00051 0.00011 -0.00006 -0.00019 0.00021 -0.00037 0.00027 0.00001 -0.00040 0.00022 -0.00000 0.00000 -0.00016 0.00028 -0.00002 0.00011 0.00003 0.00000 0.00025 -0.00032 0.00000 -0.00023
0.00020 -0.00061 0.00013 0.00001 0.00013 -0.00000 -0.00000 -0.00006 -0.00008 0.00007 -0.17617 -0.00028 0.00079 -0.41695 -0.00021 -0.00032 0.00001 -0.00007 -0.00016 0.00103 0.00020 -0.00006 -0.00427 0.00001 -0.00052 0.00000 0.00019 0.00136 0.00000 -0.00000 0.00000 0.00002 -0.00396 0.00030 0.00000 0.00040 0.00010 0.00029 -0.00053 -0.00356 0.00020 0.00026 0.00009 -0.00050 0.00003 -0.00009 0.00017 -0.00051 0.00007 0.00000
0.00010 0.00007 0.00000 -0.00069 -0.00101 0.00017 -0.00012 -0.00000 0.00044 0.00099 -0.00040 -0.00000 0.00002 -0.00046 0.00039 -0.02028 -0.91937 0.00137 -0.00000 0.00059 -0.00645 0.00009 -0.00196 0.00011 -0.00091 0.00344 0.00017 -0.00066 -0.00030 0.00000 0.00001 0.00084 -0.00031 0.00037 -0.00021 -0.00000 0.00022 0.00000 -0.00048 -0.00020 0.00083 -0.00016 -0.00015 0.18794 -0.00000 0.00052 -0.00136 -0.00000 -0.00000 0.00000
0.00014 -0.00019 0.00044 0.00030 0.00016 -0.00015 -0.00012 0.00083 0.00000 -0.00000 -0.00050 -0.00080 0.00002 -0.00024 0.00001 -0.00047 0.00006 -0.00049 0.00016 0.00001 -0.00033 -0.00007 0.00003 -0.00004 -0.00023 0.00015 -0.00003 -0.00139 -0.00042 0.00003 0.00083 0.00012 0.00013 -0.00000 -0.00012 0.00006 0.00012 -0.00000 -0.00068 -0.12488 -0.00016 0.00044 -0.00035 -0.00033 -0.00011 -0.00011 -0.00009 -0.00037 0.00013 -0.25219
0.00043 -0.00001 0.00130 0.00022 0.00010 -0.00002 0.00001 0.00012 -0.00001 -0.00000 0.00013 0.00000 -0.00012 -0.00044 -0.00079 0.00000 0.00008 -0.00016 -0.00027 -0.00036 0.40095 0.00050 -0.00285 0.00000 0.00011 -0.00008 0.00004 -0.00007 -0.00000 0.00000 0.00007 0.00000 -0.00205 0.00014 -0.00000 0.00014 -0.00003 -0.00015 0.00001 -0.00000 -0.00002 0.00037 0.00019 0.00005 -0.00000 0.00009 0.00037 0.00007 -0.00000 -0.00012
-0.00023 -0.02079 -0.00011 -0.00080 -0.00123 0.00008 0.00000 0.00027 0.00000 -0.00048 -0.00000 0.00078 -0.00012 0.00000 -0.00003 -0.00002 -0.00004 0.00000 0.00009 0.00011 0.02791 0.00002 -0.00000 0.00000 -0.00003 0.00000 -0.00036 -0.00122 0.00024 -0.00001 0.00001 -0.00020 -0.00008 -0.00006 -0.00000 0.00003 0.00006 -0.00010 -0.00249 0.55620 0.00709 0.00016 -0.00009 0.00000 -0.00003 0.00028 -0.00001 0.00099 -0.00069 -0.00000
0.00009 0.00000 -0.19066 0.00003 0.00106 -0.00031 -0.00043 -0.01772 -0.00027 0.00000 0.00051 0.00000 -0.00026 0.00017 -0.00008 0.00024 0.02102 -0.00030 -0.00000 -0.00001 0.00002 0.00012 -0.00049 0.00010 -0.00028 -0.00006 0.00000 -0.00000 0.00038 0.00017 -0.00012 -0.00006 -0.00085 -0.00038 0.00000 -0.00006 -0.00000 0.00008 0.00010 0.00063 -0.00056 0.00000 0.00041 0.00018 -0.00017 -0.00060 0.00034 0.51605 -0.00009 0.00078
-0.02073 0.01295 -0.00072 -0.00000 0.00001 -0.00029 -0.00013 -0.00165 -0.00005 0.00030 -0.05353 0.00033 -0.00000 -0.00084 0.00000 -0.00296 -0.01234 -0.00001 -0.00112 -0.00148 -0.00318 -0.00000 0.00000 -0.00008 -0.00020 -0.00000 -0.00000 -0.00038 -0.00039 0.00129 0.00021 0.00000 -0.00000 -0.00121 0.00027 0.00000 -0.00008 -0.00057 0.04418 -0.01856 -0.10046 -0.00097 -0.00000 -0.01281 0.94967 -0.00074 0.00153 -0.00029 -0.02680 0.00000
-0.00020 0.00006 -0.00004 0.00000 0.00035 0.00024 -0.00000 -0.00020 -0.00013 -0.00014 0.04435 0.00015 -0.00066 -0.00000 0.00066 0.00054 0.00033 -0.00001 0.00051 -0.00008 -0.00012 0.00033 -0.00054 0.00040 -0.00021 0.00000 -0.00020 -0.00038 -0.00066 -0.00020 -0.00009 -0.00066 -0.00015 -0.00044 0.00000 -0.00000 0.00048 -0.00031 -0.00000 0.00576 -0.00002 0.00048 -0.00022 -0.00013 -0.00086 0.00020 0.00010 0.00020 0.00003 -0.00024
0.00005 0.00008 -0.00001 0.00013 0.04841 -0.00023 0.00008 0.00023 -0.00000 -0.00002 0.00006 -0.00002 -0.31825 -0.00030 0.00000 -0.00023 0.00024 -0.00008 0.00000 -0.00069 -0.00000 -0.00000 0.00000 -0.00014 0.00061 -0.00000 0.00023 -0.00025 -0.00000 -0.00011 -0.00019 0.34214 0.00000 0.00000 0.00013 -0.00000 0.00067 0.00059 0.00237 -0.00023 -0.01328 0.00019 -0.00000 0.00011 0.00105 0.00018 -0.03328 -0.00005 0.00007 -0.00003
0.00025 0.00003 -0.00011 -0.00033 -0.00075 0.00000 0.00013 -0.00000 -0.00005 -0.00000 -0.00049 -0.00016 -0.00000 -0.00010 -0.00023 -0.00000 -0.04499 -0.00007 -0.00025 -0.00071 0.00149 0.00023 -0.00351 0.00010 0.00056 0.00000 0.00013 -0.00057 -0.00104 0.00033 0.00004 0.00000 -0.00260 0.00004 0.00061 -0.00040 0.00038 0.00000 0.14918 0.01164 -0.00000 -0.00000 0.00002 -0.27496 -0.00014 -0.00016 -0.00026 -0.00032 -0.00000 -0.00050
-0.00354 0.00265 -0.00000 0.00058 0.00132 -0.00007 -0.00014 0.00000 -0.00095 0.00000 0.00085 0.00000 -0.00064 0.00103 -0.00009 0.00000 -0.00000 -0.00138 -0.00056 -0.00021 -0.00158 0.00001 0.00135 -0.00162 0.00030 0.00000 0.00003 0.00096 0.00059 0.00000 -0.00013 -0.00106 -0.00013 -0.00029 -0.00040 -0.00204 -0.00267 0.00000 -0.00775 -0.02355 -0.00158 0.00128 -0.00195 -0.00000 -0.00048 -0.00040 0.00113 0.00010 -0.00054 0.00009
0.00005 0.00032 0.00032 -0.00002 0.00003 -0.00071 -0.00000 0.00076 -0.00051 -0.00017 -0.00000 -0.00012 -0.00003 -0.00009 0.00010 -0.00007 -0.00021 -0.00000 -0.00043 0.00014 -0.00062 -0.00044 0.00018 -0.00000 -0.00033 0.00007 -0.00017 0.00036 0.00006 0.00019 0.00007 -0.00027 -0.00006 0.00005 0.00005 -0.00053 0.00000 -0.00000 0.00002 0.00075 -0.00000 -0.00004 0.00010 -0.00031 0.00023 0.00000 0.00015 0.00012 -0.00021 0.00027
-0.00000 -0.00007 0.00000 -0.00019 0.00000 0.00004 -0.00095 0.00042 -0.00023 0.00008 0.00026 0.00002 0.00023 0.00103 0.00005 -0.00010 0.00001 -0.00038 -0.00000 0.00018 0.00053 0.00074 -0.00068 0.00072 0.00063 0.00024 0.00017 -0.00285 0.00064 0.00006 0.00015 -0.00036 0.00011 0.00000 0.00017 -0.00000 0.00000 0.00000 -0.00001 0.00017 0.00009 -0.00000 -0.00008 -0.00007 -0.00021 0.00004 -0.00000 -0.00034 -0.00068 -0.00000
0.00004 -0.00010 0.00022 -0.00011 -0.00039 0.00008 0.00081 0.00010 0.00003 -0.00023 0.00038 -0.00005 -0.00041 -0.00001 0.00023 0.00027 -0.00023 -0.00003 0.00000 -0.00000 0.00003 0.00038 -0.00030 0.00022 -0.04833 0.00024 -0.00024 0.34098 0.00017 -0.00011 -0.00001 -0.00000 -0.00275 0.00000 0.00007 -0.00003 -0.00071 0.00000 -0.00041 0.00007 -0.00000 0.00003 0.00023 -0.00020 -0.00014 0.00023 -0.00041 -0.00000 0.00002 0.00026
-0.00012 -0.01156 -0.00000 0.00019 0.00127 0.00006 0.00066 -0.00001 -0.00000 0.00000 0.00002 -0.00000 -0.00185 -0.00323 0.00131 -0.00000 -0.00233 -0.00107 0.00111 0.00040 -0.00000 0.00000 -0.00009 0.00000 -0.00058 -0.00011 -0.00019 0.00036 -0.00000 0.00000 -0.00007 0.00026 -0.00281 -0.00002 0.00037 0.00008 0.00005 0.00000 0.00214 0.00510 0.01794 0.00075 0.00037 0.00000 -0.00107 -0.00000 0.00032 -0.00020 -0.00029 -0.00055
-0.07041 -0.13250 -0.00027 0.00082 0.00002 0.00018 0.00203 0.00058 0.00236 0.00254 0.11868 -0.00046 -0.11909 0.00020 0.00019 0.00003 -0.00502 -0.00057 0.00045 0.00034 0.06729 0.00000 0.00000 -0.00000 -0.00055 0.00096 -0.00026 0.00057 0.00000 -0.00000 -0.00009 -0.00402 -0.16921 0.00121 -0.00008 -0.00382 -0.00006 0.00020 -0.06676 0.05483 0.09393 0.00080 -0.00000 -0.00023 -0.06590 -0.00000 -0.00004 0.00103 -0.00469 -0.00530
0.09163 0.08084 0.00021 0.00000 0.00000 -0.00010 -0.00066 -0.00063 -0.00004 0.00038 -0.15980 0.00042 0.10458 0.00008 0.00015 -0.00015 0.00160 0.00000 -0.00017 -0.00004 -0.01346 -1.00695 0.00000 0.00000 0.00042 -0.00002 0.00018 0.00001 -0.00000 0.00000 0.00005 0.00070 0.20303 -0.00067 0.00010 -0.00016 0.00021 -0.00021 0.10337 -0.03338 -0.03072 -0.00030 0.00003 0.00016 0.05603 -0.00029 0.00012 -0.00036 0.02313 0.00269
-0.00024 -0.06863 0.00001 -0.00005 -0.00042 -0.00013 0.00000 0.00021 -0.00000 -0.00010 0.02844 -0.00069 -0.01472 0.00013 -0.00015 0.00041 -0.00057 0.00002 0.00020 0.00041 0.01016 0.15679 -0.23783 -0.00000 -0.00071 -0.02386 -0.00000 0.00042 0.13809 0.00000 0.00086 -0.00000 -0.00102 0.00017 0.00011 -0.00006 0.00022 0.00042 -0.01320 0.00303 0.06622 0.00064 -0.00044 -0.00097 0.00005 0.00000 -0.00023 -0.00020 -0.00051 0.00022
-0.00011 0.00134 -0.00024 0.00029 0.00001 0.00000 -0.00087 -0.00026 0.00013 0.00003 -0.00013 -0.00009 0.00028 0.00000 0.00035 0.00016 -0.00011 -0.00000 0.00234 -0.00000 -0.00031 -0.00074 0.00029 -0.00058 0.00000 -0.00022 0.00253 0.00000 -0.00128 0.00190 -0.00007 0.00056 0.00163 -0.00004 -0.00021 0.00100 0.00059 0.00001 0.00064 -0.00032 -0.00046 0.00010 0.00001 0.00052 -0.00001 -0.00109 -0.00001 0.00018 0.00026 -0.00009
-0.10007 0.01736 0.00078 -0.00000 -0.00041 -0.00005 -0.00000 0.00158 0.00021 -0.00042 -0.00030 -0.00057 -0.04292 0.00007 -0.00009 0.00006 0.01655 0.00014 0.00001 -0.00003 -0.00243 0.00285 -0.00054 -0.00000 0.00011 -0.00000 0.00001 -0.00000 -0.00019 0.00073 0.00005 -0.00063 -0.14814 -0.00024 -0.00022 -0.00006 -0.00000 -0.00104 -0.01548 -0.00279 0.02876 0.00007 -0.00002 0.08721 -0.00281 -0.00000 -0.00000 -0.00000 -0.00012 0.00005
0.00012 0.00056 0.00000 -0.00031 -0.00014 0.00000 -0.00009 0.00010 0.00011 -0.00000 -0.00015 -0.00032 0.00006 -0.00038 0.00029 -0.00001 -0.00011 -0.00027 -0.00026 -0.00047 0.00012 -0.00010 -0.00031 -0.00005 0.00037 0.00000 -0.00000 -0.00057 -0.00003 0.00000 0.00064 -0.00006 -0.00057 -0.00005 -0.00020 -0.00034 -0.00000 -0.00063 0.00013 0.00001 0.00055 0.00010 0.00026 -0.00047 0.00032 -0.00006 -0.00007 -0.00023 0.00000 -0.00005
0.00006 -0.00102 0.00007 -0.00011 -0.00060 -0.00027 0.00000 0.00049 -0.00046 -0.00032 -0.00033 0.00000 -0.00102 -0.00026 0.00012 0.00006 0.00037 0.00014 -0.00019 0.00000 0.00018 0.00049 -0.00030 0.00031 -1.32864 0.00019 -0.00046 -0.00000 0.00071 -0.00058 0.00041 -0.00009 -0.00205 0.00013 -0.00005 0.00024 -0.00058 0.00012 -0.00069 0.00082 0.00024 -0.00010 0.00003 -0.00050 -0.00018 0.00045 -0.00046 0.00031 0.00001 0.00051
-0.00000 -0.03010 0.00022 -0.00000 -0.00000 0.00000 0.00052 0.00000 0.00000 -0.10181 0.00691 -0.00004 -0.01429 -0.00010 0.00130 -0.00000 -0.00000 0.00017 0.00035 0.00000 0.77221 0.07566 -0.15036 0.00000 -0.00024 -0.00000 -0.00029 0.00033 0.00000 -0.00000 0.00014 0.00051 -0.01158 0.00059 0.00033 -0.00045 -0.00005 0.00013 -0.00743 0.00692 0.00678 0.00010 -0.00224 -0.00000 0.00009 0.00020 -0.00061 0.00018 -0.00034 -0.00004
0.00095 0.00005 0.14894 -0.00041 -0.00032 -0.00022 -0.00016 0.00269 -0.00023 0.13686 0.00011 -0.00004 0.00184 0.00011 -0.00004 0.00000 -0.00141 -0.00000 -0.00034 0.00000 -0.84741 -0.00102 0.00151 -0.00028 0.00009 0.00003 -0.00000 -0.00022 0.23780 -0.00000 0.00058 -0.00053 0.00157 -0.00000 -0.00023 -0.00010 -0.00031 0.00005 -0.00004 -0.00032 -0.00019 -0.00011 0.00034 -0.06697 0.00018 -0.00008 -0.00036 0.09520 0.00095 0.00015
0.00009 -0.00008 0.00043 0.00000 -0.00000 -0.00004 0.00020 0.00000 0.00049 -0.00011 0.00087 0.00000 0.00023 -0.03064 -0.00000 0.00051 -0.00064 -0.00025 0.00016 0.00014 -0.00006 -0.00015 -0.00164 0.00038 -0.00012 0.00008 0.00069 0.00025 0.00000 0.00036 -0.00000 0.00000 -0.00165 0.00025 -0.21391 0.00018 -0.00035 0.00003 0.00024 0.00031 0.00035 -0.00000 0.00027 -0.00041 0.00017 -0.00000 -0.00004 -0.00000 -0.00005 -0.00014
0.00002 0.00000 0.00000 0.00000 0.00000 -0.00027 -0.00010 0.00021 -0.00012 0.00035 -0.00798 -0.00025 -0.14162 -0.00015 -0.00000 -0.00077 0.00022 -0.00077 -0.00030 -0.00110 0.00025 -0.00006 0.00145 -0.00020 0.00106 0.00000 0.00010 -0.00071 0.00017 -0.00114 -0.00059 0.00000 0.00007 -0.00038 -0.00006 -0.00074 -0.00026 0.00081 0.00447 -0.00076 -0.03330 0.00032 0.00002 0.00005 0.00001 0.00010 -0.64467 -0.00008 0.00040 0.00021
-0.13842 0.01483 -0.00011 0.00031 0.00261 -0.00006 -0.00035 -0.00033 -0.00002 0.00033 -0.02906 0.00072 1.00465 0.00000 0.09968 -0.00032 0.00019 -0.00006 -0.00057 -0.00062 -0.00013 -0.00000 0.00000 -0.00000 0.00016 -0.00000 0.00010 -0.00118 -0.00011 0.00015 0.00023 0.00404 0.00000 -0.00110 -0.00000 -0.00000 0.00007 -0.00019 0.16664 -0.00417 -0.60202 -0.00027 0.00000 -0.01737 0.04388 -0.00025 0.00012 0.00009 -0.00445 -0.00007
0.00033 0.00018 0.00027 -0.00004 0.00014 -0.00025 0.00023 0.00035 -0.00052 0.00047 -0.00008 -0.00047 -0.00045 -0.00013 0.00019 -0.00027 -0.00015 0.00000 -0.00002 -0.00000 0.00020 0.00046 -0.00077 0.00014 -0.00011 -0.00024 0.00010 -0.00018 0.00039 0.00003 0.00062 -0.00004 -0.00182 0.00000 -0.00047 -0.00033 -0.00028 -0.00077 -0.00013 -0.00000 0.00075 -0.00031 0.00011 0.00022 -0.00049 0.00000 -0.00032 -0.00015 0.00000 -0.00032
-0.00017 0.00011 0.00004 0.00000 0.00000 0.00001 0.02953 0.00027 -0.00001 0.00038 -0.00049 0.00003 0.00066 0.39370 0.00002 0.00065 -0.00011 -0.00006 -0.00001 -0.00009 0.00054 -0.00011 0.00063 -0.00058 -0.00061 -0.00004 -0.00019 0.00151 0.00035 -0.00037 -0.00000 0.00000 -0.00182 -0.00047 -0.00000 0.00027 0.00033 -0.00009 0.00078 -0.00010 -0.00050 0.00000 -0.00044 -0.00109 -0.00011 -0.00003 0.00028 0.00040 -0.00009 -0.00030
-0.00020 -0.56783 0.00006 -0.00003 -0.00001 0.00000 0.00000 -0.00045 0.00040 -0.00042 0.00052 -0.00000 0.00000 0.00029 -0.00049 -0.00035 0.00015 -0.00058 0.00023 -0.00049 -0.00010 -0.00000 -0.00000 0.00012 0.00037 0.00062 0.00000 -0.00048 -0.00035 0.00000 -0.00000 -0.00086 -0.10602 -0.00016 0.00018 0.00000 -0.00018 -0.00009 -0.00058 0.00003 -0.39301 -0.00035 0.00031 0.00000 0.00000 -0.00049 -0.00006 -0.00051 -0.00019 -0.00000
0.00005 0.00054 0.00025 0.00018 0.00028 -0.00014 0.00010 -0.00002 0.00010 -0.00062 -0.00016 -0.00074 -0.00161 0.00014 0.00131 0.00027 -0.00000 -0.00000 -0.00000 -0.00102 -0.00000 0.00008 -0.00139 -0.00004 0.00033 0.00007 -0.00000 -0.00067 0.00000 -0.00013 -0.00035 -0.00021 -0.00083 -0.00024 0.00049 -0.00042 0.00000 -0.00013 -0.00000 -0.00022 0.00029 -0.00007 0.00002 -0.00002 -0.00114 -0.00012 0.00000 -0.00077 0.00000 -0.00025
0.00023 -0.00000 0.04595 0.00030 0.00014 0.00014 0.00028 -0.26204 0.00000 0.00018 0.00017 -0.00006 -0.00141 -0.00059 0.00093 0.00001 0.00571 0.00019 -0.00002 0.00024 0.00028 0.00065 -0.00038 0.00040 -0.00128 -0.00021 -0.00073 0.00127 0.00059 -0.00013 0.00014 0.00028 -0.00212 -0.00051 -0.00001 -0.00046 -0.00022 0.00000 0.00013 -0.00007 0.00034 -0.00000 0.00026 -0.00000 -0.00015 0.00011 0.00000 0.00003 0.00060 -0.00030
-0.00001 0.00056 -0.00000 -0.00002 -0.00000 -0.00011 -0.00033 -0.00000 -0.00102 -0.00050 -0.00590 0.00045 0.00024 -0.00003 0.00000 0.00000 -0.00185 0.00002 0.00006 -0.00039 0.00000 0.00000 0.00001 -0.00001 0.00022 -0.00000 -0.00000 -0.00032 -0.00029 0.00014 0.00053 0.00043 0.00000 -0.00051 0.00085 0.00000 0.00067 0.00000 -0.00000 0.00109 -0.05493 -0.00042 -0.00007 -0.00000 0.00000 0.00062 -0.00000 -0.00000 -0.00000 0.00074
-0.00139 -0.01049 -0.00000 -0.00065 -0.00144 0.00021 0.00000 -0.00000 0.00000 -0.00003 -0.00000 0.00046 -0.00027 0.00007 -0.00061 0.00000 -0.00017 0.00090 -0.00068 0.00055 0.00034 0.00000 -0.00000 0.00001 -0.00000 -0.00003 -0.00037 0.00003 0.00049 -0.00000 0.00000 -0.00104 -0.00031 0.00000 -0.00018 0.00012 0.00004 0.00000 -0.00390 -0.00000 0.01283 0.00019 -0.00053 0.00000 -0.00102 0.00023 0.00000 0.00037 -0.00137 0.00000
0.00646 -0.00000 0.00064 -0.00000 -0.00085 0.00052 0.00104 0.00157 -0.00009 0.00000 0.00436 -0.00036 -0.00003 -0.00004 -0.00004 0.00001 0.00022 0.00023 0.00148 0.00072 -0.00000 0.00002 -0.00001 0.00000 -0.00044 0.00001 0.00043 0.00014 0.00039 -0.00011 0.00330 -0.00004 0.00000 0.00116 -0.00064 -0.00000 -0.00013 0.00018 -0.00016 0.00097 -0.00000 0.00105 0.00000 0.00176 -0.00000 0.00001 -0.00002 0.00062 0.00038 -0.00001
-0.00002 -0.00002 -0.00064 0.00015 0.00026 -0.00002 0.00000 -0.00025 0.00033 0.00035 0.00016 0.00087 -0.00112 0.00002 0.00021 0.00024 -0.00004 -0.00015 0.00008 -0.00001 0.00049 0.00057 -0.00273 0.00062 -0.00020 0.00009 0.00016 -0.00036 0.00045 -0.00007 0.00004 0.00027 -0.00574 -0.00007 0.00009 0.00011 -0.00015 0.00028 0.00000 0.00040 0.00056 -0.00000 0.00009 -0.00006 0.00000 -0.00015 -0.00021 0.00043 0.00058 0.00029
0.51419 -0.00032 -0.00002 -0.00017 -0.00006 -0.00007 -0.00009 0.00019 -0.00044 0.00023 -0.00496 0.00005 -0.07348 -0.00018 0.00017 0.00073 -0.00023 0.00016 0.00000 -0.00014 0.00043 -0.00000 0.06402 0.00056 0.00008 -0.00000 -0.00004 0.00025 -0.00011 0.00021 0.00008 0.00020 -0.12473 0.00036 -0.00029 0.00009 0.00000 -0.00048 -0.01312 0.00008 0.03730 0.00007 0.00000 -0.00122 -0.00894 0.00015 0.00002 0.00006 0.00063 0.00036
-0.00165 0.00715 0.00000 0.00000 0.00027 0.00004 -0.00021 0.00000 -0.00050 0.01744 0.00274 0.00000 -0.00065 0.00019 0.00019 -0.00000 0.89380 -0.00001 -0.00020 -0.00001 -0.41472 0.00011 0.00097 -0.00042 0.00000 0.00000 0.00036 0.00011 0.04717 -0.00000 0.00000 0.00000 0.00008 0.00017 -0.00145 -0.00010 -0.00035 -0.00000 -0.12066 -0.25646 0.00114 -0.00006 -0.00247 0.00000 -0.00084 -0.00025 0.00009 0.00000 -0.00045 0.02541
-0.03506 0.00487 -0.00056 -0.00003 0.00031 -0.00039 0.00018 -0.00069 -0.00017 -0.00053 -0.01392 0.00013 -0.00000 -0.00099 0.00000 -0.00311 -0.00151 -0.00000 -0.00104 -0.00258 -0.00608 -0.00002 0.00003 -0.00026 -0.00001 -0.00001 0.00007 -0.00009 -0.00134 0.00306 0.00042 -0.00000 -0.00000 -0.00083 0.00031 0.00002 -0.00035 -0.00040 0.05386 -0.00674 -0.13602 -0.00160 -0.00004 -0.00406 -0.00000 -0.00098 0.00119 -0.00081 -0.00299 -0.00000
0.00015 -0.00005 0.00030 0.00009 -0.00036 -0.00000 -0.00022 0.00083 0.00016 0.00006 -0.00005 -0.00015 -0.00052 0.00001 0.00007 -0.00002 -0.00051 0.64408 0.00026 0.00075 0.00010 -0.00000 -0.00069 -0.00008 -0.00028 -0.00000 0.00000 0.00021 -0.00002 0.00015 0.00012 0.00025 -0.00022 0.00000 -0.00000 -0.00028 -0.00038 0.00005 0.00004 0.00013 -0.00029 -0.00015 0.00000 -0.00008 -0.00014 -0.00000 0.00011 0.00000 -0.00023 -0.00089
0.00286 0.00009 -0.00167 0.00000 -0.00000 0.00013 0.00000 -0.00080 -0.00001 0.00131 0.00086 0.00036 0.00617 0.01121 0.00000 -0.00035 0.00109 0.00060 0.00069 -0.00008 0.00067 0.00092 -0.00035 -0.00000 -0.00044 0.00095 -0.00077 0.00037 0.00104 -0.00006 -0.03917 -0.00000 -0.00024 -0.00024 0.01314 0.00009 0.00019 0.00027 -0.00364 -0.00000 0.00603 0.00031 0.00095 0.00020 0.00472 -0.00138 0.00000 0.00002 0.00004 0.00009
-0.00074 0.00024 -0.00000 0.00122 0.00062 -0.00026 -0.00066 -0.05167 -0.00023 -0.00043 0.00033 0.00000 -0.00099 0.00037 0.00018 -0.00079 0.01067 0.00001 0.00002 0.00000 -0.01202 0.00030 -0.00187 0.00101 0.00018 -0.00027 0.00057 0.00006 0.00061 0.00000 -0.00000 -0.00024 -0.00140 -0.00015 0.00022 -0.00137 -0.00073 -0.00000 -0.00051 0.00214 -0.00020 0.00031 -0.00026 0.00119 -0.00093 0.00007 0.00060 -0.00000 -0.00028 0.00013
0.00000 -0.00015 0.00058 -0.00021 -0.00000 0.00022 -0.00023 -0.00014 0.00004 0.00000 -0.00355 -0.00032 -0.00056 -0.00008 -0.00000 0.00021 -0.00032 -0.00002 -0.00020 0.00008 0.00001 -0.00000 0.00000 -0.00000 0.00028 -0.00000 -0.00002 0.00000 -0.00011 0.00046 -0.00006 -0.00001 -0.00001 -0.00026 -0.00021 0.00000 0.00001 0.00079 -0.01598 -0.00027 0.00783 0.00018 0.00000 -0.00120 -0.00011 -0.00005 0.00025 -0.00033 0.00000 -0.00019
0.00000 0.00049 -0.00007 0.00046 0.00030 0.00020 0.00002 0.00000 -0.00000 -0.00013 -0.13594 0.00039 -0.00007 -0.00012 -0.00007 -0.00000 -0.00057 0.00021 -0.00008 0.00019 0.00000 -0.00011 0.00063 0.00001 -0.00028 -0.00000 -0.00011 0.00031 -0.00015 -0.00001 -0.00049 0.00009 -0.00253 -0.00000 -0.00051 -0.00009 -0.00002 -0.00028 0.00063 0.83420 0.00079 -0.00000 0.00038 0.00000 0.00000 -0.00005 -0.00009 0.00000 -0.00027 -0.00000
