0.00000 0.00997 -0.01845 0.00383 0.00000 -0.00950 0.00072 -0.02666 -0.02834 -0.01835 -0.00003 -0.02337 0.00000 -0.07688 -0.04867 0.02229 -0.01463 -0.06910 -0.03214 -0.11856
-0.00026 0.00000 -0.00961 -0.00057 -0.00002 -0.15024 0.00041 -0.02780 -0.25330 -0.00808 0.00000 -0.27343 0.00001 -0.00000 -0.02695 0.00742 0.00853 -0.03178 -0.06544 -0.00001
-0.00000 -0.00000 0.00000 0.00000 -0.00000 0.00002 -0.00000 -0.00186 0.00000 -0.00138 -0.00000 0.00004 -0.00000 -0.00000 -0.00002 -0.00053 -0.00023 -0.00005 0.00004 -0.00001
0.00006 0.00003 -0.05319 0.00000 -0.00808 0.00019 0.00003 0.00603 -0.00469 -0.00010 -0.01441 -0.00005 -0.00029 -0.00014 -0.00000 0.00001 -1.04986 -0.00000 0.00001 -0.00059
-0.04614 0.01830 -0.01148 -0.00007 0.00000 -0.01111 -0.00000 0.00409 -0.05618 -0.02352 0.00002 -0.02521 -0.00000 -0.05531 0.00089 -0.00728 -0.00005 -0.01353 -0.00265 -0.01460
-0.00001 -0.00000 -0.01674 -0.00401 0.00010 0.00000 -0.00385 0.00085 0.00442 -0.81045 -0.00012 -0.00438 -0.00001 -0.00001 -0.07653 0.02204 -0.01094 -0.01138 -0.00888 -0.00001
0.00057 0.00469 -0.96936 -0.01086 0.02093 0.00055 0.00000 -0.00020 -0.05799 -0.00036 -0.00061 -0.00006 -0.00037 -0.00339 -0.00017 -0.00030 1.16642 -0.00001 -0.00026 -0.00935
-0.00004 0.00000 -0.00175 -0.00016 0.00020 0.00152 0.00366 0.00000 -0.00019 0.00024 0.00199 -0.00001 0.00010 -0.00000 0.00007 -0.00000 -0.02535 -0.00000 -0.00012 0.00004
-0.00000 0.00000 1.38616 0.00021 -0.00000 0.00083 -0.00001 -0.00113 0.00000 0.02343 -0.00000 0.00004 0.00001 -0.00000 0.01199 -0.00003 -0.00213 -0.00744 -0.00292 -0.00001
0.00003 0.00001 0.00525 -0.00477 -0.00017 -0.00000 0.00360 -0.02312 -0.00006 0.00000 0.00012 0.00000 -0.00002 -0.00000 0.00000 -0.00000 -0.00619 0.00000 -0.00096 -0.00001
0.00734 0.04813 -0.01903 0.00032 -0.01692 0.00108 0.00407 -0.00045 -0.08811 -0.02968 0.00000 -0.02803 -0.03708 -0.06549 -0.00105 0.00529 -0.92746 -0.00929 -0.00060 -0.04694
0.00000 0.00000 -0.01131 -0.00547 0.00002 -0.00115 -0.00959 0.00305 -0.01338 -0.00440 0.00004 0.00000 0.00000 -0.00000 -0.01739 -0.27887 -0.01954 -0.02395 -0.01668 -0.00000
0.06015 0.00571 -0.02105 -0.00070 -0.10495 0.02144 -0.00029 -0.00673 -0.05914 -0.08911 -0.00000 -0.07878 0.00000 -0.04398 -0.09068 0.05565 -0.00148 -0.06986 -0.02287 -0.07519
0.00000 -0.40452 -0.02612 -0.00294 0.00000 -0.01556 -0.00043 -0.02853 -0.06659 -0.03180 0.00001 -0.05277 -0.00000 0.00000 -0.03807 0.03064 -0.01242 -0.04927 -0.03671 0.00000
0.00002 0.00001 -0.02279 -0.00794 0.00041 0.00000 -0.00526 -0.01494 -0.00012 1.56635 -0.00033 -0.00055 -0.00001 0.00000 0.00000 0.06923 -0.02757 -0.18991 -0.60081 -0.00003
0.00001 0.00000 0.00345 -0.02314 -0.00005 -0.00001 -0.01263 -0.21202 -0.01734 -1.56626 0.00018 -0.00000 0.00003 0.00000 -0.00000 0.00000 -0.01665 -0.03798 -0.00064 0.00004
0.00007 0.00017 -0.02931 -0.00000 -0.00600 0.00015 0.00000 0.00002 0.00040 -0.00021 -0.00000 -0.00004 -0.00027 -0.00013 -0.00000 -0.00016 0.00000 -0.00000 -0.00001 -0.00039
-0.00001 0.00000 -0.00183 -0.09444 -0.00004 0.00004 0.05164 0.21717 -0.00013 1.53552 0.00001 -0.00025 -0.00002 -0.00000 0.00000 0.00004 -0.01138 0.00000 0.00054 0.00000
-0.00004 -0.00000 -0.01230 0.16889 0.00023 0.00001 0.00166 0.01741 0.00003 -0.00649 0.00064 -0.00001 0.00002 -0.00004 -0.00000 -0.00420 -0.06579 -0.01565 0.00000 -0.00018
0.00000 0.06556 0.01090 -0.00146 -0.00048 -0.04352 -0.00015 0.01004 -0.03588 -0.01256 0.00001 -0.05641 0.00000 0.75013 -0.00312 0.00340 -0.00111 -0.02578 -0.00568 0.00000
