0.00096 0.00892 -0.04571 0.00071 -0.03191 0.17331 0.04884 -0.02617 -0.00553 -0.02081 -0.03903 -0.00618 0.08898 -0.02613 0.01334 0.03273 -0.06337 0.00502 0.00444 -0.06633 -0.03801 0.01714 0.00033 -0.00296 0.06957 -0.00386 -0.00880 -0.05362 -0.11254 0.01895
-0.01407 0.00168 -0.00037 0.00080 0.00175 0.22503 -0.00045 -0.01541 -0.00077 -0.00418 -0.00567 0.06220 -1.83335 0.00145 0.04552 0.03507 -0.01202 0.02852 0.00783 -0.02477 -0.02974 0.00115 -0.00874 0.00079 -0.02992 0.00083 -0.01131 -0.00938 0.03747 0.05318
0.02290 0.00155 -0.00291 0.00942 0.00743 -0.04503 -0.07383 -0.02123 -0.02948 -0.03820 0.00251 0.04443 0.01922 -0.05596 -0.00990 0.03798 0.02638 0.03019 0.07791 0.00773 -0.00165 0.01742 0.00478 0.04177 -0.01376 -0.05088 -0.05220 -0.00117 -0.01285 0.03631
-0.00170 -0.09888 -0.01875 -0.00401 1.09911 0.01676 -0.38931 -0.01333 0.00193 -0.02316 0.01119 0.01567 -0.00513 -0.21192 -0.04358 0.00885 0.05168 -0.01332 0.00013 0.01276 -0.04705 0.14871 0.00124 -0.38544 -0.01843 0.00278 0.00473 -0.00184 -0.03566 -0.00582
-0.02815 -0.14230 0.06230 -0.00267 0.00158 -0.00686 -1.50702 -0.02585 0.00535 -0.02885 -0.01954 0.07850 -0.00982 -0.58156 0.07369 0.01073 -0.01796 0.04254 0.00178 0.00730 -0.01167 0.37343 0.00359 0.00473 -0.08030 -0.02136 0.00684 0.00292 -0.03132 0.01893
0.02110 -0.00134 0.01111 0.00507 0.00021 -0.00033 0.00083 -0.02724 0.00200 -0.00047 -0.01618 0.04261 0.00100 0.00034 0.04215 0.38192 -0.02336 0.01642 0.00501 -1.84141 -0.02749 0.00176 0.05406 0.00663 -0.05177 -0.01435 -0.03633 -0.16996 -0.04936 0.03593
-0.05919 0.25891 0.05700 0.00368 -0.00120 -0.00837 0.00039 -0.05499 -0.00119 -0.07077 -0.02368 0.05424 -0.14738 -0.00036 0.03838 0.00241 -0.05754 0.02487 0.00822 0.00546 0.00897 -1.58756 0.00222 0.00735 -0.00957 -0.00076 0.00085 0.01695 0.00179 0.01008
-0.00708 -0.00279 -0.02206 0.02204 -0.08814 -0.01558 -0.00682 0.00969 0.02298 -0.00038 -0.02195 -0.00134 0.01310 0.02962 0.00386 0.03016 -0.01565 -0.01403 0.01558 -0.01729 -0.03144 -0.03134 -0.08045 -0.02412 0.00034 -0.01712 -0.01666 0.01008 -0.02391 -0.00415
-0.00194 0.03027 0.03533 -1.30935 -0.74202 0.00681 0.00225 -0.04422 -0.00050 0.00970 -0.01646 0.02223 0.01407 0.04659 0.03215 0.00343 -0.06584 0.02844 0.00029 -0.00154 -0.02594 0.02550 0.00031 0.20277 -0.03329 -0.00517 0.00078 -0.00263 -0.04157 0.00520
0.02324 0.13854 -0.05544 0.01189 -0.00059 -0.09126 -0.00659 0.00137 -0.00347 0.00195 -0.00423 0.06097 -0.03213 0.02716 0.00677 0.00875 -0.02004 -0.03166 0.07360 -0.00153 0.02752 0.08709 -0.00510 0.10239 0.02687 -0.00159 0.03771 0.00522 0.02337 -0.02775
-0.01781 0.00421 0.01739 -0.04539 -0.00989 -0.00821 -0.04754 -0.05500 0.08040 -0.05061 -0.00095 0.04741 -0.01683 -0.02693 0.04983 -0.00204 -0.04407 0.05876 -0.05381 0.00567 -0.01629 -0.02403 0.00223 0.03832 0.00369 -0.00304 0.04558 0.01229 -0.02306 0.00328
-0.00553 -0.02245 0.00442 -0.03852 -0.05472 -0.02690 -0.00742 0.03056 -0.07904 -0.02491 -0.02536 0.01190 -0.06435 -0.00618 -0.33086 0.00103 -0.02546 -0.01643 -0.07504 -0.03396 -0.03503 -0.07431 0.07847 -0.08661 -0.05732 -0.01767 -0.02093 -0.05501 -0.03280 -0.46895
-0.13171 -0.00052 0.03123 -0.00217 -0.00076 -1.65166 -0.00070 -0.01782 0.00000 -0.01064 0.00779 0.02012 -0.00261 0.00195 0.05968 -0.02530 0.00704 0.02503 0.01038 0.31070 -0.01357 0.00027 -0.00091 -0.00028 -0.03371 -0.00990 0.03164 0.03722 -0.04404 0.09306
-0.01910 0.02586 0.00312 -0.00101 0.00304 -0.00099 0.88898 0.00189 0.00256 -0.00819 0.01613 0.03385 -0.08253 -0.00006 0.07154 0.01910 0.00389 -0.00684 0.01238 0.04577 -0.02103 -0.60205 0.02669 0.00690 0.00139 0.00984 0.01082 0.01388 0.01915 0.02091
-0.00050 -0.02021 -0.00673 0.01228 -0.01067 0.00020 0.00371 -0.01801 -0.01091 0.03346 0.02473 -0.13954 0.03910 0.02965 -0.02364 -0.00571 0.04239 -0.05324 -0.09156 0.00032 0.05040 0.02044 0.10521 -0.01302 -0.01068 0.04340 0.16567 0.00984 -0.00847 0.90636
-0.01176 -0.00301 -0.00600 -0.00697 -0.00014 -0.00163 -0.00094 -0.00104 -0.04747 -0.05958 -0.10349 0.04057 -0.00071 0.00134 0.01843 0.00006 0.00188 -0.01542 0.04438 -0.00097 -0.02173 -0.00009 0.48397 0.00230 0.04232 0.00000 -0.11715 -1.49208 -0.01686 -0.01490
-0.02871 0.03467 0.02612 0.01455 -0.06508 0.04760 0.05424 0.00423 0.06327 0.02682 0.02819 0.01745 0.05453 0.00116 0.03847 0.02313 -0.00666 0.01948 0.01903 -0.00112 -0.03798 -0.01153 0.02630 0.11970 0.01721 0.03077 0.01559 0.03157 0.04677 0.01492
0.05152 -0.10975 -0.01958 -0.04168 -0.02041 -0.05015 -0.08724 0.04625 -0.13407 -0.00054 -0.05893 0.06704 -0.01595 -0.00861 0.04197 -0.00312 -0.05716 -0.00599 0.12171 -0.01576 -0.03474 -0.03566 -0.09910 0.03936 -0.06695 -0.11128 -0.25210 -0.00547 -0.02150 0.01778
0.01716 0.00726 0.00421 0.33698 0.17352 0.00245 -0.05954 0.03163 -1.63415 -0.02777 -0.01350 0.04384 0.01317 -0.04935 -0.00358 0.00360 0.04306 -0.03052 0.00122 0.00246 -0.05178 0.02455 0.00000 -0.09029 -0.00861 0.00743 0.00324 -0.00176 -0.03754 0.01840
-0.02047 -0.00170 0.01910 -0.00372 0.00102 0.00230 -0.00177 0.00187 -0.00108 0.00072 0.02938 0.03869 0.00096 -0.00894 0.05925 -1.70308 -0.01671 0.01070 -0.01250 0.00302 -0.01214 -0.00038 -0.20259 0.02538 -0.02015 -0.00023 0.01835 0.23705 0.03650 0.02171
-0.02551 0.08713 -0.00338 0.00515 -0.00138 -0.03349 -0.03134 -0.00898 0.04752 -0.08283 0.02628 0.03962 0.15404 0.00064 0.00481 -0.09339 -0.08015 -0.06005 0.00014 0.00011 -0.00030 -0.00998 -0.04348 0.00403 0.02114 -0.03053 0.01736 0.02668 0.07440 0.03534
0.00859 -1.86463 -0.00000 -0.00090 0.00020 -0.07023 0.00172 -0.00701 0.00449 -0.00159 0.00849 0.05799 0.18764 0.00322 0.06117 0.00882 0.01322 -0.00183 0.00859 -0.04004 0.02313 0.00205 -0.00053 -0.00713 -0.01752 -0.00728 -0.00175 0.01186 -0.04494 0.00314
0.01811 0.00258 -0.02501 0.02397 -0.00393 0.00150 -0.01723 -0.01391 -0.07603 -0.04977 0.00127 -0.03210 -0.00773 0.03651 0.11081 0.00045 0.01312 0.09788 0.32021 -0.00115 -0.02705 -0.01079 0.00226 -0.02989 -0.01889 -0.41514 -1.68350 0.00071 0.06466 0.01539
-0.01658 -0.04202 -0.06068 -0.02640 -1.07019 -0.04291 0.02850 -0.17035 0.00354 0.00607 0.01905 0.02619 0.02590 -0.00647 -0.01866 0.01567 0.05091 -0.05008 0.01396 -0.00671 -0.06985 -0.07873 0.02675 0.00656 -0.00822 -0.07296 0.00323 0.00225 -0.07891 -0.03051
0.03194 0.02737 -0.00557 0.00297 -0.01448 0.01694 -0.03819 -0.02304 0.00586 0.03944 -0.01634 -0.00549 -0.06933 -0.03159 0.04986 0.00017 0.00539 0.00642 0.02499 0.04929 -0.00753 0.02191 -0.03112 0.04522 -0.00208 -0.02214 -0.01818 0.01329 0.01514 0.02564
-0.05328 -0.00778 -0.01936 0.01870 -0.09522 0.01374 -0.04638 -0.01953 -0.04800 0.03175 0.02899 0.01797 -0.01943 -0.05701 0.01456 -0.00373 -0.07378 -0.05820 -0.28849 -0.01086 -0.02856 -0.00124 -0.00172 -0.03047 0.02287 -0.00446 0.67925 0.00696 -0.00699 -0.04357
-0.04505 0.00874 -0.01028 -0.19634 -0.08340 0.00041 -0.02548 -0.00017 0.25515 0.01668 0.04762 -0.00818 0.00442 0.03266 0.00710 -0.00052 -0.05124 -0.00789 -1.72524 0.00174 -0.05699 0.01974 -0.00151 0.00010 -0.01432 0.00143 0.00082 -0.00217 0.02378 0.02480
-0.03388 0.00037 -0.00751 -0.02193 -0.01347 -0.00066 0.00184 0.01953 -0.00082 -0.03321 -0.00683 0.02554 -0.00107 0.00946 0.02210 0.00187 -0.02051 0.03251 -0.00097 0.00079 -0.00738 0.00549 -1.74671 0.05544 -0.02701 0.06667 0.27727 0.00137 -0.03155 0.09175
0.04325 -0.07281 0.01546 -0.00309 -0.00685 -0.01711 -0.02783 -0.05441 0.02030 0.02204 -0.02354 -0.01694 -0.02279 -0.00597 0.01504 -0.00649 -0.01326 -0.09625 0.00464 -0.07627 -0.01380 0.05350 0.01620 0.03939 -0.07145 -0.05959 -0.02605 -0.02380 -0.00491 0.01990
0.00302 -0.02512 -0.00657 -0.00311 -0.01827 -0.00752 0.00680 0.03282 -0.01387 -0.02705 0.01051 -0.09249 0.01979 -0.00933 0.03776 -0.00399 0.01544 -0.06874 -0.10529 -0.00708 -0.00553 0.00602 0.10105 -0.01436 -0.00553 0.01142 0.15488 0.00001 -0.00992 -0.00258
