1.000 0.015 0.026 0.010 0.010 0.018 0.010 0.010 0.018 0.022 0.023 0.019 0.012 0.010 0.012 0.010 0.010 0.010 0.010 0.016
0.015 1.000 0.002 0.002 0.002 0.002 0.001 0.002 0.002 0.002 0.002 0.002 0.002 0.002 0.002 0.002 0.002 0.002 0.002 0.002
0.026 0.002 1.001 -0.001 -0.001 -0.000 -0.002 -0.001 0.000 -0.000 -0.000 -0.000 -0.001 -0.001 -0.001 -0.001 -0.001 -0.001 -0.001 -0.000
0.010 0.002 -0.001 1.000 -0.006 -0.005 -0.006 -0.006 -0.005 -0.005 -0.005 -0.005 -0.006 -0.006 -0.006 -0.006 -0.006 -0.006 -0.006 -0.006
0.010 0.002 -0.001 -0.006 1.000 0.001 0.001 0.001 0.001 0.001 0.001 0.001 0.001 0.001 0.001 0.001 0.001 0.001 0.001 0.001
0.018 0.002 -0.000 -0.005 0.001 1.000 0.006 0.006 0.000 0.000 0.000 0.002 0.003 0.005 0.003 0.005 0.005 0.005 0.006 0.002
0.010 0.001 -0.002 -0.006 0.001 0.006 1.000 0.010 0.019 0.022 0.023 0.019 0.013 0.010 0.012 0.010 0.010 0.010 0.010 0.016
0.010 0.002 -0.001 -0.006 0.001 0.006 0.010 1.000 0.000 0.000 0.000 0.000 0.000 0.000 0.000 0.000 0.000 0.000 0.000 0.000
0.018 0.002 0.000 -0.005 0.001 0.000 0.019 0.000 1.001 0.006 0.006 0.006 0.004 0.004 0.004 0.004 0.004 0.004 0.004 0.005
0.022 0.002 -0.000 -0.005 0.001 0.000 0.022 0.000 0.006 1.001 -0.002 -0.002 -0.004 -0.004 -0.004 -0.004 -0.004 -0.004 -0.004 -0.003
0.023 0.002 -0.000 -0.005 0.001 0.000 0.023 0.000 0.006 -0.002 1.001 0.010 0.007 0.007 0.007 0.007 0.007 0.007 0.007 0.008
0.019 0.002 -0.000 -0.005 0.001 0.002 0.019 0.000 0.006 -0.002 0.010 1.001 0.001 0.001 0.001 0.001 0.001 0.001 0.001 0.002
0.012 0.002 -0.001 -0.006 0.001 0.003 0.013 0.000 0.004 -0.004 0.007 0.001 1.000 0.016 0.022 0.017 0.017 0.017 0.016 0.029
0.010 0.002 -0.001 -0.006 0.001 0.005 0.010 0.000 0.004 -0.004 0.007 0.001 0.016 1.001 -0.012 -0.006 -0.006 -0.006 -0.005 -0.022
0.012 0.002 -0.001 -0.006 0.001 0.003 0.012 0.000 0.004 -0.004 0.007 0.001 0.022 -0.012 1.001 -0.002 -0.002 -0.002 -0.002 -0.000
0.010 0.002 -0.001 -0.006 0.001 0.005 0.010 0.000 0.004 -0.004 0.007 0.001 0.017 -0.006 -0.002 1.001 0.000 0.000 0.001 0.001
0.010 0.002 -0.001 -0.006 0.001 0.005 0.010 0.000 0.004 -0.004 0.007 0.001 0.017 -0.006 -0.002 0.000 1.001 0.006 0.006 0.006
0.010 0.002 -0.001 -0.006 0.001 0.005 0.010 0.000 0.004 -0.004 0.007 0.001 0.017 -0.006 -0.002 0.000 0.006 1.001 -0.015 -0.017
0.010 0.002 -0.001 -0.006 0.001 0.006 0.010 0.000 0.004 -0.004 0.007 0.001 0.016 -0.005 -0.002 0.001 0.006 -0.015 1.001 0.004
0.016 0.002 -0.000 -0.006 0.001 0.002 0.016 0.000 0.005 -0.003 0.008 0.002 0.029 -0.022 -0.000 0.001 0.006 -0.017 0.004 1.002
