-0.00000 -0.00039 0.00000 0.00008 -0.00000 -0.00000 0.00002 -0.00000 -0.00001 0.00004 -0.11276 -0.59498 0.00001 0.00000 0.00085 0.00000 -0.00027 -0.00015 -0.00000 -0.00000
-0.00038 -0.00000 0.30679 -0.00002 -0.00000 0.00000 0.00000 -0.00000 -0.00020 -0.73146 0.00000 0.00016 -0.00047 -0.00000 -0.00000 0.00000 0.00000 0.00000 0.00000 -0.00000
-0.00040 -0.00000 0.00000 -0.00000 0.00000 -0.00000 -0.00000 -0.00000 -0.00031 -0.00000 0.00004 -0.00000 -0.00000 0.00000 0.00000 0.00000 -0.00000 0.00000 -0.00019 -0.00000
0.00010 -0.00000 -0.00000 -0.00000 -0.00000 -0.00000 -0.00008 -0.00001 -0.00000 0.00008 0.00019 0.00369 0.00000 0.00000 0.25026 -0.00000 0.00000 -0.00000 -0.00000 0.00000
0.00014 0.00000 0.00004 0.00012 -0.00000 -0.00000 0.00000 -0.00003 -0.00000 -0.00000 0.00004 -0.00000 0.00000 0.00000 0.00000 -0.00000 -0.00001 0.00021 -0.00000 -0.00000
0.00000 0.00189 -0.18436 -0.00015 0.00000 0.00000 -0.00000 0.00000 0.00007 -0.00000 -0.00000 -0.00010 -0.00000 -0.00000 -0.00007 -0.00007 0.00000 0.00000 -0.00000 0.00122
0.00021 0.00011 0.00000 0.00000 -0.00000 -0.00000 -0.00000 0.00000 -0.51668 -0.00008 0.00000 -0.00004 0.00000 -0.00000 -0.00000 -0.00000 -0.00013 0.00001 -0.00000 -0.00006
-0.00002 0.00013 -0.00000 -0.00000 0.00000 -0.00000 0.00000 -0.00000 -0.00001 0.00000 -0.00000 0.00000 0.00000 -0.00008 -0.00004 -0.00000 -0.00010 -0.00000 0.00000 -0.00000
-0.00001 -0.00028 -0.00040 -0.00010 0.00000 0.00000 0.00000 -0.00000 0.00000 -0.00000 0.11327 0.00020 -0.00000 -0.00000 0.00013 0.00000 0.00000 -0.00000 -0.00003 0.00000
0.00033 -0.00000 -0.18316 -0.00000 -0.00000 -0.00056 -0.00000 -0.00000 0.00007 0.00000 0.00000 -0.00011 0.01132 0.00024 0.00000 -0.00000 0.00000 -0.00000 -0.00000 -0.00042
0.00000 -0.00057 0.00012 0.00034 0.00000 0.00000 0.00073 -0.00000 0.00035 -0.00000 0.00000 0.00000 -0.00014 -0.00000 0.00000 -0.00000 0.00000 0.00000 0.00000 -0.00008
0.00000 0.00000 0.00009 0.00000 0.00000 -0.00000 -0.00074 0.00002 0.00013 -0.00025 0.44494 0.00000 -0.00000 -0.00022 0.00000 -0.00000 0.02157 0.00027 0.00000 -0.00009
-0.00000 -0.00081 0.27094 0.00000 0.00000 -0.33808 0.00000 -0.00000 -0.00000 0.00006 0.00000 0.00006 -0.00000 0.00000 0.00006 0.00002 -0.00000 0.00000 -0.00000 -0.53102
-0.00000 0.00000 0.07595 -0.00000 -0.00000 -0.42424 -0.00000 -0.00000 -0.00000 -0.00004 -0.00000 0.00000 0.19846 -0.00000 -0.00000 0.00004 -0.00000 -0.00002 0.00004 -0.00048
0.01215 0.00001 0.00001 0.00000 0.00003 -0.00002 -0.00000 -0.00003 0.00000 -0.00000 -0.00000 0.29352 0.00000 0.00000 0.00000 0.00000 0.00000 0.00000 0.00000 -0.00000
0.00008 -0.00000 0.00000 -0.00000 -0.00000 -0.00007 0.00029 0.00005 0.00000 0.00004 -0.00000 -0.00010 -0.00000 0.00000 -0.00000 -0.00000 0.00000 0.00000 -0.00008 0.00000
-0.00164 -0.00000 0.00000 0.00002 -0.00000 0.00000 -0.01823 -0.00000 -0.32519 0.00000 -0.41296 0.00081 -0.00002 -0.00000 -0.00000 -0.00000 -0.00000 0.00000 0.00000 -0.00004
0.00000 0.31199 0.00091 -0.00000 0.00000 0.00000 0.00000 0.00000 -0.00000 -0.04816 0.00003 -0.00000 0.00000 -0.00000 0.00000 0.00000 -0.00000 -0.00000 -0.00000 -0.00000
0.00004 0.00006 -0.00000 -0.00000 -0.00000 -0.00001 0.00000 -0.00000 0.00000 -0.00006 -0.00000 0.00000 0.00014 0.00000 0.00000 -0.00015 0.00002 -0.00000 -0.00000 0.00000
-0.00000 0.00667 -0.27565 0.00000 0.00000 0.00058 -0.00000 0.00000 0.00007 0.00000 0.00009 -0.00015 -0.00000 -0.00010 -0.00000 -0.00000 -0.00006 -0.00000 -0.00000 0.00000
