0.00000 0.00011 0.00009 -0.00000 -0.00000 0.00000 -0.00000 -0.00003 0.00009 -0.00000 -0.00000 -0.00000 0.00012 -0.00000 0.00000 0.00009 0.00003 -0.00045 -0.00000 -0.00000 -0.00036 -0.00000 -0.00000 -0.00005 -0.00000 0.00019 -0.00032 -0.00023 0.00004 0.00007
0.00001 0.00000 -0.00003 0.00023 -0.00009 0.00000 -0.00000 0.00000 0.00000 0.00000 -0.00007 0.00000 0.00000 0.00000 0.00000 0.37865 0.00126 -0.00000 0.07500 0.00003 -0.00015 -0.00006 0.00023 -0.00000 0.00025 0.10617 -0.12980 0.00000 -0.00000 0.03119
0.00000 0.00015 -0.00000 -0.00000 0.00000 0.00000 0.00019 0.00009 -0.00000 0.00000 0.00000 -0.00001 -0.00000 -0.00000 0.00000 0.00035 -0.00000 0.00003 0.00000 0.00000 0.05215 -0.00000 0.00000 0.00000 0.00000 0.00000 -0.56089 0.00001 -0.00000 -0.00049
0.00000 -0.00000 0.00000 -0.00000 -0.00000 0.00002 -0.00000 -0.00000 -0.00000 -0.00000 -0.00000 -0.00000 0.00000 0.00000 -0.00000 0.00003 0.00000 0.00000 0.00000 0.00000 -0.00000 -0.00000 0.00000 0.00000 0.00000 -0.00000 -0.00001 -0.00003 -0.00000 -0.00007
0.00000 -0.00009 -0.00000 -0.00000 -0.00000 0.00000 0.00000 -0.00002 0.00012 -0.00000 -0.00000 0.00000 -0.00000 0.00000 0.00000 -0.00000 0.00012 -0.00004 -0.00000 0.00000 -0.00013 0.00000 0.00007 0.00022 -0.00000 0.00001 -0.00015 0.00000 -0.00014 0.00000
-0.00000 -0.00000 0.00000 0.00006 -0.00000 -0.00000 -0.00000 0.12544 -0.00000 -0.00000 -0.00000 0.00000 0.00000 -0.00000 0.00000 0.00000 0.58033 -0.00000 0.00000 0.00000 -0.00000 0.00015 -0.00000 0.00000 0.00000 -0.00000 0.00002 -0.00000 -0.00000 0.00000
-0.00013 -0.00004 0.00029 0.00007 0.00000 -0.00000 -0.00000 0.00000 0.00015 -0.00010 0.00002 -0.00000 -0.00002 -0.00000 0.00004 0.00000 -0.00006 0.00000 -0.00002 -0.00000 0.00000 0.00000 -0.00000 0.00000 -0.00000 0.00000 0.21322 0.00000 0.00000 0.00000
-0.00000 0.00000 0.00010 -0.00000 0.00000 0.00000 -0.00000 -0.00000 0.00031 0.00000 -0.00000 0.00000 0.00000 -0.00000 -0.00000 -0.29748 0.19301 0.00000 0.00000 0.00006 0.00000 0.00021 0.00000 0.00000 -0.00000 -0.00000 0.00000 0.00000 0.00004 -0.00003
0.00025 -0.00001 0.00034 -0.00000 0.00000 0.00025 0.00011 -0.00000 0.00000 0.00000 0.00000 0.00000 -0.00000 -0.00000 -0.00007 -0.00000 0.00024 0.00006 0.00000 0.00000 0.00008 0.00010 0.00000 0.00004 0.00009 -0.00002 0.00002 0.00000 0.00000 0.00041
0.00017 0.00000 -0.00000 0.00000 0.00000 -0.00000 0.00000 0.00000 -0.61671 -0.00000 -0.00000 0.00002 0.00000 -0.00000 -0.00000 0.00010 -0.00000 0.00000 0.00000 -0.00000 -0.00000 -0.00000 0.00000 -0.00007 0.00000 0.00005 0.00000 -0.00000 -0.00002 0.00001
-0.00002 -0.00011 0.00000 -0.00000 -0.00000 0.00000 0.00004 0.00000 -0.00000 0.00000 -0.00000 -0.00020 -0.00000 -0.00000 -0.00003 -0.00016 0.00000 0.00001 0.00000 0.00000 -0.00006 -0.00000 -0.00006 -0.00000 0.00000 -0.00000 0.00000 -0.00000 0.00000 0.00000
-0.00006 0.00000 -0.00000 -0.00000 -0.00000 -0.00014 0.00000 -0.00000 0.00000 -0.00003 -0.00018 -0.00000 -0.00000 -0.00000 0.00000 -0.00000 -0.00005 -0.00000 0.00001 0.00000 -0.00004 -0.00000 -0.00003 0.00000 -0.00002 -0.00000 -0.00000 0.00002 -0.40709 -0.00000
0.00010 -0.00000 -0.00000 0.00000 -0.00000 0.00000 -0.00000 0.00000 -0.00000 -0.00000 -0.00000 -0.00002 -0.00000 -0.00000 -0.00000 0.11510 -0.00000 0.00000 0.00010 0.00000 -0.00005 0.00000 -0.00000 0.00000 -0.00000 -0.00002 0.00000 -0.00000 0.00000 0.00013
-0.00000 0.00000 0.00028 -0.00000 -0.00000 0.00000 0.00000 -0.00000 -0.00000 -0.00000 0.00000 -0.00000 -0.00011 -0.00000 -0.00000 -0.00000 -0.00004 0.00002 0.00000 -0.00000 -0.00075 0.00000 0.00001 -0.00000 -0.00015 -0.00000 0.29278 0.00000 -0.00000 0.00000
0.00005 -0.00000 0.00000 -0.00000 -0.00000 -0.00000 0.00000 -0.00000 -0.00002 0.00000 -0.00001 0.00005 0.00000 0.00000 -0.00000 -0.00000 0.00000 0.00022 -0.00017 -0.00000 -0.00004 -0.00000 0.00000 -0.00001 0.00000 -0.00000 -0.00009 0.00005 0.00000 0.00008
0.00017 0.00000 -0.00000 0.00030 0.00017 0.00000 -0.00000 -0.00000 -0.00000 0.00038 0.00000 0.00000 0.00000 -0.00011 -0.00010 0.00000 -0.00012 -0.00000 0.03995 0.00000 0.00019 -0.00010 0.00000 -0.00000 0.00000 0.00000 -0.05259 -0.00000 0.00000 0.00000
-0.00000 0.00003 -0.00012 0.00000 0.00000 -0.00000 -0.00017 0.00000 0.00026 0.00000 -0.00000 -0.00016 0.00000 -0.00000 -0.00000 -0.00007 0.00000 -0.00365 0.00176 -0.00000 -0.00011 0.00012 0.00000 0.00012 -0.00000 -0.00000 -0.01076 0.00009 0.00046 0.00000
0.00000 -0.38231 0.00000 -0.00000 0.00000 -0.00000 0.00004 -0.00000 -0.00000 -0.00000 0.00000 -0.00006 0.00000 -0.00000 0.00000 -0.25440 0.00004 -0.00000 -0.00108 0.00000 -0.00010 0.00000 0.00000 -0.00000 -0.00013 -0.00940 0.03749 -0.00000 0.00000 -0.00641
-0.00001 0.00000 0.00000 -0.00000 -0.00000 0.00005 -0.00000 -0.00000 0.00000 -0.00000 -0.00000 0.00000 0.00004 -0.00000 -0.00020 0.00017 0.00001 -0.00032 0.00000 -0.00005 -0.00005 0.00008 -0.00007 -0.00000 0.00000 0.00007 -0.00013 0.00000 -0.00000 0.00000
-0.00000 -0.00000 -0.00000 0.00000 -0.00000 0.00000 -0.00023 0.00013 0.00000 -0.00000 -0.00000 0.00000 -0.00000 -0.00000 0.00000 0.00097 -0.00001 -0.00000 0.00009 0.00000 0.00000 -0.00000 -0.25728 0.00011 -0.00008 0.00000 0.00022 -0.00000 -0.00004 -0.00009
-0.00000 -0.00000 0.00000 -0.00000 -0.00000 0.00013 -0.00000 -0.00001 0.00000 0.00000 0.00000 -0.00000 -0.00000 -0.00179 -0.00000 0.00002 -0.00000 -0.00000 -0.00000 0.09463 0.00000 -0.00012 0.00000 0.00000 -0.00012 0.00007 0.49118 0.00000 -0.10616 -0.00013
-0.00006 -0.00000 0.00000 0.00000 -0.00000 0.00011 -0.00000 0.00002 0.00000 -0.00020 -0.00000 0.00000 0.00000 -0.00000 -0.00000 -0.00000 0.00000 -0.00000 0.00000 0.53118 -0.00000 -0.00000 -0.05056 0.00000 -0.00008 0.00005 -0.00000 -0.00000 0.00000 0.00000
-0.00000 -0.00000 0.00018 0.00000 0.00404 -0.00002 0.00000 -0.00013 -0.00000 -0.00000 -0.00000 -0.00004 -0.00000 0.00006 -0.00000 0.11119 0.00006 -0.00022 -0.00000 0.00000 -0.00000 0.00000 0.00000 0.00000 -0.00011 0.00017 0.00000 -0.00027 0.00003 -0.00000
-0.00000 0.00000 0.00008 0.00000 0.01229 0.00000 0.00000 -0.00000 -0.00013 0.00000 -0.00000 -0.00000 0.00006 0.00004 -0.00003 -0.00019 0.00016 0.00003 -0.00000 0.00015 -0.00011 0.00003 0.26660 -0.00000 -0.00000 0.00023 -0.00002 0.00000 -0.00000 -0.00000
0.66635 0.00000 0.00000 -0.00000 -0.00000 0.00000 -0.00000 0.00000 -0.00000 0.00000 -0.00000 0.00000 0.00000 -0.00000 -0.00000 0.00000 0.00000 -0.00009 0.00000 -0.00000 -0.00000 0.00000 0.00000 0.00000 -0.00000 0.00003 -0.00000 -0.00000 0.00000 -0.00000
0.00000 -0.00000 -0.00009 0.00000 0.00000 -0.12811 0.00000 -0.00000 -0.00028 0.00000 0.00008 0.00001 -0.00000 0.00000 -0.00000 0.08594 0.66366 -0.00009 0.00016 -0.00000 -0.00000 0.00000 0.00000 -0.00000 0.00012 -0.00000 -0.00042 -0.00000 -0.00006 0.00000
-0.00040 -0.00000 0.00000 0.00006 -0.00002 0.00025 0.00000 -0.00030 -0.00000 0.00000 -0.00015 -0.00016 0.00000 -0.00000 -0.00013 -0.00005 -0.00039 0.00000 -0.00093 0.00902 0.00000 0.00000 0.00004 -0.00015 -0.00071 -0.00079 0.00000 0.00000 -0.01014 0.00005
-0.00000 -0.00009 -0.00000 0.00000 -0.00000 0.00010 -0.00000 -0.00000 0.00000 -0.00000 -0.00000 0.00011 -0.00000 0.00000 -0.00000 -0.00006 0.00016 0.00000 0.00000 -0.00884 -0.45782 0.00000 -0.00015 0.00001 -0.00010 0.00000 -0.00008 -0.00000 0.01577 0.00000
0.00000 -0.00000 -0.00000 0.00000 -0.00010 0.00038 0.00000 0.00000 -0.00004 0.00029 0.00000 0.00000 -0.00000 0.00000 -0.00055 -0.00001 -0.00000 0.00000 -0.00003 -0.00005 -0.00000 0.00011 0.00007 -0.00000 0.00000 -0.00001 0.00006 -0.00000 0.00000 0.00000
-0.00016 -0.00000 -0.00006 -0.00011 0.00000 -0.00002 0.00005 -0.00462 -0.00000 -0.00006 0.00000 -0.00007 0.00049 0.00000 0.00010 -0.55272 -0.00001 -0.00179 0.00012 -0.00008 -0.00003 -0.00000 -0.12040 0.00004 0.00000 0.00000 0.00000 -0.00000 0.00013 -0.00000
