0.00000 -0.00000 -0.00000 0.00000 -0.51670 -0.00008 -0.18199 0.00000 -0.00000 0.00006 0.00000 0.00000 0.00000 -0.00000 0.00000 -0.01062 -0.00321 -1.00818 0.00579 -0.00000 -0.00000 -0.00039 0.00052 0.20901 0.00000 -0.17439 0.00001 -0.00000 -0.00000 -0.00118
0.80138 0.00000 -0.00000 0.00000 -0.09297 -0.00000 -0.11325 0.00000 0.00000 0.00000 -0.00000 -0.00000 0.00000 0.00000 -0.00000 -0.00289 -0.00011 -0.00040 0.00228 -0.00000 0.00000 -0.00207 0.00000 -0.00130 -1.10924 -0.00575 0.00000 -0.00000 -0.00000 -0.00017
0.00192 0.00260 0.00000 -1.08802 0.00063 0.00000 -0.00389 0.00000 -0.00000 -0.00000 0.00000 0.00000 -1.42912 0.00000 -0.04553 -0.00000 0.00000 -0.00051 0.00000 -0.00030 0.00000 -0.00000 -0.00000 0.00005 -0.00206 0.00043 0.00000 0.51127 -0.06411 -0.00000
-0.00040 0.00603 -0.00000 -0.00000 0.00040 -0.00000 -0.00057 0.00000 -0.00000 -0.00000 -0.00000 -0.00000 -0.00000 0.00000 0.10274 0.00006 0.00000 0.00170 -0.00000 -0.33815 0.00000 -0.00000 -0.00000 -0.00054 0.00099 -0.00097 0.00000 -0.71519 0.23248 -0.00000
0.00000 0.00000 -0.00000 0.00000 0.00000 0.00007 0.00000 0.00000 -0.00003 -0.00010 0.00001 0.00000 0.00000 -0.00002 -0.00000 0.03044 0.00190 -0.00000 0.00009 -0.00000 -0.00007 0.00000 -0.00163 -0.28487 -0.00000 -0.00000 -0.00068 -0.00000 -0.00000 -0.00081
-0.00000 -0.00005 -0.00416 0.00600 0.00000 -0.00000 -0.00000 -0.09126 0.00388 -0.00020 -1.12965 0.00534 0.00759 0.00316 0.00072 0.00000 -0.00000 -0.00000 0.00000 0.00029 -0.58272 -0.00000 -0.00000 0.00000 0.00001 0.00000 0.00000 -0.00282 0.00133 0.00000
-0.00000 -0.00000 -0.00000 -0.00000 0.36445 0.00153 0.00000 -0.00000 -0.00021 0.00000 -0.00007 0.00002 0.00000 -0.00035 -0.00000 0.00164 0.00441 0.89381 -0.00051 0.00000 -0.00005 0.00172 -0.00120 -0.04629 0.00000 0.34225 -0.00091 0.00000 0.00000 -0.00071
0.00135 0.00543 0.90734 -0.01172 0.00200 -0.00000 -0.00124 -0.00000 -0.00000 0.00000 0.00000 -0.86138 0.21564 0.00000 -0.00037 -0.00000 0.00000 -0.00042 0.00000 -0.00145 -0.00000 -0.00000 -0.00000 0.00003 -0.00307 0.00038 0.00000 0.07535 -0.00539 -0.00000
0.00000 0.00065 -0.18761 -0.00024 -0.00000 0.00000 -0.00013 -0.38375 0.00000 -0.65034 -0.00000 0.27244 0.24848 -0.00000 -0.00088 0.00000 -0.00000 0.00000 0.00000 0.00017 0.00000 0.00000 0.00000 -0.00000 0.00008 -0.00000 -0.00000 0.00068 0.00292 0.00000
0.00000 0.00034 0.11091 0.00370 -0.00010 -0.00000 -0.00175 -0.16016 0.00000 -0.00000 0.00000 -0.00471 0.05102 0.00000 0.00161 -0.00000 -0.00000 -0.00028 0.00000 -0.00071 0.00000 -0.00000 0.00000 0.00000 -0.00000 0.00062 -0.00000 0.00801 0.00150 0.00000
0.00001 0.00089 0.23733 -0.00416 0.00004 -0.00000 -0.00003 0.49234 -0.10537 -0.00000 -0.00000 0.01859 -0.00043 -0.15598 -0.00564 0.00000 -0.00000 -0.00000 0.00000 -0.00093 0.00705 0.00000 -0.00000 -0.00000 -0.00010 0.00000 0.00000 0.00592 -0.00439 -0.00000
-0.00598 -0.00395 0.47938 -0.11712 -0.00695 0.00000 0.00026 0.00000 0.00000 0.00000 0.00000 0.00000 -0.14966 0.00000 -0.00063 0.00020 0.00000 0.00590 -0.00001 -0.15495 -0.00000 0.00000 -0.00000 -0.00133 0.00338 -0.00485 0.00000 0.05977 0.22272 0.00000
-0.00070 -0.00233 -0.00000 0.47774 0.00062 -0.00000 -0.00138 0.00000 0.00000 -0.00000 -0.00000 0.00000 0.00000 -0.00000 0.03003 -0.00000 0.00000 0.00034 0.00000 0.00053 -0.00000 -0.00000 -0.00000 -0.00002 0.00038 -0.00010 0.00000 -0.25618 0.09907 0.00000
-0.00000 -0.00004 -0.14121 -0.00578 -0.00008 -0.00000 -0.00010 -0.36122 -0.10294 -0.00146 0.00000 0.08396 0.16656 0.00000 0.00113 -0.00000 -0.00000 0.00000 0.00000 -0.00082 -0.13981 0.00000 0.00000 0.00000 0.00013 -0.00000 -0.00000 -0.00078 0.00198 0.00000
-0.01818 -0.61991 0.00000 -0.00000 -0.00313 0.00000 0.00598 -0.00000 -0.00000 -0.00000 -0.00000 0.00000 -0.00000 0.00000 -0.00000 0.00236 0.00010 -0.00105 -0.00042 -0.00000 -0.00000 -0.00026 -0.00000 -0.00259 0.30595 -0.00100 0.00000 0.00000 0.00000 0.00000
0.00000 -0.00000 -0.00004 0.00000 -0.00000 0.02293 0.00000 -0.00021 0.00035 -0.00032 -0.00482 -0.00001 0.00013 0.00085 -0.00000 0.00000 0.16152 0.00000 -0.95309 0.00000 -0.00181 -0.00000 -0.01508 -0.00000 0.00000 0.00000 0.00560 0.00000 -0.00000 0.05124
0.00000 -0.00000 -0.00228 0.00076 0.00000 0.36606 -0.00000 -0.00377 -0.00566 0.00074 -0.00126 -0.00525 0.00303 0.00000 0.00000 0.00000 0.00000 -0.00000 -0.00000 -0.00000 0.00262 -0.00000 -0.74895 0.00000 -0.00000 -0.00000 -0.58595 -0.00000 0.00000 -0.18219
0.00000 -0.00000 0.00000 -0.00000 -0.34961 0.00044 0.00000 -0.00000 -0.00000 -0.00015 -0.00003 -0.00000 0.00000 0.00000 0.00000 0.17265 0.00301 0.00000 -0.00178 0.00000 -0.00000 0.00000 -0.00349 -1.14264 -0.00000 0.00000 -0.00184 -0.00000 0.00000 0.00596
-0.00000 0.00000 0.00126 -0.00005 -0.00000 0.00457 -0.00000 0.00065 -0.00366 0.00096 0.01416 0.00142 -0.00050 -0.00776 -0.00000 0.00000 -0.71980 0.00000 -0.00000 -0.00000 0.00529 0.00000 0.31121 0.00000 0.00000 0.00000 0.08456 0.00000 -0.00000 -0.38922
0.10940 -0.00064 0.00000 -0.00000 0.09010 0.00000 -0.02934 -0.00000 0.00000 -0.00000 0.00000 -0.00000 0.00000 0.00000 -0.36501 -0.00375 -0.00000 0.00470 0.00097 -0.00000 -0.00000 -0.00083 -0.00000 0.00972 -0.23775 -0.00454 0.00000 -0.55679 -0.15429 -0.00015
0.00004 0.00177 0.35394 -0.01026 -0.00000 -0.00000 -0.00016 0.13543 0.04673 -0.09874 0.00000 0.06648 -0.00128 0.00000 -0.00666 -0.00000 -0.00000 -0.00000 0.00000 -0.00362 -0.00000 0.00000 0.00000 0.00000 -0.00015 0.00003 0.00000 -0.00460 -0.00391 0.00000
-0.00000 0.00000 0.00094 -0.00006 0.25710 -0.00083 0.00000 -0.00292 -0.00009 -0.00091 0.00011 0.00863 0.00175 -0.00263 -0.00003 0.00617 -0.28840 0.40809 0.02794 0.00001 -0.00016 0.00000 -0.13442 0.01248 -0.00000 0.00000 -0.37272 0.00013 0.00000 -0.16147
0.00000 0.00000 0.01264 -0.00322 0.00000 -0.56677 -0.00000 -0.00384 0.00741 -0.00044 0.05662 -0.00139 -0.00660 -0.09759 -0.00022 0.00000 -0.00000 -0.00000 -0.00000 -0.00006 0.03678 0.00000 0.00000 0.00000 0.00000 -0.00000 1.35000 0.00178 -0.00002 0.78518
-0.00000 0.00000 0.00000 -0.00000 0.00000 -0.00163 0.00000 0.00000 -0.00026 0.00022 0.00030 0.00000 -0.00000 -0.00060 0.00000 -1.12370 0.00427 -0.00000 0.18860 -0.00000 0.00016 -0.00000 0.00189 -0.00000 0.00000 0.00000 0.00443 -0.00000 -0.00000 0.00450
-2.06996 0.00000 -0.00000 -0.00000 0.15569 0.00000 -0.16688 0.00000 -0.00000 0.00002 -0.00000 -0.00000 0.00000 0.00000 -0.00000 0.00532 0.00313 0.38968 -0.00437 0.00000 -0.00000 -0.00249 -0.00016 -0.01559 0.00000 0.07400 -0.00000 -0.00000 -0.00000 -0.00000
0.00000 0.00000 0.00000 0.00000 -0.74621 0.00209 -0.00000 0.00000 -0.00260 0.00070 -0.00020 -0.00008 -0.00000 -0.00111 0.00000 0.09855 0.01407 -1.53519 -0.00020 -0.00000 -0.00115 -0.29189 -0.00379 0.50072 -0.00000 0.00000 0.00422 0.00000 0.00000 0.00445
-0.00000 0.00000 -0.00092 -0.00579 0.00000 -0.90551 0.00000 0.00272 -0.25279 0.01342 0.27363 0.00384 -0.00393 -0.30006 -0.00003 0.00000 -0.00000 0.00000 -0.00000 -0.00032 0.11673 -0.00000 0.00000 0.00000 -0.00000 0.00000 0.00000 0.00240 -0.00041 -0.00000
0.00190 0.27045 -0.00000 0.00000 0.00499 0.00000 -0.00342 0.00000 0.00000 0.00000 -0.00000 -0.00000 -0.00000 0.00000 -0.89845 -0.00002 0.00000 0.00083 0.00001 -0.00000 0.00000 -0.00000 -0.00000 0.00027 -0.00179 -0.00032 -0.00000 0.00000 -1.15946 -0.00000
0.00623 -0.57036 0.00000 -0.00000 -0.00416 0.00000 -0.00106 0.00000 0.00000 -0.00000 -0.00000 -0.00000 -0.00000 0.00000 0.37337 0.00160 0.00000 0.00110 -0.00008 -0.00000 -0.00000 0.00000 -0.00000 -0.00388 0.11211 -0.00304 -0.00000 -0.00000 0.00000 0.00000
0.00000 0.00000 0.00081 -0.00061 -0.00000 0.22853 -0.00000 -0.00516 0.00381 -0.00062 0.00305 0.00961 0.00294 0.00340 -0.00014 -0.00000 0.00000 -0.00000 -0.00000 0.00000 0.00121 0.00000 -0.00000 -0.00000 -0.00000 -0.00000 -1.21841 0.00079 0.00007 0.00000
