0.00000 0.00000 0.00000 0.00000 0.00000 0.00000 0.00000 0.00000 0.00000 0.00000 0.00000 0.00000 0.00000 0.00000 0.00000 0.00000 0.00000 0.00000 0.00000 0.00000
0.00000 0.00000 0.00000 0.00000 0.00000 -0.44753 0.00000 -0.38852 0.00000 0.00000 0.00000 0.53474 0.00000 0.56377 0.65614 0.00000 0.00000 0.00000 0.98763 0.00000
0.00000 0.00000 0.00000 0.00000 0.00000 0.00000 0.00000 0.00000 0.00000 0.00000 -0.52232 0.00000 -0.34827 -0.77011 -0.69622 0.00000 -0.31893 0.00000 -0.84190 -1.20978
0.00000 0.00000 -0.31681 0.00000 0.00000 0.00000 0.00000 0.00000 0.00000 0.00000 0.00000 0.00000 0.00000 0.00000 0.00000 0.00000 0.00000 0.00000 0.00000 0.00000
0.00000 0.00000 0.00000 0.00000 0.00000 0.00000 0.00000 0.00000 0.00000 0.00000 0.00000 0.00000 0.00000 0.00000 0.00000 0.00000 0.00000 0.00000 0.00000 0.00000
0.00000 0.00000 0.00000 0.00000 0.00000 0.00000 0.00000 0.00000 0.00000 0.00000 0.00000 0.00000 0.00000 0.34506 0.00000 0.00000 0.00000 0.00000 0.00000 0.00000
0.00000 0.00000 0.00000 0.00000 0.00000 0.00000 0.00000 0.00000 0.00000 0.00000 0.00000 0.00000 0.00000 0.00000 0.00000 0.00000 0.00000 0.00000 0.00000 0.00000
0.00000 0.00000 0.54608 0.00000 0.91049 0.00000 0.00000 0.00000 0.00000 0.00000 -0.38192 0.00000 0.00000 0.00000 0.00000 0.39252 0.00000 0.00000 -0.55887 0.00000
0.00000 0.96017 0.00000 0.00000 0.00000 0.00000 0.00000 0.00000 0.00000 0.00000 0.00000 0.00000 0.00000 0.00000 0.00000 0.00000 0.00000 0.00000 0.00000 0.00000
0.00000 0.00000 0.00000 0.00000 0.00000 0.00000 0.00000 0.00000 0.00000 0.00000 0.00000 0.00000 0.00000 0.00000 0.00000 0.00000 0.00000 0.00000 0.00000 0.00000
0.00000 0.00000 0.00000 0.00000 0.00000 0.00000 0.00000 0.00000 0.00000 0.00000 0.00000 -0.76956 0.00000 1.36911 1.03550 0.00000 0.00000 0.57026 1.37762 0.59080
0.00000 0.00000 0.00000 0.00000 0.00000 0.00000 0.00000 0.00000 0.00000 0.00000 0.00000 0.00000 0.00000 0.00000 0.00000 0.00000 0.00000 0.00000 0.00000 0.00000
0.00000 0.00000 0.00000 0.00000 0.00000 0.00000 0.00000 0.00000 -0.54972 0.00000 0.00000 0.00000 0.00000 1.07994 0.74052 0.00000 -0.65725 -0.35735 0.33626 0.00000
0.00000 0.00000 0.00000 0.00000 0.00000 0.00000 0.00000 0.00000 0.00000 0.00000 0.00000 0.00000 0.00000 0.00000 0.46190 0.00000 0.00000 0.00000 0.00000 0.00000
0.00000 0.00000 0.00000 0.00000 0.00000 0.00000 0.00000 0.00000 0.00000 -0.37512 0.00000 0.00000 0.00000 0.00000 0.00000 0.00000 -0.63414 -0.33936 0.60811 0.00000
0.00000 0.00000 0.56804 0.00000 0.31237 0.00000 0.00000 0.00000 0.00000 0.00000 0.00000 0.00000 0.00000 -1.28109 -1.11083 0.00000 -0.30258 0.00000 -1.10792 0.00000
0.00000 0.00000 0.00000 0.00000 0.00000 0.00000 0.00000 0.00000 0.00000 0.00000 0.00000 0.00000 0.00000 0.00000 0.00000 0.00000 0.00000 1.03617 0.00000 0.38781
0.00000 0.00000 0.00000 0.00000 0.00000 0.00000 0.00000 0.00000 0.41941 0.00000 0.00000 0.00000 0.00000 0.00000 0.00000 0.00000 0.00000 0.00000 0.00000 0.57196
0.00000 0.00000 0.00000 0.00000 0.00000 0.00000 0.00000 0.00000 0.00000 -0.87229 0.00000 0.00000 0.00000 0.00000 0.00000 0.00000 0.00000 0.00000 0.00000 0.00000
0.00000 0.31380 0.00000 0.00000 0.00000 0.00000 0.00000 0.00000 0.42031 -0.93512 0.00000 0.00000 0.00000 0.33703 0.00000 0.00000 0.00000 0.00000 0.00000 0.00000
