0.00000 -0.32163 0.00038 -0.00000 0.00030 0.01884 0.00000 0.04284 -0.92498 -0.00000 -0.00017 0.08689 -0.00000 -0.00007 -0.00000 0.00214 0.00000 0.00000 -0.00000 0.00000
0.00000 0.00000 -0.01392 0.00000 0.00839 -1.00100 0.00000 -0.64429 0.00000 -0.00006 0.00595 0.18084 -0.00001 -0.00138 0.00116 -0.06233 0.00000 0.00000 0.00018 0.00000
-0.00000 0.00000 0.00000 0.00000 -0.01905 -0.00000 -0.00001 -0.00000 0.00000 -0.00221 -0.69968 -0.27911 -0.03261 -0.79316 -0.62465 0.00000 0.00290 0.00043 -0.07282 0.00006
-1.00069 0.03606 -0.00004 0.00000 0.00000 -0.00218 -0.00000 -0.00419 0.25957 0.00000 0.00000 -0.02925 -0.00000 0.00000 0.00000 -0.00027 0.00000 -0.00000 0.00000 0.00000
-0.00000 0.00000 0.00000 0.00000 -0.00000 0.00000 -0.00000 -0.00000 0.00000 -0.00187 -0.00000 -0.02800 -0.04386 -0.00000 -0.00000 -0.00000 0.00276 0.00068 -0.00000 0.00015
0.00000 -0.00000 0.17219 -0.00000 -0.05369 0.00000 -0.00000 0.00000 -0.00000 0.00023 -0.07449 -0.14084 0.00014 0.03942 -0.01437 0.51593 -0.00000 0.00000 -0.00167 0.00000
0.28160 -0.00539 0.00000 -1.12624 0.00000 0.00042 0.00000 0.00086 -0.04098 0.00000 -0.00000 0.06609 0.00000 -0.00000 -0.00000 0.00004 -0.00000 -0.00000 0.00000 -0.00000
-0.00000 0.00000 0.15409 0.00000 0.28073 0.52646 -0.00000 -0.00000 0.00000 -0.00019 -0.06786 0.03805 -0.00042 -0.02385 -0.00529 0.59523 0.00001 0.00000 -0.00143 0.00000
0.00000 1.28772 -0.00140 0.00000 0.00199 -0.17843 0.00000 -0.08923 0.00000 -0.00000 0.00068 0.11077 -0.00000 -0.00067 0.00015 -0.00859 -0.00000 -0.00000 0.00002 0.00000
-0.00076 -0.00000 -0.00000 0.00364 -0.00003 0.00000 -0.04713 -0.00000 -0.00008 0.00000 -0.00000 -0.00104 -0.00000 -0.00000 -0.00000 -0.00000 0.00000 0.00000 -0.00000 -0.00000
0.00000 -0.00000 0.00000 -0.00000 0.07216 0.00000 0.00001 0.00000 -0.00000 -0.00644 0.00000 -0.72261 0.06447 1.20214 0.80002 0.00000 -0.00877 0.00021 0.20508 -0.00013
-0.00000 0.00000 -0.00000 0.00000 -0.00000 -0.00000 -0.00000 -0.00000 0.00000 0.00001 -0.00000 0.00000 -0.00000 -0.00000 0.00000 -0.00000 0.00000 0.00000 -0.00000 0.00000
0.00007 -0.00000 0.00000 -0.00096 0.00000 0.00000 0.00457 -0.00000 -0.00003 0.14316 -0.00000 -0.07388 0.00000 0.00000 -0.00000 -0.00000 -1.16161 -0.20576 -0.00000 -0.03450
0.00000 -0.00000 0.00000 -0.00001 0.02675 0.00000 0.00012 0.00000 -0.00000 -0.05837 0.00000 -0.20498 0.17205 0.00000 0.43881 0.00000 -0.01111 -0.00243 0.14774 -0.00028
0.00000 -0.00000 0.00000 -0.00006 0.10089 -0.00000 0.00044 0.00000 0.00000 -0.12165 0.00000 0.04797 0.30394 0.00000 0.00000 0.00000 -0.06786 -0.01368 1.27753 -0.00144
-0.00000 0.00000 0.93838 0.00000 0.45276 -0.00000 -0.00000 -0.00000 -0.00000 -0.00074 -0.55794 -0.14651 -0.00544 -0.59586 -0.13375 0.00000 0.00007 0.00004 -0.01334 0.00000
-0.00103 0.00001 -0.00000 0.00740 -0.00000 -0.00000 -0.04814 -0.00000 0.00017 -0.00083 -0.00000 0.18010 -0.00000 -0.00000 0.00000 -0.00000 0.00000 1.21807 0.00000 0.28223
-0.00567 0.00014 -0.00000 0.04703 -0.00000 -0.00000 -0.31480 -0.00001 0.00088 0.08677 0.00000 -0.07806 -0.00000 -0.00000 0.00000 -0.00000 0.00000 0.00000 0.00000 1.14741
0.00008 -0.00000 0.00000 -0.00052 -0.15136 -0.00000 0.00337 0.00000 0.00000 -0.90255 0.00000 -0.01152 0.06464 0.00000 0.00000 0.00000 -0.26752 -0.13926 0.00000 -0.01382
-0.03633 0.00097 -0.00000 0.38356 0.00000 -0.00008 -0.86485 -0.00012 0.00596 -0.77207 0.00000 -0.04009 -0.00000 0.00000 0.00000 -0.00000 0.00000 0.00000 0.00000 0.00000
