0.00000 0.00035 -0.00027 -0.00179 0.00062 -0.00115 0.00014 -0.00027 0.00000 -0.00000 0.00000 0.00000 0.00000 0.00000 -0.00022 0.00010 -0.01627 -0.00061 0.00000 0.00004 0.00056 0.00000 0.00008 0.00008 -0.00002 -0.00001 0.00152 0.00000 0.00019 0.00046 -0.00000 -0.00000 -0.00000 0.00024 0.00003 -0.00000 -0.00000 -0.00000 -0.03250 -0.00000 0.00000 0.00000 -0.00000 0.00000 -0.00000 -0.00007 0.00000 -0.00019 -0.00016 -0.00000
-0.00000 0.00000 -0.00000 0.00015 0.07065 0.00000 -0.00012 -0.01276 0.00000 -0.00026 -0.00012 -0.00032 0.00000 -0.00075 -0.00021 0.00084 1.03603 0.00017 0.02987 0.00015 0.00000 0.00078 0.00000 -0.00039 0.00000 0.00000 -0.02234 0.00000 0.00000 0.00024 -0.00000 0.00000 0.00003 -0.00000 0.00031 0.00000 -0.00000 -0.00000 -0.00033 0.00000 0.00295 0.00000 0.00000 -0.00000 -0.00000 -0.00019 -0.00006 0.00000 -0.00011 0.00000
-0.00033 0.00000 0.00000 0.04728 -0.00026 -0.00000 0.00010 -0.00000 -0.00000 -0.00029 -0.00001 -0.00013 0.00000 -0.00000 0.00027 -0.00000 0.00020 0.00001 0.00000 -0.00000 -0.00028 0.00000 0.00000 -0.00000 -0.00000 -0.00000 -0.00000 -0.00001 -0.00087 0.00020 -0.00000 0.00306 0.00003 -0.00016 -0.00023 -0.00000 0.48711 0.00058 -0.00000 -0.00000 -0.00684 0.00040 0.00009 -0.00003 -0.00000 0.00124 -0.00000 -0.00000 -0.00000 0.00014
-0.01176 -0.00076 -0.00000 0.00000 -0.00076 0.00000 -0.00000 0.00000 0.00000 -0.00000 -0.00000 0.00000 0.00498 0.00000 -0.00008 0.00000 0.01564 -0.00023 -0.00000 0.00000 0.00025 -0.00034 -0.00000 0.00069 -0.00073 -0.00011 -0.00000 -0.00009 0.00000 0.00000 -0.00000 -0.00000 0.00017 -0.00036 -0.00000 -0.00001 0.00000 0.00044 0.01427 -0.00025 0.00000 -0.00000 0.00000 0.00000 0.00004 -0.04788 -0.00019 0.00000 0.00042 0.00000
0.00000 0.00000 -0.00007 -0.00002 0.00000 -0.00006 0.00000 0.00101 -0.00010 0.00000 0.00000 0.00000 -0.00002 -0.00000 -0.00000 0.00000 -0.00033 0.00033 0.00056 0.00000 -0.00047 0.00000 -0.00029 -0.00037 0.00003 -0.00000 0.00000 -0.00001 -0.00033 -0.00032 -0.00000 -0.00000 0.00000 -0.00000 0.00000 -0.00000 -0.00005 0.00000 -0.00000 -0.00000 -0.00045 0.00015 -0.00000 0.00005 -0.00000 0.00007 0.00000 0.00016 -0.00979 0.00000
-0.00010 -0.00000 -0.00344 0.12371 -0.00001 0.00000 0.00000 0.00000 -0.00000 -0.00000 -0.00018 0.00000 0.00000 0.00000 0.00005 0.00005 0.00000 0.00005 -0.00000 -0.00000 0.00000 0.00007 -0.27807 -0.00000 0.00000 0.00000 -0.00000 0.00000 0.00010 -0.00486 -0.00000 0.00000 -0.00000 -0.00000 -0.00000 -0.00000 -0.00308 -0.00009 0.00000 -0.00000 -0.00000 -0.00006 0.00000 0.00000 -0.00000 0.00000 -0.00000 -0.00002 0.00000 0.00000
0.00000 0.00000 0.00020 0.00261 0.00015 -0.00012 -0.00000 -0.00000 0.00000 -0.00000 -0.00000 0.09150 0.00000 -0.00051 0.00003 -0.00002 -0.00004 0.00004 0.00010 -0.00000 -0.01466 0.00000 0.00022 0.00003 -0.00000 0.00000 -0.00000 -0.00000 -0.05252 -0.07148 -0.00000 -0.00000 -0.00000 -0.00013 -0.00012 0.00000 -0.00466 -0.00012 -0.00011 0.00000 -0.00627 -0.00003 0.00000 0.00000 -0.00002 -0.00007 -0.00000 -0.00000 -0.00000 -0.00000
0.00001 -0.00004 0.00000 0.00006 0.00023 0.00000 -0.00000 -0.00000 -0.00002 0.00000 -0.00000 0.00026 0.00000 0.00000 0.00000 -0.00012 -0.00106 0.00000 -0.00000 0.00000 -0.00000 -0.00008 0.00004 -0.00000 0.00000 -0.00001 0.00000 -0.00000 0.00000 -0.00033 -0.00000 -0.00000 -0.00000 0.00000 0.00000 -0.00000 0.00003 0.00009 0.00000 -0.00000 -0.22123 0.00004 -0.00003 0.00000 0.00000 0.00000 0.00000 -0.00000 -0.00010 0.00000
0.00004 -0.00000 -0.00000 0.00013 -0.00015 -0.00001 0.00008 -0.00000 -0.00000 -0.28808 0.00002 -0.31242 -0.00000 -0.00026 0.00000 -0.00000 -0.00131 -0.00000 -0.00000 -0.00001 -0.00000 -0.00000 -0.00007 0.00005 0.00004 0.00000 0.00016 -0.00000 0.00000 0.00000 0.00486 0.00009 0.00000 -0.00000 0.00000 -0.00000 0.00013 -0.00000 0.00000 -0.00000 0.00019 -0.00000 -0.00000 -0.00000 0.00000 0.00000 0.00000 0.00002 0.00000 -0.00048
-0.00002 -0.00029 0.00001 -0.00289 0.00013 -0.00000 -0.00000 -0.00000 -0.00000 0.00000 0.00024 0.33539 0.00000 0.00006 0.00000 -0.00000 0.02841 -0.00000 0.00019 0.00002 -0.00000 0.00001 -0.00008 0.00003 -0.00002 -0.00000 -0.00025 -0.00000 -0.00000 -0.00018 -0.35809 0.00034 -0.00000 0.00135 0.00004 0.00004 -0.00088 -0.00000 -0.00000 -0.00000 0.00000 0.00000 -0.00000 0.00000 -0.00007 0.00019 -0.00000 0.00000 -0.00002 0.00100
0.00396 0.00003 0.00000 -0.00000 0.00043 -0.00004 -0.00000 0.00000 -0.00000 0.00097 -0.00000 0.00004 -0.00000 0.00000 -0.00000 -0.00000 0.00000 -0.00000 0.00000 0.00000 -0.00000 0.00000 -0.00001 0.00000 -0.00000 -0.00000 0.15206 0.00000 0.00013 0.00000 0.00000 -0.00007 0.00007 0.00009 -0.00000 0.00000 -0.00000 0.27912 -0.00003 -0.00000 -0.00026 -0.00005 -0.00000 0.00000 0.00000 -0.00015 0.00000 0.00011 -0.00000 -0.00000
0.00015 -0.00010 0.00000 0.09835 0.00003 0.00000 0.00000 -0.00018 0.00000 0.00000 0.00013 0.00000 0.00000 -0.00004 0.00000 0.00000 0.00494 0.00000 0.00016 -0.00000 -0.00008 -0.00000 -0.00000 -0.00001 -0.00000 -0.00000 -0.00010 0.00004 -0.00000 0.00092 -0.07509 -0.00000 0.00000 0.00000 0.00000 0.00000 -0.00087 0.00000 -0.00003 0.00003 0.00043 0.00000 -0.00011 -0.00000 0.00000 0.00036 0.00004 -0.00000 0.00003 0.00000
-0.00000 -0.00000 0.00127 0.00000 -0.00000 0.00011 0.00004 -0.00000 -0.00016 0.00000 0.00000 0.00010 -0.00000 0.00010 0.00001 0.00000 -0.00000 0.00000 -0.00046 -0.00000 -0.00000 -0.00000 -0.00008 -0.00000 -0.00000 0.00000 0.00000 -0.00000 -0.00010 0.00000 -0.00000 0.00000 0.00000 -0.00000 0.00015 -0.00000 0.00008 -0.00000 -0.00000 0.00000 -0.00034 0.00032 0.00000 0.00000 0.00000 0.00000 -0.00000 0.00005 -0.00007 0.00000
-0.36991 -0.00005 0.25701 0.13738 -0.00101 0.03585 -0.00002 0.00021 0.00002 -0.00000 0.00000 0.00000 0.00009 -0.00000 0.00011 0.00002 0.22993 0.00020 0.00000 0.00005 -0.01380 0.00000 -0.09157 -0.00000 0.00000 0.00004 -0.00025 -0.00000 -0.00030 -0.03760 -0.00072 0.00314 0.00018 -0.00203 -0.00006 -0.00000 0.06066 0.00339 0.12885 0.00000 -0.00420 -0.00029 -0.00000 -0.00000 0.00000 0.04588 0.00008 0.00000 0.00038 0.00324
-0.00000 -0.01055 -0.00000 -0.00000 -0.03373 -0.00000 0.00000 -0.00000 0.00000 -0.00000 -0.00000 0.00010 0.00000 0.00000 -0.00000 -0.00000 -0.01708 0.00006 0.00007 0.00001 -0.00000 0.00000 0.00000 0.00000 0.00009 0.00000 0.00487 0.00000 -0.00000 -0.00000 -0.00003 0.00000 0.00000 0.00000 0.00000 -0.00000 -0.00023 0.00000 -0.00000 0.00017 0.00000 0.00005 0.02615 -0.00008 -0.00000 0.00015 0.00000 0.00006 0.10125 -0.00004
-0.00000 0.00031 -0.00016 -0.00022 -0.28413 0.00000 -0.00017 -0.00004 -0.00004 0.00000 -0.00000 0.00000 -0.00000 -0.00000 0.00000 0.00000 0.00000 -0.00000 0.00000 -0.00000 0.00016 -0.00000 -0.00004 0.00014 0.00000 -0.00000 -0.00000 -0.00000 0.00007 0.00022 -0.00000 0.00000 -0.00011 0.00000 0.00000 0.00007 -0.00009 -0.00000 0.00010 0.00000 0.00024 0.00000 -0.00000 -0.00000 -0.00000 0.00008 -0.00000 -0.00010 -0.00000 0.00000
-0.00034 0.00000 0.00365 0.00063 0.01757 0.00656 0.00000 -0.00664 0.00000 0.00000 0.00029 0.00000 -0.00000 0.00000 -0.00001 0.00067 0.00000 0.00050 0.00000 -0.00070 0.00000 0.00000 -0.00317 -0.00042 0.00000 0.00000 -0.01613 -0.00000 -0.00034 -0.00000 0.00000 0.00029 -0.00000 -0.00000 0.00179 -0.00000 0.00000 -0.00000 0.01930 0.00007 0.00552 -0.00040 -0.00000 -0.00000 -0.00007 -0.00003 0.00000 0.00000 -0.01276 0.00000
-0.00000 0.00026 0.00014 0.00002 0.00021 -0.00000 0.00000 -0.00002 0.00000 -0.00000 -0.00000 0.00001 0.00000 0.00036 0.00000 0.00000 0.00000 -0.00000 -0.00028 0.00000 0.00000 -0.00000 0.00000 -0.56423 -0.00000 0.00000 -0.00014 -0.00000 -0.00000 0.00000 0.00004 -0.00000 0.00000 -0.00000 -0.00001 0.00020 0.00014 -0.00000 -0.00000 0.00000 -0.00000 0.00018 -0.00027 0.00001 0.00000 0.00016 0.00000 0.00000 0.00000 -0.00000
0.01286 0.00000 -0.03781 -0.03261 0.00000 -0.04584 -0.00000 -0.00000 0.00000 0.00019 0.00000 0.00016 -0.00000 -0.88881 -0.00009 -0.00000 -0.29698 -0.00000 0.00000 0.00000 0.00077 -0.00000 0.02590 -0.00003 -0.00014 -0.00003 0.00043 -0.00000 0.00015 0.02768 0.00076 -0.00024 -0.00026 0.00000 0.00000 0.00000 -0.02609 -0.00041 -0.12678 0.00000 0.00049 0.00038 0.00000 0.00015 -0.00000 -0.00120 -0.00000 -0.00024 0.00000 -0.00010
-0.00000 0.00032 0.00000 0.00000 0.00000 0.00000 0.00000 0.00000 -0.00000 -0.00000 0.00000 0.00007 0.00000 0.00009 0.00000 -0.00000 0.00000 0.00003 -0.00004 0.00000 0.00000 -0.00002 0.00007 -0.00000 0.00000 0.00000 0.00001 -0.00000 -0.00000 0.00006 -0.00000 0.00000 -0.00000 0.00000 0.00017 -0.00004 -0.00000 0.00000 -0.00000 -0.00000 0.00007 0.00042 -0.00000 0.00003 -0.00000 -0.00000 -0.00000 0.00000 -0.00000 0.00000
0.01403 0.00677 0.00419 -0.00047 -0.00026 -0.00000 -0.00000 -0.00000 0.00003 -0.00011 0.00019 0.00000 0.00000 -0.00000 -0.00033 0.00038 -0.00000 -0.00031 0.00043 -0.00017 0.00000 -0.00000 -0.00000 0.00029 -0.00000 0.00093 0.00036 -0.00000 0.00000 -0.00000 -0.00019 -0.00000 -0.00000 -0.00050 -0.00094 -0.00039 0.02495 0.00025 -0.00037 0.00000 0.00000 0.00000 -0.00035 0.00000 0.00022 0.00420 0.00000 0.00000 0.00005 -0.00000
-0.00004 0.00017 0.00000 -0.00043 -0.38809 0.00008 0.00000 0.00000 -0.00005 0.00000 -0.00000 0.00000 0.00000 -0.00000 -0.00000 0.26664 0.00005 -0.00000 0.00014 -0.00005 -0.00004 0.00000 -0.00002 -0.00000 -0.00000 -0.00000 -0.00010 -0.00000 0.00000 -0.00005 0.00000 -0.00004 0.00000 0.00000 -0.00000 0.00000 -0.00000 -0.00000 0.00000 0.00013 -0.00002 0.00000 -0.00000 -0.00002 0.00000 -0.00000 0.00000 0.00001 -0.00000 0.00034
0.02277 0.00000 0.30086 -0.23998 0.00000 0.00000 0.00000 0.00452 -0.00000 -0.00034 -0.00008 -0.00000 -0.00000 -0.00000 -0.00000 -0.00008 -0.00529 0.00000 0.00000 -0.00000 -0.00009 -0.00003 0.00000 -0.00012 0.00005 0.00000 -0.00005 -0.00003 -0.00178 0.81510 0.00000 -0.00009 0.00006 0.00000 0.00000 0.00001 0.01010 -0.00024 -0.00000 -0.00000 -0.24338 0.00005 -0.00006 -0.00004 0.00006 -0.00000 0.00000 0.00057 0.00000 0.00000
0.00013 -0.00054 -0.00000 0.00005 -0.00010 -0.00000 0.00000 -0.00000 0.00000 -0.00000 0.00000 0.00000 -0.00000 -0.00000 -0.00011 -0.00000 -0.00000 -0.00000 -0.00025 0.00000 -0.00548 -0.00000 0.00000 -0.00000 -0.00001 0.00000 -0.00000 -0.00000 0.00000 0.00000 0.00001 0.00000 0.00000 -0.00003 0.00000 -0.00000 0.00029 0.00010 0.00000 -0.00000 0.00000 -0.00000 0.00047 0.00016 -0.00020 -0.00011 0.00003 0.00000 -0.00039 -0.00000
-0.00003 0.00041 0.00000 -0.00030 0.00000 0.00000 0.31329 -0.00006 -0.00000 -0.00005 -0.00000 -0.00000 0.00000 -0.00010 -0.00000 -0.00000 0.00008 -0.00004 -0.00000 -0.00000 -0.00001 -0.00000 0.00122 0.00000 0.00000 0.00000 -0.00000 -0.00000 -0.05253 -0.11854 -0.00000 0.00000 -0.00004 0.00000 -0.00014 -0.00000 -0.01697 -0.00031 -0.00003 0.00000 -0.00154 0.00000 -0.00000 -0.00001 0.00000 -0.00000 -0.00000 -0.00000 -0.00007 -0.00000
0.00000 0.00000 -0.09896 -0.00057 -0.00000 -0.00000 0.00000 0.00000 -0.00000 -0.00000 0.00000 -0.00000 -0.00000 0.00000 0.00000 0.00000 0.00000 -0.00006 0.00000 0.00000 -0.00000 -0.00000 0.00003 0.00002 0.00003 -0.00000 -0.00000 -0.00000 -0.00000 -0.00000 0.00000 0.00000 0.00003 0.00001 0.00000 -0.00000 -0.00141 -0.00000 0.00000 -0.00000 0.00003 0.00000 0.00000 0.00000 -0.00000 0.05347 0.00000 -0.00009 -0.00000 0.00000
0.00601 0.00000 0.00000 -0.00000 -0.14379 0.00000 -0.00004 -0.00000 -0.00000 -0.00011 -0.00000 0.00000 0.00000 0.00000 0.00038 0.00001 0.00032 0.00000 0.00000 0.00000 0.00000 -0.00027 -0.00000 0.00000 0.00000 0.00000 -0.00000 0.00003 0.00000 0.00009 0.00000 0.00000 -0.00003 -0.00000 -0.00000 0.00000 0.00002 0.00000 0.00000 0.00000 0.00008 0.00001 0.00000 -0.00001 -0.00000 0.00003 0.00000 -0.00017 0.00059 0.00001
0.00051 -0.00000 -0.00423 0.00000 -0.00000 0.00034 -0.00000 0.00000 -0.00000 0.00000 0.00000 -0.00000 0.00000 -0.01818 0.00000 0.00000 -0.00015 0.00000 0.22627 -0.00001 -0.00000 -0.00000 -0.01291 -0.00000 -0.00000 0.00000 0.00011 -0.00000 0.00000 -0.00000 -0.00000 0.00000 0.00000 0.00000 -0.00000 0.00000 -0.02876 0.00000 -0.00000 -0.00000 0.00072 0.00021 0.00009 0.00000 -0.00005 0.00000 0.00000 -0.00000 0.00001 0.00000
-0.00000 -0.00039 -0.00106 0.01418 0.00000 0.00000 -0.00000 0.00000 -0.00000 0.00000 0.00009 0.00004 -0.00000 0.00000 0.00000 0.00000 -0.00018 -0.00000 0.00008 -0.00008 0.00146 0.00000 -0.00008 0.00000 -0.00000 -0.00000 -0.00000 0.00000 0.00000 0.03964 -0.00005 -0.00000 -0.00000 -0.00000 -0.00000 0.00000 0.08610 -0.00001 -0.00000 0.00000 0.19635 -0.00024 0.00000 0.00000 -0.00000 0.00016 0.00000 0.00024 -0.00000 -0.00000
0.00544 0.00593 0.00058 -0.00025 -0.00081 0.00000 -0.00000 -0.00000 -0.00012 -0.00004 0.00022 0.00082 0.00003 -0.00000 -0.00050 0.00057 -0.00002 -0.00128 0.00003 0.00008 0.72822 -0.00000 0.00000 0.00023 -0.00000 0.00082 0.00013 -0.00000 0.00000 -0.00000 0.00000 -0.00006 0.00044 -0.00000 -0.00065 -0.00027 0.06021 -0.00000 -0.00007 0.00003 -0.00000 -0.00346 0.00014 -0.00000 0.00028 0.00025 -0.00000 0.03323 0.00015 -0.00000
-0.00018 -0.00325 -0.00002 -0.00000 -0.00000 0.00000 -0.00000 -0.00000 0.00000 -0.00000 -0.00018 -0.00000 -0.00000 -0.00001 0.00000 -0.00010 0.18606 -0.00000 0.00089 -0.00000 -0.00069 -0.00004 -0.00000 -0.00000 -0.00000 0.00000 0.00033 -0.00005 -0.00000 -0.00003 -0.00000 -0.00000 0.00046 -0.00000 -0.00000 0.00000 0.00000 -0.00000 0.00001 0.00000 -0.00019 -0.00022 0.00000 0.00000 0.00008 -0.00086 0.00000 -0.00006 0.00000 -0.00000
0.00000 0.00000 -0.00000 -0.00005 -0.00001 0.00000 -0.00000 0.00001 -0.00000 0.00000 0.00000 0.00000 -0.00000 -0.00000 -0.00001 0.00017 0.00000 0.00000 -0.00000 0.00000 -0.00000 0.00000 -0.00000 -0.00000 -0.00000 0.00000 0.00000 0.00005 0.00000 0.00012 -0.00000 -0.00000 0.00000 0.00000 0.00000 0.00014 -0.14956 -0.00000 0.00026 0.00000 -0.00019 -0.03934 0.00024 0.00005 0.00000 0.44241 0.00000 0.00012 -0.00000 -0.00004
0.00000 0.00007 -0.00000 -0.00000 0.00000 -0.00000 -0.00001 -0.00000 0.00000 0.00000 0.00001 0.00000 0.00000 0.00002 0.00000 -0.00001 0.00028 0.00736 -0.00016 -0.00000 -0.00883 -0.00000 -0.00000 0.22257 -0.00016 0.00000 -0.00000 0.00000 0.00000 0.00000 0.00000 0.00002 0.00000 -0.00000 -0.00001 0.00000 -0.00000 -0.00000 -0.00000 -0.00000 0.00000 -0.26034 -0.00000 0.00000 -0.00003 -0.02294 0.00000 0.08708 0.00000 0.00000
-0.00000 -0.07956 0.00000 0.00000 0.00012 -0.00003 -0.00000 0.00000 -0.00000 0.00117 0.00000 -0.00000 0.00000 0.00000 -0.00000 -0.00000 0.30498 -0.00000 0.00361 0.00000 -0.00000 -0.00026 0.00000 0.00000 -0.00000 -0.00013 0.00000 -0.00000 -0.00009 -0.00000 0.39330 0.00000 -0.00005 0.00000 0.00000 0.00000 -0.00008 -0.00001 0.00000 0.00000 -0.00000 0.00000 0.00000 -0.00017 0.00000 -0.00015 0.00000 -0.00003 0.00000 0.00000
0.00000 0.00921 -0.00022 -0.00006 0.00763 0.00000 -0.00000 0.00000 -0.00000 -0.00000 -0.00000 -0.00000 0.00000 -0.00015 -0.36443 0.00000 0.00007 0.00000 0.00003 0.00022 -0.00025 0.00000 -0.00029 -0.00000 0.00000 0.00000 -0.04144 0.00000 -0.00000 -0.00040 0.00000 0.00000 -0.00000 0.00000 0.00000 0.00000 0.00006 0.00000 -0.00000 -0.00002 -0.00047 -0.00023 -0.00446 -0.00000 -0.00000 -0.00008 0.00000 0.00006 -0.06637 -0.00000
-0.00006 0.20468 0.00004 0.00000 -0.00008 -0.00012 -0.00000 -0.00002 0.00000 0.00000 0.00000 -0.00010 -0.00000 0.00006 0.00007 -0.00003 0.00036 0.00000 -0.00000 0.00000 0.00014 -0.00000 0.00000 -0.00000 -0.00000 -0.00000 0.00012 -0.00000 -0.00000 -0.00000 0.00000 0.00006 -0.00000 -0.00000 -0.00000 0.00000 0.00010 -0.00000 0.00000 0.00012 -0.00032 -0.00000 0.00008 -0.00000 0.00000 0.00000 -0.00000 0.00000 -0.00000 -0.00000
-0.02890 0.00000 -0.00000 1.03135 -0.00047 -0.00005 -0.00025 0.00010 0.00004 -0.00065 -0.00000 -0.00000 0.00072 0.00000 -0.00000 0.00001 0.00006 0.00000 -0.00000 0.00000 0.00000 -0.00000 0.00000 0.00000 -0.00000 -0.00000 0.00001 -0.00002 0.00000 0.00000 0.00006 0.00000 0.00013 -0.00004 -0.00000 -0.00000 -0.00000 0.00003 0.00124 0.00000 0.00000 0.00005 -0.00000 -0.00007 -0.00000 -0.05820 -0.00000 0.00000 0.00015 0.00000
0.49409 0.00000 0.00026 0.00000 0.00035 0.00000 0.00027 0.00000 -0.00000 -0.00008 -0.00000 0.00007 -0.00000 0.00000 0.00000 0.00006 -0.00000 -0.00012 -0.00000 0.00002 -0.00000 -0.00000 -0.00000 -0.00000 -0.00000 0.00000 0.11697 -0.00000 0.00002 -0.00000 0.00000 0.00000 0.00000 0.00000 0.00000 -0.00000 0.00001 0.00000 -0.00000 -0.00004 -0.00022 -0.00000 0.00000 0.00004 0.00000 0.00008 -0.00000 -0.00002 -0.00011 0.00000
-0.00000 -0.00002 0.00027 0.00031 -0.00002 0.00009 -0.00009 0.00000 -0.00000 -0.00000 -0.00012 0.00000 -0.00000 0.00000 0.00000 0.00003 0.00000 -0.00000 -0.00000 -0.00000 -0.00071 0.00003 -0.00857 0.00001 -0.00000 0.00005 0.00000 -0.00000 0.00000 -0.01472 0.00011 0.00009 -0.00002 0.00000 -0.00000 -0.00000 0.00000 -0.00000 0.00000 0.00000 -0.00054 -0.00000 -0.00000 -0.00000 0.00000 0.00005 0.00019 -0.00000 0.00000 0.00007
-0.00000 0.00000 0.00018 0.00007 -0.00010 0.00000 0.00000 -0.00000 0.00000 -0.00000 0.00000 0.00012 -0.00004 0.00000 -0.00000 -0.00000 0.00000 0.00000 0.00000 -0.00000 0.00003 0.00014 0.00002 -0.00000 -0.00000 -0.00000 0.00000 0.00000 0.00006 0.00002 -0.00000 -0.00000 -0.00000 0.00006 -0.00004 0.00000 0.00010 -0.00002 0.00000 -0.00000 0.00012 -0.00010 0.00000 0.00002 0.00000 0.00000 -0.00004 -0.00000 0.00005 0.00000
0.00041 0.00107 -0.00000 0.01116 -0.00042 0.00000 -0.00034 0.00000 0.00000 0.00009 0.00018 -0.00008 -0.00005 -0.00000 0.00001 0.00024 0.00085 -0.00001 -0.00000 -0.00000 0.00307 0.00000 -0.00000 0.00035 -0.00023 -0.00000 0.00005 0.00000 0.00000 1.03588 -0.00008 0.00000 0.00037 -0.00004 -0.00020 0.00000 0.01738 -0.00008 -0.00000 0.00006 0.00000 -0.00011 0.00000 -0.00000 0.00000 -0.00000 0.00000 0.02637 -0.00000 -0.00000
-0.00000 -0.00012 0.00006 0.00003 -0.00007 -0.00000 0.00004 -0.00000 -0.00000 0.00000 0.00000 0.00000 0.00000 0.00000 0.00000 -0.00000 -0.00024 -0.00788 -0.00000 0.00006 0.06663 -0.00000 -0.00000 -0.28305 0.00000 0.00000 0.00005 0.00015 -0.00003 -0.00000 -0.00000 -0.00000 0.00000 -0.00000 -0.00000 0.00000 0.00000 -0.00000 -0.00000 0.00000 -0.00000 -0.00000 0.00011 0.00000 0.00003 0.58077 -0.00000 0.00000 0.00000 -0.00000
-0.00000 -0.16819 0.00004 -0.00000 -0.43658 0.00000 0.00000 -0.00004 -0.00000 0.00001 0.00000 0.00000 0.00000 0.00000 0.00000 -0.00068 -0.01741 -0.00015 -0.00000 0.00000 0.00000 -0.03398 0.00001 -0.00000 -0.00006 0.00000 0.21927 0.00000 0.00000 0.00015 0.00000 0.00009 -0.00019 0.00000 -0.00003 0.00036 0.00000 0.00009 0.00000 0.00000 0.00000 -0.00000 0.00000 -0.00000 0.00000 -0.00000 0.00000 -0.00012 0.00004 -0.00004
0.00001 0.00014 0.00011 0.08509 0.00000 0.00000 0.00000 0.00000 -0.00000 0.00000 -0.00000 -0.00000 0.00000 0.00034 -0.00000 -0.00011 0.00000 -0.00004 -0.00041 0.00000 0.00000 -0.00000 -0.00002 -0.00000 0.00000 0.00001 -0.00000 0.00000 -0.00000 0.00006 0.00000 0.00002 0.00000 -0.00000 -0.00000 -0.00000 -0.00000 0.00002 -0.00000 -0.00000 0.00000 0.00000 -0.00000 -0.00000 -0.00000 0.00000 -0.00000 -0.00000 -0.00000 0.00000
-0.00000 0.00000 0.00013 0.00000 -0.00039 -0.00005 0.00000 -0.00028 0.00020 -0.00011 0.00000 0.00000 -0.00000 0.00000 -0.07812 0.00005 0.00000 -0.00000 0.00000 -0.00000 0.00014 0.00000 0.00002 0.00000 -0.00012 0.00000 0.00000 0.00000 -0.00000 0.00060 0.00019 0.00000 -0.00011 0.00000 -0.00000 0.00000 0.00009 0.00000 -0.00000 -0.00002 0.00045 0.00004 -0.00000 0.00000 -0.00000 -0.00000 -0.00008 -0.00036 0.00000 0.00000
-0.00014 -0.00068 0.00000 -0.00000 0.00017 0.00000 0.00000 -0.00001 -0.00000 0.00039 -0.00020 -0.00000 -0.00000 0.00000 0.00014 0.00000 -0.00007 -0.00241 -0.00000 0.00000 0.00160 -0.00000 0.00000 -0.02078 -0.00000 0.00000 -0.00022 0.00000 0.00000 -0.00027 -0.00050 0.00000 -0.00000 -0.00001 -0.00029 0.00000 -0.00000 0.00013 0.00000 0.00000 -0.00000 0.00000 -0.00032 0.00000 0.00027 0.00000 0.00000 -0.00000 0.00005 -0.00000
0.00005 0.00000 -0.06802 -0.00000 -0.00000 -0.00006 0.00000 -0.00000 0.00006 -0.00000 0.00000 0.00000 -0.08185 0.00021 -0.00000 -0.00000 0.00000 0.00000 -0.00074 -0.00003 0.00009 -0.00000 0.00027 -0.00000 -0.00005 -0.00000 -0.00000 -0.00007 0.00000 0.00013 0.00000 -0.00000 -0.00001 0.00000 -0.00020 -0.00000 -0.00033 -0.00000 0.00019 0.00000 0.00004 0.00000 -0.00000 -0.00000 -0.00000 0.00000 0.00000 -0.00009 -0.00000 -0.00000
-0.00000 0.00003 -0.00000 0.00002 0.00004 -0.00000 0.00000 -0.00000 -0.00000 0.00000 0.00000 -0.00000 0.00000 0.00000 0.00000 -0.00008 0.00010 0.00000 0.00001 0.00000 -0.58889 -0.00007 0.00000 0.12362 -0.00000 -0.00004 -0.00000 -0.00022 0.00000 0.00000 -0.00004 0.00001 0.00000 -0.00010 0.00000 -0.00000 0.00007 -0.00050 0.00000 0.00000 0.00000 -0.13729 -0.00012 -0.00000 -0.00004 -0.02063 -0.00000 -0.00000 0.00000 -0.00000
0.00000 -0.00002 0.00043 0.00030 -0.00030 0.00000 0.00000 -0.00074 -0.00033 -0.00000 -0.00000 0.00006 -0.00000 0.00014 0.00000 0.00000 -0.00000 -0.00000 0.00017 -0.00000 -0.00000 0.00000 0.00000 -0.00004 0.00000 -0.00017 0.00006 -0.00016 0.00005 0.00052 0.00000 0.00000 -0.00055 0.00004 -0.00000 0.00000 0.00008 -0.00003 0.00000 0.00000 0.00017 0.00023 0.00183 0.00000 -0.00000 0.00000 -0.00000 -0.00000 0.00000 -0.00012
0.00000 0.00000 0.00021 -0.27662 0.00000 -0.00000 -0.21960 -0.00000 -0.00000 0.00000 -0.00000 -0.32583 0.00000 0.00000 -0.00010 0.00008 0.00000 -0.00000 -0.00000 -0.00000 0.00018 0.00005 0.00017 0.00000 0.00022 0.00004 0.00000 -0.00044 0.00000 -0.00000 -0.00000 -0.00000 0.00001 -0.00000 0.00000 -0.00000 0.03916 -0.00000 0.00002 -0.00001 0.00006 0.00007 0.00000 0.00000 -0.00000 0.00000 0.00000 -0.00006 0.00000 -0.00000
