-0.00023 0.09854 0.10235 0.11243 0.02603 0.11641 0.01428 -0.42577 0.00656 0.02598 0.01063 -0.00112 0.04572 0.02893 0.01412 -0.00260 0.01015 -0.03056 -0.16540 0.09459 0.01910 0.01653 0.02961 0.04102 0.18289 -0.32760 -0.02167 0.32644 0.07323 0.00855 0.06180 0.10163 0.00065 0.00726 0.01641 0.00360 2.15951 -0.00108 0.00164 0.00676 0.09037 0.01961 -0.01106 0.03299 0.00536 0.04966 0.00643 0.05472 -0.00077 0.01148
0.11896 0.00023 0.15371 0.08088 0.08114 -0.29964 0.11804 -0.00983 0.03919 0.02692 0.05321 0.08855 0.02626 0.04762 0.05418 0.07087 0.03867 0.04332 -0.08631 0.05970 0.09566 -0.01728 0.07211 -0.01927 0.03343 0.05763 0.31495 -0.01330 0.00596 -0.04012 -0.00885 -0.02698 -0.01508 0.05418 0.05492 0.04888 -0.00278 0.08883 0.02594 0.28998 0.01465 0.03445 0.08883 0.06315 0.06637 0.28249 0.24248 0.47467 -0.00994 0.02978
-0.01389 0.25390 0.00330 0.01323 0.00474 -0.12291 -0.00995 -0.00300 0.00714 0.00898 -0.00060 -0.01263 0.79623 0.00609 -0.00890 0.01820 0.00074 0.00313 -0.08688 0.01331 0.01832 -0.00200 0.01499 0.00135 0.01294 0.02352 -0.02708 -0.00195 0.00492 0.04688 -0.01796 -0.00967 0.01134 -0.00834 0.00067 0.00534 -0.00325 0.01367 -0.00383 0.04230 0.01397 -0.00596 0.02091 0.00128 -0.01051 0.05470 -0.00116 0.05240 -0.00398 0.01859
0.04699 0.16532 0.57963 0.00306 0.03154 0.00183 0.12583 0.06807 0.02971 0.02348 0.01477 0.08504 -0.04024 0.00385 0.03736 0.05740 0.04306 0.03652 -0.09654 0.31773 0.18278 0.09580 0.52712 0.01181 -0.06753 -0.03197 0.24176 -0.02753 0.45723 0.16530 0.04751 0.25091 -0.01282 0.07783 0.10880 0.08941 0.41223 0.44323 0.02483 0.13723 0.49927 0.03383 0.14358 0.04924 0.03594 0.19125 0.19241 0.23818 0.23594 0.03533
0.43597 0.15407 0.15349 0.21621 0.00468 1.31643 0.03025 0.90805 0.03044 0.00909 0.37506 0.02560 0.17880 0.39745 0.45764 0.02525 0.27152 0.33583 0.34530 0.18046 0.05428 0.06687 0.17978 0.39661 0.19716 0.31105 0.43671 0.10243 0.13207 0.21483 0.27588 0.11649 0.12728 0.01891 0.02491 0.24162 0.65403 0.18524 0.34873 0.13120 0.26858 0.72606 -0.10765 0.47572 0.80690 0.06278 0.05978 0.06451 0.19391 0.01607
0.08817 -0.02393 -0.09610 0.06697 0.01583 0.01132 0.00678 -0.43352 0.00850 -0.00932 -0.03542 0.00584 -0.00720 -0.05933 -0.00262 -0.00017 0.01779 0.01523 -0.00141 0.03138 0.01697 -0.01105 0.03749 0.00342 0.14657 0.08813 0.36592 -0.01075 0.01517 -0.10318 -0.03247 -0.05217 0.01894 0.00030 0.00790 0.01071 0.11667 0.03321 0.01697 0.03074 0.04317 0.03251 0.04338 0.02198 0.02404 0.00140 -0.02750 -0.00267 0.05602 -0.00693
0.06105 0.04076 0.07472 0.08524 0.16937 0.08096 -0.00238 0.24086 0.15318 0.27419 0.09524 0.39549 0.00591 0.04806 0.15390 0.19900 0.08709 0.14172 0.07655 0.06723 0.58014 0.13252 0.07187 0.11567 0.05500 0.11323 0.07648 0.08022 0.04417 0.04917 0.07489 0.01734 0.12941 0.29216 0.36551 0.09810 0.94124 0.03147 0.07620 0.05119 0.07697 0.13219 0.07026 0.12922 0.12014 0.00479 0.15874 0.00813 0.05109 0.18307
-0.00280 0.01338 0.10861 0.01889 -0.00066 -0.00473 0.00186 -0.00347 0.00134 -0.00410 -0.00872 0.00764 -0.02340 0.57357 0.08266 0.00013 -0.00325 0.00221 -0.05188 0.02022 -0.00041 0.00750 0.00713 -0.00027 -0.00531 -0.26231 -0.00211 0.00072 0.00848 -0.00575 0.16927 0.01842 0.00504 0.00020 -0.00450 -0.00325 0.00850 -0.00671 -0.00277 -0.01538 0.01530 -0.00178 0.00742 0.00045 0.00412 -0.00026 -0.00120 0.00240 0.00433 0.00782
0.61347 0.15084 0.26695 0.20876 0.64213 1.97598 0.03072 2.12143 0.00235 0.00077 0.53129 0.03182 0.04056 0.38185 0.42476 0.01566 0.28884 0.29529 0.79940 0.21104 0.04564 0.51560 0.29015 0.64128 0.22963 0.16084 -0.01258 0.44173 0.17799 0.72261 0.35360 0.29278 0.56345 0.01657 0.01484 0.31154 5.29238 0.14723 0.34623 0.14078 0.26147 0.71476 0.11360 0.45860 0.74532 0.06945 0.01301 0.07888 0.30827 0.01434
0.05111 0.03337 -0.02343 -0.03394 0.14887 0.11607 0.03296 0.18936 0.27699 0.00233 0.13865 0.00553 0.01072 0.04310 0.03481 0.01221 0.15765 0.06814 0.06691 0.05451 0.02845 0.13097 0.11044 0.08850 0.09670 0.49795 0.09320 0.18361 0.08399 0.19647 0.56226 0.06712 0.02733 0.00636 0.00904 0.16542 0.37817 0.03510 0.12323 0.09730 0.04835 0.15267 0.08647 0.18630 0.26423 0.02090 0.25337 0.02059 0.10141 0.76346
0.68080 0.07694 0.30339 0.00702 0.02513 -0.14240 0.03091 0.81610 0.02175 0.04528 -0.00212 0.05180 0.01208 -0.09148 0.03690 0.02532 0.02318 0.03755 0.12858 0.04004 0.04840 -0.02478 0.04612 0.00675 0.01028 0.00556 -0.00600 0.15476 0.06018 0.73930 0.06177 0.11915 -0.30520 0.00875 0.02644 0.01895 1.36318 0.01802 0.01408 0.08772 0.06598 0.00977 -0.00309 0.02647 0.02744 0.07487 0.03629 0.09510 0.12609 0.01883
0.20346 0.10161 0.00894 0.12911 0.32456 0.05455 0.03410 0.22579 0.29549 0.34110 -0.03163 0.00271 -0.04066 0.02690 0.23339 0.46939 0.18231 0.02030 0.06265 0.13856 0.02853 0.16432 0.18150 0.19030 0.15119 0.36018 0.01179 0.11187 0.07852 0.25273 0.28534 0.09620 0.25687 0.69393 0.72090 0.17763 0.03582 0.06147 0.15462 0.11376 0.06207 0.17376 0.08390 0.15091 0.18892 0.03866 0.19010 0.04414 0.07521 0.34940
-0.03887 0.35764 0.00313 -0.00720 0.02868 -0.12637 -0.03373 -0.13169 0.04286 -0.01200 -0.02362 0.00057 0.01110 -0.03838 0.00274 0.02103 0.01127 0.00451 0.10213 0.01830 0.00193 -0.00377 0.01208 -0.01279 0.02042 0.04100 0.00548 -0.01076 0.00215 -0.04955 -0.00197 -0.06783 0.01943 -0.01055 -0.00830 0.01194 0.24747 0.01247 0.00938 0.03312 0.00902 0.02850 0.02117 0.01244 0.01834 0.05761 0.01639 0.05383 0.00660 0.01196
-0.01127 0.09685 0.08954 0.10399 -0.00628 -0.04612 0.02973 0.02166 -0.01082 0.00385 -0.00284 0.01499 -0.02392 -0.00464 0.41380 0.01318 -0.00065 -0.00784 -0.07460 0.10257 0.02071 0.01483 0.14236 0.00614 -0.00511 -0.42047 -0.02087 -0.00272 0.04852 0.00686 0.81815 0.04070 0.02072 -0.00075 0.00485 -0.00383 -0.01659 0.01544 0.00321 0.04147 0.05169 0.00279 0.00952 0.00091 0.00435 0.02924 0.01800 0.03791 0.08395 0.00888
-0.04083 0.13037 0.15598 0.36412 -0.01647 -0.07876 0.01080 0.10865 0.00640 0.00776 -0.00287 0.02840 -0.11546 0.02257 -0.00313 0.01408 0.01575 0.01069 -0.01456 0.14193 0.05933 0.07438 0.18987 0.00233 -0.00308 -0.04991 0.04583 -0.00809 0.12056 0.17184 0.02493 0.10298 0.06614 0.01214 0.02554 0.04753 0.07333 0.11591 0.00386 0.06665 0.21681 0.02407 0.06038 0.01364 -0.01379 0.05085 0.10594 0.05797 0.13460 0.01504
0.28076 0.11018 -0.06488 0.11662 0.38536 0.01961 0.00731 0.34310 0.37614 1.05918 0.17458 0.00783 0.12310 0.13103 0.19615 0.00028 0.28313 0.27910 0.22767 0.13521 0.02012 0.27167 0.20001 0.27523 0.21153 0.49680 0.21592 0.13219 0.05935 0.20727 0.15790 0.10593 0.46650 0.01194 0.01601 0.25000 1.40740 0.06993 0.20641 0.17395 0.12090 0.24158 0.17792 0.25786 0.23888 0.04460 0.33657 0.05499 0.12468 0.52155
1.57222 0.45678 1.35257 0.34870 0.04306 0.05815 0.01292 2.26372 0.03596 0.05637 0.64899 0.02841 0.02806 0.39487 0.01798 0.02740 0.00076 0.05824 1.22281 0.30484 0.06396 1.06390 0.41996 0.15813 0.96890 0.68407 1.13972 0.53844 0.23975 1.26627 0.30730 0.36907 0.48845 0.05153 0.06287 0.47877 10.36648 0.25842 0.40901 0.19215 0.25711 0.09258 0.52747 0.05884 0.02306 0.11765 0.26172 0.11229 0.35505 0.04619
0.07334 0.07964 -0.06393 0.19654 0.02238 -0.04410 0.04559 0.07128 0.01264 0.02691 0.09250 0.03581 -0.00737 0.02346 -0.40703 0.02876 0.12432 -0.00079 0.13765 0.13041 0.03867 -0.02678 0.17543 0.08147 0.05116 0.01237 0.07624 0.09917 0.16301 0.20686 0.14513 0.08403 0.11605 0.00481 0.01400 0.12141 0.22324 0.06502 0.19380 0.07056 0.05893 0.00432 0.13851 0.25834 0.31281 0.04348 0.03047 0.06682 0.07028 0.02234
0.13882 0.06292 -0.00119 0.00031 0.04000 0.26014 0.03907 0.18314 0.01340 0.01647 0.11169 0.02715 -0.02099 0.00295 0.01277 0.02788 0.01403 -0.00699 -0.00098 0.05280 0.04142 -0.02644 0.06356 -0.01377 0.02718 0.07712 -0.10003 -0.00229 0.02347 0.09314 -0.00339 0.07460 -0.00107 0.00993 0.01660 0.00493 0.01640 -0.06186 0.00280 0.03913 -0.06311 0.01370 -0.06112 0.01086 0.00374 0.08506 -0.02575 0.09266 0.02804 0.01459
0.17970 0.28244 0.03528 0.08761 0.06766 0.31500 0.23593 -0.05572 0.04701 0.05256 -0.00156 0.13083 0.01134 0.09009 0.07993 0.08305 0.03409 0.05887 0.21306 0.00302 0.19768 0.07209 0.03955 0.02933 0.09926 0.00381 -0.06624 -0.02519 0.33328 -0.23665 0.05550 0.28020 0.05783 0.07224 0.08323 0.00908 -0.01186 0.10545 0.01769 0.25049 0.27959 0.05437 0.34893 0.12205 0.05831 0.25233 0.25781 0.37485 0.36176 0.07976
0.04896 0.05675 0.04477 0.08708 0.20109 0.28967 0.02248 0.04055 0.21180 0.43141 0.09176 0.66317 0.02450 0.22661 0.08498 0.40160 0.11101 0.23562 0.10272 0.07331 0.00548 0.29950 0.09701 0.08953 0.10292 0.40320 0.00939 0.10251 0.04375 0.06974 0.09332 0.04610 0.27445 0.42974 0.41809 0.10902 -0.01622 0.05785 0.09994 0.11364 0.07435 0.16452 0.07542 0.15365 0.12278 0.02231 0.27059 0.03177 0.08590 0.25661
-0.11730 -0.00137 -0.49468 0.07449 0.01361 0.11096 0.05737 -0.11075 0.01836 0.02714 0.06307 0.02455 0.01141 0.08319 0.07236 0.03853 0.01374 0.06543 -0.15947 0.12239 0.02755 -0.00216 0.09885 -0.31719 0.19273 0.19245 -0.09743 0.10587 0.08769 0.10157 0.00594 0.08986 0.11178 0.00691 0.02678 -0.06773 -1.20972 0.00712 0.38202 0.08718 0.06287 0.02772 0.02183 0.08663 -0.00355 0.03465 0.06626 0.03772 -0.01458 0.01936
0.10410 0.22121 0.18285 0.04424 0.06127 0.32971 0.15238 0.08281 0.02605 0.02833 0.00424 0.08911 -0.00233 0.07319 0.06213 0.04657 0.01978 0.03359 0.31868 0.50470 0.13792 0.06474 0.00364 0.00147 0.00700 0.12501 -0.02899 -0.02016 0.32379 0.01896 0.05160 0.29881 0.04389 0.05977 0.06100 0.02596 0.02868 0.10700 0.00061 0.24174 0.22239 0.05211 0.28397 0.08396 0.05154 0.18958 0.15238 0.27668 0.27788 0.05547
0.44062 0.23303 0.04144 0.22059 0.02682 0.17989 0.06579 0.64939 0.00179 0.04171 0.45142 0.06500 0.10270 0.21700 0.21614 0.01197 0.00963 0.02824 0.30554 0.23114 0.08320 -0.00625 0.25498 0.00476 0.66575 0.30333 0.32594 0.43758 0.20333 0.49977 0.27664 0.21167 0.35617 0.03637 0.03867 0.04585 3.19570 0.05476 -0.01228 0.03985 0.08497 0.03264 0.18255 0.09856 0.02734 0.06475 0.09076 0.10580 0.11697 0.02573
0.08405 0.14072 0.91609 0.01795 0.01965 0.05471 0.04343 1.80225 0.00729 0.03891 0.24830 0.02764 0.00798 0.21957 -0.02506 0.01925 0.01042 0.03214 0.16330 0.03309 0.03883 0.00392 0.14541 -0.00228 -0.00076 1.84913 1.67581 -0.00790 0.11975 1.68205 0.01008 -0.07259 -0.02209 0.03055 0.03212 0.00464 0.01512 0.18878 0.00519 0.15555 0.12880 0.00512 0.22074 0.03252 0.00018 0.17181 0.00106 0.09367 0.52011 0.01938
0.02311 0.10235 0.49649 -0.06407 0.02468 0.08541 0.01961 -0.01667 0.00175 0.01429 0.06002 0.01393 0.10851 -0.01739 -0.45311 0.00368 0.00107 0.00812 0.29450 0.03751 0.02724 -0.01031 0.03539 0.01076 0.00483 0.00217 -0.03471 -0.00446 0.02147 0.05697 -0.00604 0.03408 -0.03378 0.00086 0.01233 0.00311 0.09300 -0.02098 0.00291 0.00067 -0.02334 0.01736 0.00840 -0.00744 0.01196 0.01300 0.00209 0.02601 0.04749 0.01539
-0.00738 -0.00316 -0.08527 -0.00597 0.00180 0.09640 0.01183 -0.36454 0.00618 0.02301 0.22954 0.00272 0.08226 0.05491 0.04926 0.01048 0.01052 0.04264 0.07519 -0.00405 0.01488 0.00402 -0.01487 -0.00007 0.02438 -0.04322 0.00691 -0.06678 0.03938 0.02764 0.04268 -0.07699 0.00746 0.00638 0.00304 0.00115 2.71614 0.04280 0.01145 0.06504 0.03567 -0.00240 0.29059 0.01034 -0.00769 0.02221 0.01715 0.01632 -0.00350 0.00321
0.02691 0.33350 0.93087 0.13898 0.04061 0.43093 0.04808 1.83637 0.02245 0.06550 0.04701 0.05037 0.17949 0.18621 0.01503 0.03320 0.02038 0.03908 0.11191 0.21941 0.06209 0.01869 0.34802 0.03552 -0.04285 2.09248 0.03588 -0.00585 0.20092 0.38372 0.05367 0.56813 0.05919 0.05491 0.05297 0.04240 18.51520 -0.02577 0.01218 0.05108 0.02687 0.08313 0.50828 0.01057 0.03624 0.02178 0.08373 0.12308 -0.08502 0.02863
0.00431 -0.27406 -0.00404 0.01937 0.03665 -0.02485 0.09378 0.42037 0.04500 0.06259 0.03302 0.06339 0.80634 0.05519 0.03853 0.03574 0.02194 0.05905 0.32623 0.03274 0.11032 0.07557 0.01928 0.03173 -0.03419 -0.12560 0.00356 0.00210 -0.00063 -0.30399 0.06792 0.03708 0.08864 0.03365 0.06853 0.06612 1.22267 0.18749 0.02338 0.22306 -0.01154 0.07453 0.32585 0.05961 0.02782 0.20178 0.05007 0.29325 0.30509 0.05201
-0.00356 0.06229 0.01410 -0.00464 0.03604 -0.01379 0.08674 0.23280 0.01292 0.04388 0.02640 0.05091 0.02048 0.01532 0.01299 0.03404 0.01139 0.03262 0.05121 0.01613 0.04584 0.00846 0.00167 -0.01003 0.00336 -0.06405 -0.09174 0.04300 0.02608 -0.00213 0.04727 0.02012 -0.01979 0.02873 0.04281 0.03582 2.13872 0.00681 -0.00075 -0.01197 0.03936 0.00779 0.06253 0.00804 0.03637 -0.00939 0.05619 0.00454 -0.06663 -0.00035
-0.02614 0.14072 0.22447 0.20668 0.00554 -0.10205 0.05065 0.03259 0.00542 0.02075 0.00038 0.03448 0.00358 0.01077 0.68449 0.01320 -0.00033 0.00501 0.12139 0.16673 0.05110 0.03263 0.16368 0.00212 -0.00241 -0.78942 -0.00030 -0.01115 0.09570 0.00287 -0.00160 0.09214 0.05437 0.00801 0.02050 0.00451 0.00101 0.04034 -0.00720 0.08053 0.07626 0.03434 0.08494 0.01086 0.02175 0.03477 0.06741 0.06256 0.15366 0.04284
0.05310 0.06024 -0.02218 0.08048 0.10275 0.00116 0.35442 0.03268 0.06902 0.11268 0.07745 0.18032 0.02860 0.09544 0.11177 0.09818 0.03535 0.07246 0.03894 0.06405 0.23452 0.03520 0.04464 0.04468 -0.16482 0.15329 -0.33851 0.05604 0.09675 1.58719 0.09159 0.00100 0.15004 0.12011 0.17611 0.08989 0.30758 -0.06942 0.02698 0.07880 0.06999 0.12923 0.33652 0.07078 0.09660 0.00685 0.05838 0.02690 -0.00525 0.07045
-1.51680 0.19590 1.18507 0.27228 0.01980 0.52607 0.05524 1.11881 0.01856 0.01748 0.01696 0.03282 0.23295 0.36447 0.24458 0.02670 0.03197 0.07791 0.45000 0.16282 0.04628 0.01883 0.26422 -0.01321 -0.12605 0.56068 0.29312 0.01907 0.07748 0.10287 0.04762 0.05908 0.00091 -0.00000 0.01390 0.03107 5.45559 0.19665 -0.00972 0.08859 0.10562 0.02689 0.24694 0.00317 0.02153 0.04226 0.15683 0.06372 0.22386 0.02058
0.08504 0.08952 0.08791 0.10816 0.33408 0.29855 0.02466 0.18178 0.33619 0.99199 0.42453 0.01355 0.35241 0.42600 0.10773 0.66333 0.22752 0.55128 0.28559 0.10873 0.02823 0.42077 0.16785 0.16969 0.13031 0.38575 0.23993 0.12143 0.06048 0.20825 0.10200 0.06037 0.47347 0.00013 0.00936 0.16690 1.43196 0.05420 0.14215 0.19062 0.12190 0.24934 0.20949 0.23770 0.16443 0.04486 0.25108 0.04807 0.17096 0.39171
0.09261 0.09911 0.16884 0.09187 0.27641 0.14762 0.03330 0.16990 0.32223 0.64985 0.19798 0.02333 0.08789 0.21283 0.16252 0.54962 0.19456 0.33128 0.18442 0.10685 0.03813 0.27667 0.11889 0.14942 0.12041 0.19039 0.17381 0.15715 0.05645 0.05384 0.08316 0.06409 0.35724 0.57540 0.00130 0.19220 0.75594 0.07654 0.13560 0.13858 0.09268 0.19945 0.12694 0.18669 0.16881 0.04166 0.27781 0.05060 0.14709 0.35444
0.38087 0.29619 0.58364 0.25660 0.04923 0.39134 0.03525 0.87831 0.04365 0.06431 1.03541 0.05970 0.65943 0.53263 0.11068 0.03222 0.04631 0.09633 0.93228 0.27064 0.05889 0.04188 0.22650 0.60333 0.75215 -0.25528 1.20711 0.36936 0.11313 1.00386 0.02274 0.21366 0.46921 0.01069 0.04276 0.00499 8.60286 0.35230 -0.00113 0.22163 0.28374 0.07535 0.30946 0.10630 0.02559 0.04210 0.20431 0.06127 0.35576 0.04277
-0.00032 -0.00244 0.01912 0.00541 0.00278 -0.02026 -0.00371 0.54492 0.00021 -0.00378 -0.00681 0.00193 -0.03472 0.16289 0.01651 -0.00086 -0.00045 -0.00164 0.01604 0.00802 0.00311 0.00324 0.00833 -0.00155 0.00069 -0.00176 0.00540 -0.00132 0.00062 -0.01015 0.10576 -0.00099 0.00270 -0.00086 -0.00170 -0.00016 -0.00208 0.00309 0.00065 0.00395 0.00354 0.00037 0.00376 0.00456 -0.00366 -0.00404 0.00403 -0.00452 0.00766 0.00199
0.18060 0.14730 -0.15868 0.03232 -0.00823 -0.00602 0.34792 0.50011 0.07717 0.10910 0.13070 0.16290 -0.07381 0.07141 0.03823 0.10124 0.06480 0.04192 0.02109 0.19975 0.26058 0.09980 0.13649 0.24472 0.08723 0.00647 0.37599 0.38004 0.06380 -1.25807 0.15264 -0.05118 0.11570 0.14726 0.18404 -0.05894 1.36396 -0.00177 0.08490 0.15033 -0.01343 0.07271 0.20028 0.15053 0.04446 0.37660 0.13896 0.21893 0.30871 0.08840
0.88995 0.37138 -0.00637 0.41886 0.05005 -0.38896 0.10196 0.34782 0.02194 0.07239 0.34492 0.10655 0.05104 0.16120 0.73817 0.04606 0.05601 0.01380 0.44092 0.44450 0.13369 0.00199 0.48736 1.49185 0.84599 0.69639 0.90002 0.64542 0.30364 1.08727 0.51565 0.33338 1.03745 0.06915 0.09118 0.90847 2.79130 0.10110 0.00203 0.11471 0.08233 0.01843 0.08057 -0.21057 0.03129 0.12443 0.15514 0.14081 0.19890 0.05077
-0.16904 0.01414 0.02782 0.12003 0.16489 0.13491 0.20066 -0.34268 0.14391 0.08389 0.41972 0.16118 0.06042 0.25812 0.17012 0.18064 0.10814 0.09138 0.09455 0.07421 0.15316 0.05696 0.04570 0.02328 0.01021 0.05091 0.01996 0.03967 0.04974 -0.07777 0.10551 0.07352 0.22786 0.08087 0.09903 0.12220 -0.14234 0.13474 0.11654 0.01170 -0.01094 -0.02210 0.01966 0.01631 0.08653 0.23845 0.10945 0.32670 -0.05893 0.12764
0.10109 -0.30553 -0.02953 0.01429 0.06974 0.07541 0.12800 0.05691 0.06801 0.03134 -0.03380 0.09536 0.96187 0.03687 0.02191 0.06004 0.04873 0.01102 -0.01016 0.08108 0.14556 0.03217 0.09544 0.05838 -0.00989 0.35266 0.00086 0.12885 1.19170 -0.40728 0.09426 0.09495 0.12544 0.08009 0.11182 0.06081 0.69199 0.27005 0.05236 -0.03096 0.00389 0.07589 -0.08424 -0.00122 0.03374 0.12373 0.04194 0.11911 -0.12119 0.05767
0.23562 0.26545 0.22672 0.51643 0.03364 -0.01840 0.07454 0.25144 0.01459 0.03544 0.16121 0.05679 0.02131 0.16025 -0.41671 0.03379 0.22942 1.76711 0.00122 0.29182 0.08005 0.28648 0.29400 0.35680 0.36863 0.35949 0.33680 0.15828 0.21566 0.33082 0.22082 0.14739 0.53228 0.04522 0.05064 0.26325 2.46162 0.15157 0.30496 0.09683 -0.00125 0.00274 0.22195 0.31627 0.57397 0.09511 0.10302 0.11610 0.27151 0.02789
-0.12917 0.01620 -0.01505 0.01129 0.07662 1.50411 0.12079 0.94261 0.04858 0.02168 -0.49888 0.06832 0.01215 -0.01856 0.03784 0.04274 0.03365 0.02230 0.00429 0.02036 0.08539 0.04011 0.00495 0.00801 0.19979 -0.67706 0.37108 -0.02660 0.03064 0.02706 0.05400 -0.08861 0.09999 0.04860 0.07075 0.05374 -0.28822 0.15123 0.03786 -0.03192 0.00112 -0.01248 -0.00551 0.01477 0.00052 0.01443 0.01955 -0.00528 -0.02250 0.04981
0.14138 0.11585 -0.22691 0.10898 0.04236 -0.02211 0.06934 -0.27129 0.03297 0.02909 0.14777 0.08199 0.09709 0.09493 0.28416 0.06264 0.52257 0.00342 -0.01254 0.16233 0.09337 0.34825 0.10918 -0.28247 0.27909 0.03145 0.08088 0.30996 0.09759 0.06730 0.17483 0.12288 0.38283 0.06154 0.07175 0.17530 0.02605 0.03751 -0.00307 0.06329 0.01412 0.02412 -0.06955 -0.00347 0.06105 0.08265 0.05636 0.07039 0.09447 0.04122
0.52486 0.24356 0.37852 0.29034 0.00469 -0.45036 0.05340 0.72672 0.00998 0.05120 0.11511 0.04367 0.11189 0.12033 0.42658 0.04029 0.44375 0.03915 0.49460 0.22376 0.06478 0.94180 0.21137 0.58407 0.44185 0.41252 1.52722 0.22045 0.15149 0.33119 0.31850 0.15473 0.35851 0.01541 0.04315 0.41172 2.39548 0.14639 0.47200 0.07750 0.13245 0.03181 -0.13841 0.42102 0.00517 0.05127 0.16277 0.03009 0.16123 0.01263
0.08680 0.03820 0.22909 0.06667 0.21629 0.41553 0.91224 0.30467 0.15526 0.19408 -0.02702 0.46032 -0.10463 0.12012 0.09293 0.30939 0.07424 0.08418 0.04748 0.10605 0.64752 0.23323 0.10168 0.12367 0.10605 0.36352 0.11160 0.16544 0.03209 0.78006 0.19260 0.82536 0.16089 0.34630 0.39415 0.07009 0.02459 0.03631 0.09715 0.06099 -0.00051 0.11363 -0.37333 0.09108 0.01465 0.00697 0.08673 0.04469 -0.01417 0.21258
0.28091 0.11241 0.23994 0.12937 0.27705 0.01675 0.05720 0.56407 -0.11853 0.08710 0.29047 0.02302 0.09334 0.14501 0.14967 0.05204 0.10474 0.19446 0.44061 0.07312 0.10122 0.14945 0.11815 0.24723 0.20974 0.07222 0.28140 0.16915 0.06633 0.11138 0.12099 0.06818 0.19005 0.05397 0.02552 0.00655 2.50325 0.42499 0.10871 0.15135 0.32338 0.15532 0.18200 0.06290 0.09419 0.10974 0.00253 0.05900 -0.14858 0.11878
0.10798 0.01794 0.19355 0.08189 0.16724 0.21095 0.60929 0.25413 0.12047 0.21588 0.01794 0.32018 -0.02220 0.09579 0.12220 0.22438 0.06893 0.07117 0.08705 0.04697 0.43222 0.09608 0.05056 0.04180 0.01486 0.20072 0.02093 0.08206 0.02493 0.25216 0.11368 0.49158 0.12624 0.24297 0.26822 0.10703 0.40797 0.15659 0.06556 0.10137 -0.00989 0.09620 0.13520 0.16815 0.09970 0.73147 0.08303 0.00042 -0.09648 0.15157
-0.01188 0.66967 2.46834 0.00581 0.06126 0.07833 0.11034 0.07889 0.04639 0.02101 -0.02798 0.09043 0.78196 -0.00036 0.02996 0.06287 0.03421 -0.00343 0.36334 0.03368 0.11003 0.00772 0.03442 0.00733 0.03919 0.18978 -0.29358 0.00844 0.02160 0.00598 0.05595 0.16241 0.07224 0.05876 0.07701 0.02789 -0.03320 0.01076 0.03410 -0.00534 -0.02930 0.04019 -0.27127 0.09572 0.03534 0.18652 -0.00470 0.10544 0.00424 0.05515
0.14220 0.13346 0.13667 0.15403 0.69104 0.27853 0.06588 0.22554 0.93791 -0.00650 0.29355 0.03006 0.05846 0.19883 0.52928 0.02890 0.31141 0.39591 0.23693 0.16785 0.03895 0.39558 0.27876 0.29479 0.09186 0.07454 -0.07128 0.39631 0.17589 0.42087 0.06433 0.20078 0.49161 0.00716 0.01489 0.31092 0.08520 0.04747 0.19233 0.10433 0.22894 0.16981 0.14587 0.18919 -0.01064 0.05648 -0.10029 0.06404 0.00125 0.00812
