-0.00000 -0.00080 0.00052 0.45904 0.00005 0.00014 -0.00000 -0.00000 -0.00003 0.00009 0.00008 0.00000 0.38689 0.00004 0.00021 -0.00110 -0.00000 -0.00009 -0.00000 0.00049 -0.00009 0.00000 -0.00060 -0.00050 0.00059 0.00044 -0.00032 0.00028 0.00000 -0.00019
-0.00059 0.00000 -0.00115 -0.00001 -0.00005 0.00099 0.00007 0.00014 0.00024 0.00131 -0.00000 0.00090 -0.00013 -0.00084 -0.00075 -0.00000 0.00017 0.00011 -0.00082 0.00065 -0.00001 0.00102 -0.00000 -0.00265 0.00060 0.00089 -0.00080 0.00048 0.00070 -0.00065
-0.00009 -0.00018 -0.00000 0.00036 0.64474 -0.00012 -0.00000 -0.00005 0.00006 -0.00006 -0.00000 0.00001 -0.00000 -0.00019 0.00001 -0.00000 0.00025 0.00069 -0.00014 -0.00064 -0.00012 0.00000 -0.00009 -0.00001 0.00014 -0.00005 -0.00030 0.00076 -0.00084 -0.00000
-0.00000 -0.00016 0.00081 0.00000 0.00005 0.00116 -0.00000 -0.00020 0.00009 0.00003 0.00083 0.00015 0.00001 -0.00039 -0.00015 0.00000 -0.00079 0.00011 -0.00000 0.00038 -0.00063 -0.00005 -0.00013 0.00021 0.00346 0.00023 0.00480 -0.00539 -0.00015 -0.00001
0.00075 0.01387 -0.00000 0.00000 0.00000 0.00023 0.00025 -0.00039 0.00009 -0.00022 -0.00090 0.00110 0.00035 -0.00004 0.00023 0.00269 0.00002 0.00156 0.00015 0.00059 -0.00000 0.00040 -0.00099 0.00057 0.00047 -0.00000 -0.00019 0.00037 0.00013 0.00038
0.00047 0.00101 0.00011 0.00085 0.00024 -0.00000 0.00036 -0.00011 -0.00000 -0.00122 -0.00000 0.00019 0.00036 0.00016 0.00013 0.00027 0.00011 0.00008 0.00043 0.41410 -0.00001 0.00002 0.00092 0.00139 0.00019 0.00022 -0.00000 -0.00000 0.06138 -0.00036
-0.16880 0.01675 0.00013 0.60242 0.00030 0.00002 -0.00000 -0.00043 -0.00005 -0.00017 0.00077 -0.00045 -0.00013 -0.00066 0.00011 0.40390 -0.00005 0.00035 -0.12266 -0.00016 -0.00000 0.00008 -0.00001 0.00028 0.00010 -0.00000 -0.00039 -0.00002 -0.00033 0.00013
0.00003 -0.00024 -0.00032 0.00008 -0.00041 -0.00007 -0.00121 0.00000 -0.00008 0.00054 0.00003 -0.00000 -0.00000 0.00000 -0.00037 -0.00011 0.00008 -0.00046 -0.00000 0.00007 -0.00003 0.00009 -0.00009 -0.00022 -0.00061 -0.00001 -0.00007 0.00035 0.00011 -0.00006
0.00036 0.00060 0.00030 0.00065 0.00008 0.00017 0.00009 -0.00005 0.00000 -0.00014 -0.00077 -0.00064 -0.00033 0.00018 -0.00000 0.00015 -0.00024 -0.00008 -0.00008 -0.00001 0.00000 -0.00003 0.00033 0.00019 -0.00021 -0.00023 0.00038 -0.00007 0.00000 -0.00041
-0.00525 0.00149 -0.00000 -0.00056 0.00003 -0.00173 -0.00043 0.00044 -0.00008 0.00000 -0.00045 -0.00031 -0.00022 -0.00041 0.00058 -0.00043 -0.00020 -0.00009 -0.00000 -0.00394 0.00020 -0.00199 0.00236 0.00000 -0.00055 0.00022 -0.00030 0.00374 0.11930 0.00097
0.00086 -0.00013 0.00009 0.00061 -0.00000 -0.00018 0.00126 -0.00003 -0.00057 -0.00065 -0.00000 0.00032 -0.00003 0.00035 0.00014 0.00017 -0.00000 0.00009 0.00017 -0.00030 0.00003 -0.00013 -0.00004 0.00026 -0.00014 0.00056 0.00067 -0.00028 -0.00018 -0.00029
-0.00008 0.00107 0.00070 0.00000 0.00078 -0.00015 -0.00074 0.00004 -0.00078 -0.00000 0.00006 -0.00000 -0.00030 0.00020 -0.00000 -0.00074 -0.00022 -0.00070 -0.00010 -0.00012 0.00162 -0.00059 0.00064 0.00005 -0.00060 0.38796 -0.00001 -0.00005 -0.00025 -0.00054
-0.00000 -0.00025 0.00018 0.14890 0.00047 0.00040 0.00000 -0.00017 -0.00003 0.00000 -0.00003 -0.00009 0.00000 -0.00000 -0.00012 -0.00011 -0.00046 0.00015 -0.00012 0.00078 0.00047 0.00337 0.00008 0.00013 -0.00006 0.00054 -0.00065 -0.00006 0.00024 -0.00000
0.00010 -0.00001 0.00027 0.00017 0.00019 0.00023 -0.00022 0.00013 0.00035 -0.00008 0.00040 0.00018 -0.00013 -0.00000 0.00034 0.00091 0.00000 0.00022 -0.00015 0.00041 -0.00026 -0.00006 -0.00058 -0.00072 -0.00013 -0.00000 0.39681 -0.00041 -0.00016 0.00096
0.00001 -0.00118 0.00013 0.00016 0.00012 -0.00002 0.00021 -0.00014 -0.00045 0.00060 0.00036 -0.00015 0.00000 0.00036 -0.00000 0.00051 -0.00011 -0.00000 -0.00010 0.00038 -0.00018 -0.00117 -0.00076 -0.00051 -0.00029 -0.00020 0.00007 -0.00039 -0.00011 -0.00000
-0.00030 -0.48794 0.00066 0.26467 0.00009 0.00017 -0.00000 -0.00001 0.00034 0.00000 0.00004 -0.00042 -0.00000 0.00073 0.00014 0.00000 -0.00025 -0.00043 -0.00127 -0.00194 0.01444 -0.00037 0.00000 0.00023 -0.00034 -0.00015 0.00109 -0.00056 -0.00123 0.00061
-0.00026 0.00026 -0.00018 0.00014 0.00014 0.00035 0.00001 0.00010 -0.00006 -0.00050 0.00001 -0.00016 -0.00073 0.00106 -0.00013 -0.00000 -0.00000 -0.00005 -0.00003 0.00244 -0.00026 0.00045 0.00015 0.00023 0.00034 -0.00003 0.00031 -0.00000 0.00028 -0.00030
0.00011 -0.00029 0.00150 0.00017 0.00085 0.00000 0.00050 -0.00061 -0.00029 -0.00026 0.00005 -0.00060 0.00014 0.00044 0.00003 -0.00043 -0.00052 -0.00000 0.00007 0.00047 0.00034 -0.00020 -0.00028 0.00025 -0.00039 -0.00020 0.00004 0.00003 -0.00010 -0.00007
-0.07896 -0.00145 -0.00015 0.41203 0.00056 0.00005 0.00000 0.00009 -0.00017 -0.00011 -0.00015 0.00000 -0.00040 -0.00008 -0.00056 0.00053 0.00000 0.00019 -0.00000 0.00020 -0.00013 0.00004 -0.00087 -0.00038 0.00008 0.00036 -0.00000 -0.00034 -0.00000 0.00000
0.00107 -0.00011 0.00046 0.00034 0.00034 -0.00000 0.00033 0.00000 -0.00017 -0.00059 -0.00017 -0.00000 0.00101 0.00086 0.00020 -0.00064 0.00003 0.00016 0.00056 0.00000 0.00027 -0.00001 -0.00024 0.01130 0.00014 -0.00012 0.00059 -0.00014 0.59694 0.00016
-0.00056 0.21767 -0.08745 -0.00107 0.35900 0.00023 -0.00121 -0.00007 0.00000 -0.00004 0.00003 0.00041 -0.00018 -0.00024 0.00028 -0.00005 -0.00004 0.00005 -0.00067 0.00063 -0.00000 -0.00000 -0.00003 0.00028 0.00041 0.00030 -0.00018 0.00026 0.00013 -0.00001
0.00042 0.00082 -0.00002 -0.00005 0.00005 0.00024 -0.00003 0.00006 -0.00000 -0.00040 0.00000 -0.00021 0.00063 0.00009 -0.00075 -0.00045 -0.00000 -0.00003 -0.00001 0.00016 0.00017 -0.00000 0.00115 0.00222 0.57359 -0.00004 0.00090 -0.00015 0.00045 0.00000
-0.00050 0.65869 -0.00030 0.03322 -0.00041 0.00009 0.04088 -0.00006 0.00048 0.00219 -0.00005 0.00014 0.00000 -0.00070 -0.00014 -0.07658 -0.00001 -0.00002 -0.00144 0.00011 -0.06807 0.00094 -0.00000 -0.00293 0.00010 -0.00007 -0.00086 0.00000 -0.00000 -0.00030
0.00000 -0.00128 0.00015 0.00004 0.00013 0.00020 0.00060 -0.00010 -0.00019 -0.77209 0.00005 0.00033 0.00017 0.00013 -0.00012 0.00043 -0.00000 0.00015 -0.00025 0.00031 0.00010 0.00045 -0.00164 -0.00000 -0.00007 0.00009 -0.00017 -0.00018 -0.07405 -0.00003
0.00277 0.00000 0.00007 0.00116 0.00105 -0.00003 -0.00045 -0.00030 -0.00002 -0.00011 -0.00004 -0.00029 0.00280 0.00006 -0.00049 -0.00106 0.00023 -0.00029 -0.00003 0.00023 0.00047 -0.00000 0.00039 0.00017 0.00000 -0.00100 0.00026 -0.00007 0.00040 0.00000
0.00064 0.00003 0.00097 0.00079 0.00006 0.00000 -0.00001 -0.00014 -0.00042 0.00040 0.00055 -0.00000 0.00063 -0.00000 -0.00026 0.00002 0.00082 -0.00020 0.00025 -0.00011 0.00047 -0.00021 -0.00003 -0.00068 -0.00079 0.00000 0.00021 0.00043 -0.00061 -0.00081
-0.00095 0.00003 -0.00014 0.00031 -0.00018 -0.00012 0.00004 -0.00008 0.00090 -0.00062 0.00040 0.00022 -0.00069 0.00000 0.00017 0.00329 0.00042 -0.00006 -0.00038 0.00072 -0.00022 0.00082 -0.00384 0.00014 -0.00002 0.00011 0.00000 -0.00025 -0.00006 0.00007
0.00005 0.00031 0.00076 -0.00012 0.00044 0.00005 -0.00044 0.00019 -0.00015 0.00104 -0.00004 0.00005 -0.00026 0.00000 -0.00021 -0.00116 -0.00007 -0.00000 -0.00027 0.00018 0.00024 -0.00033 0.00062 0.00013 0.00046 0.00031 -0.00047 0.00000 0.00021 -0.00005
0.00033 0.00087 -0.00018 0.00013 0.00038 -0.00000 -0.00000 0.00008 0.00007 0.00003 -0.00022 -0.00076 0.00055 0.00068 -0.00001 -0.00079 0.00027 0.00021 -0.00000 0.00000 -0.00000 0.00060 0.00069 0.00004 0.00032 -0.00091 0.00010 0.00004 0.00000 0.00050
0.00082 -0.00138 0.00031 -0.00000 0.00059 -0.00023 0.00034 -0.00024 -0.00052 0.00072 0.00000 -0.00063 0.00000 0.00032 0.00002 0.00080 -0.00042 -0.00000 -0.00008 0.00023 -0.00010 -0.04330 -0.00078 -0.00116 0.24645 -0.00039 0.00012 -0.00000 0.00074 -0.00000
