1.000 0.061 0.057 0.057 0.068 0.057 0.057 0.071 0.066 0.069 0.069 0.096 0.057 0.057 0.061 0.056 0.066 0.057 0.057 0.073 0.057 0.061 0.073 0.057 0.057 0.074 0.068 0.062 0.058 0.092
0.061 1.004 -0.022 -0.022 -0.016 -0.022 -0.022 -0.013 -0.017 -0.015 -0.015 0.012 -0.022 -0.022 -0.020 -0.022 -0.017 -0.022 -0.022 -0.012 -0.022 -0.020 -0.012 -0.022 -0.022 -0.011 -0.016 -0.020 -0.022 0.006
0.057 -0.022 1.004 -0.058 -0.074 -0.053 -0.075 -0.044 -0.047 -0.081 -0.062 -0.217 -0.095 -0.043 -0.065 -0.089 -0.049 -0.073 -0.094 -0.114 -0.043 -0.051 -0.125 -0.083 -0.072 -0.111 -0.082 -0.092 -0.065 -0.224
0.057 -0.022 -0.058 1.008 0.017 0.011 0.012 0.017 0.015 0.018 0.017 0.034 0.013 0.010 0.014 0.012 0.015 0.012 0.013 0.022 0.010 0.013 0.022 0.013 0.012 0.021 0.017 0.016 0.012 0.034
0.068 -0.016 -0.074 0.017 1.011 0.027 0.028 0.024 0.023 0.026 0.024 0.049 0.030 0.026 0.026 0.030 0.024 0.028 0.030 0.028 0.026 0.025 0.030 0.029 0.028 0.029 0.026 0.028 0.027 0.043
0.057 -0.022 -0.053 0.011 0.027 1.007 0.053 0.047 0.050 0.050 0.050 0.038 0.054 0.051 0.052 0.054 0.049 0.053 0.054 0.051 0.051 0.051 0.051 0.053 0.053 0.050 0.051 0.053 0.052 0.044
0.057 -0.022 -0.075 0.012 0.028 0.053 1.012 0.057 0.058 0.060 0.059 0.060 0.063 0.058 0.060 0.062 0.058 0.061 0.063 0.063 0.058 0.059 0.063 0.062 0.061 0.061 0.061 0.062 0.060 0.064
0.071 -0.013 -0.044 0.017 0.024 0.047 0.057 1.012 -0.010 -0.000 -0.003 0.116 -0.023 -0.024 -0.018 -0.024 -0.008 -0.024 -0.023 0.008 -0.024 -0.019 0.012 -0.023 -0.024 0.014 -0.005 -0.016 -0.022 0.087
0.066 -0.017 -0.047 0.015 0.023 0.050 0.058 -0.010 1.012 0.024 0.023 0.028 0.020 0.019 0.021 0.020 0.022 0.020 0.020 0.026 0.019 0.021 0.026 0.020 0.020 0.025 0.024 0.022 0.020 0.030
0.069 -0.015 -0.081 0.018 0.026 0.050 0.060 -0.000 0.024 1.017 -0.001 0.028 -0.003 -0.008 -0.005 -0.004 -0.003 -0.005 -0.004 0.005 -0.008 -0.006 0.006 -0.004 -0.005 0.006 -0.000 -0.002 -0.006 0.026
0.069 -0.015 -0.062 0.017 0.024 0.050 0.059 -0.003 0.023 -0.001 1.014 0.187 0.027 0.024 0.033 0.025 0.045 0.025 0.026 0.066 0.024 0.032 0.070 0.027 0.026 0.072 0.049 0.037 0.027 0.157
0.096 0.012 -0.217 0.034 0.049 0.038 0.060 0.116 0.028 0.028 0.187 1.097 0.018 0.010 0.014 0.017 0.012 0.015 0.018 0.021 0.010 0.012 0.020 0.016 0.014 0.017 0.016 0.018 0.014 0.014
0.057 -0.022 -0.095 0.013 0.030 0.054 0.063 -0.023 0.020 -0.003 0.027 0.018 1.020 0.064 0.064 0.069 0.058 0.067 0.069 0.060 0.064 0.062 0.060 0.068 0.067 0.058 0.061 0.066 0.065 0.048
0.057 -0.022 -0.043 0.010 0.026 0.051 0.058 -0.024 0.019 -0.008 0.024 0.010 0.064 1.015 0.078 0.085 0.072 0.084 0.085 0.067 0.081 0.077 0.068 0.084 0.083 0.066 0.072 0.078 0.081 0.050
0.061 -0.020 -0.065 0.014 0.026 0.052 0.060 -0.018 0.021 -0.005 0.033 0.014 0.064 0.078 1.022 0.055 0.045 0.054 0.055 0.043 0.051 0.049 0.044 0.054 0.053 0.042 0.046 0.051 0.052 0.031
0.056 -0.022 -0.089 0.012 0.030 0.054 0.062 -0.024 0.020 -0.004 0.025 0.017 0.069 0.085 0.055 1.027 0.081 0.094 0.096 0.079 0.091 0.088 0.080 0.094 0.094 0.077 0.083 0.090 0.092 0.059
0.066 -0.017 -0.049 0.015 0.024 0.049 0.058 -0.008 0.022 -0.003 0.045 0.012 0.058 0.072 0.045 0.081 1.023 0.036 0.037 0.037 0.036 0.036 0.038 0.037 0.036 0.037 0.037 0.037 0.036 0.041
0.057 -0.022 -0.073 0.012 0.028 0.053 0.061 -0.024 0.020 -0.005 0.025 0.015 0.067 0.084 0.054 0.094 0.036 1.029 0.002 -0.001 -0.001 -0.002 -0.001 0.001 0.001 -0.002 -0.002 0.000 -0.000 -0.001
0.057 -0.022 -0.094 0.013 0.030 0.054 0.063 -0.023 0.020 -0.004 0.026 0.018 0.069 0.085 0.055 0.096 0.037 0.002 1.034 -0.031 -0.048 -0.045 -0.030 -0.044 -0.045 -0.031 -0.038 -0.040 -0.045 -0.006
0.073 -0.012 -0.114 0.022 0.028 0.051 0.063 0.008 0.026 0.005 0.066 0.021 0.060 0.067 0.043 0.079 0.037 -0.001 -0.031 1.039 0.024 0.027 0.038 0.028 0.027 0.037 0.032 0.031 0.027 0.054
0.057 -0.022 -0.043 0.010 0.026 0.051 0.058 -0.024 0.019 -0.008 0.024 0.010 0.064 0.081 0.051 0.091 0.036 -0.001 -0.048 0.024 1.032 -0.014 -0.004 -0.014 -0.015 -0.005 -0.009 -0.011 -0.015 0.012
0.061 -0.020 -0.051 0.013 0.025 0.051 0.059 -0.019 0.021 -0.006 0.032 0.012 0.062 0.077 0.049 0.088 0.036 -0.002 -0.045 0.027 -0.014 1.033 0.046 0.049 0.048 0.045 0.046 0.048 0.048 0.041
0.073 -0.012 -0.125 0.022 0.030 0.051 0.063 0.012 0.026 0.006 0.070 0.020 0.060 0.068 0.044 0.080 0.038 -0.001 -0.030 0.038 -0.004 0.046 1.043 0.053 0.053 0.022 0.035 0.047 0.050 -0.030
0.057 -0.022 -0.083 0.013 0.029 0.053 0.062 -0.023 0.020 -0.004 0.027 0.016 0.068 0.084 0.054 0.094 0.037 0.001 -0.044 0.028 -0.014 0.049 0.053 1.040 -0.095 -0.092 -0.098 -0.096 -0.097 -0.068
0.057 -0.022 -0.072 0.012 0.028 0.053 0.061 -0.024 0.020 -0.005 0.026 0.014 0.067 0.083 0.053 0.094 0.036 0.001 -0.045 0.027 -0.015 0.048 0.053 -0.095 1.056 0.059 0.056 0.055 0.054 0.075
0.074 -0.011 -0.111 0.021 0.029 0.050 0.061 0.014 0.025 0.006 0.072 0.017 0.058 0.066 0.042 0.077 0.037 -0.002 -0.031 0.037 -0.005 0.045 0.022 -0.092 0.059 1.057 -0.106 -0.118 -0.126 -0.013
0.068 -0.016 -0.082 0.017 0.026 0.051 0.061 -0.005 0.024 -0.000 0.049 0.016 0.061 0.072 0.046 0.083 0.037 -0.002 -0.038 0.032 -0.009 0.046 0.035 -0.098 0.056 -0.106 1.079 0.367 0.356 0.383
0.062 -0.020 -0.092 0.016 0.028 0.053 0.062 -0.016 0.022 -0.002 0.037 0.018 0.066 0.078 0.051 0.090 0.037 0.000 -0.040 0.031 -0.011 0.048 0.047 -0.096 0.055 -0.118 0.367 1.169 0.371 0.459
0.058 -0.022 -0.065 0.012 0.027 0.052 0.060 -0.022 0.020 -0.006 0.027 0.014 0.065 0.081 0.052 0.092 0.036 -0.000 -0.045 0.027 -0.015 0.048 0.050 -0.097 0.054 -0.126 0.356 0.371 1.204 0.031
0.092 0.006 -0.224 0.034 0.043 0.044 0.064 0.087 0.030 0.026 0.157 0.014 0.048 0.050 0.031 0.059 0.041 -0.001 -0.006 0.054 0.012 0.041 -0.030 -0.068 0.075 -0.013 0.383 0.459 0.031 1.343
