0.00000 0.00021 0.00030 -0.00001 -0.00018 -0.00000 0.00003 -0.00432 0.00003 0.00000 0.05679 0.02079 -0.00001 -0.00000 -0.00023 0.00000 -0.00000 0.00001 -0.00000 -0.00000 0.00000 -0.00000 -0.00001 0.00000 -0.00000 -0.00000 -0.04842 0.00003 0.00002 0.00001
-0.00009 -0.00000 -0.00000 0.00001 0.00004 -0.24103 -0.00048 -0.00001 -0.00000 0.00144 -0.00001 -0.00000 -0.00000 -0.00000 0.00001 -0.00010 -0.29642 0.00000 0.00005 -0.00001 0.01341 0.00000 0.00000 0.00000 0.69765 -0.00000 0.00000 -0.00000 0.00000 0.00000
-0.00000 0.35291 0.00000 0.00000 0.00002 -0.00149 -0.00000 -0.00000 0.00004 0.00017 -0.00000 -0.00000 0.00000 0.00001 -0.50182 -0.00002 0.00221 0.00000 0.00000 -0.00001 0.00031 -0.00001 0.00000 -0.00003 0.02617 0.00000 -0.00000 -0.00000 -1.29385 0.00001
0.17173 0.00113 0.28658 -0.00000 -0.00000 -0.00028 0.32730 -0.03502 -0.04824 -0.00087 -0.01582 -0.00023 0.01195 0.00006 0.00619 -0.18920 -0.05460 0.00001 0.08206 -0.41725 0.04589 -0.02495 -0.00045 -0.00111 -0.03851 0.11693 -0.00062 -0.17240 0.28545 -0.04941
-0.00004 0.00013 0.05634 -0.00000 0.00000 0.00021 0.00005 0.00004 -0.00013 0.00005 -0.00000 -0.00001 0.00000 -0.00001 -0.00274 0.00000 -0.01119 -0.00000 0.00000 0.00000 0.00004 0.00000 -0.00001 -0.00000 0.00042 0.00000 0.00002 0.00000 0.02677 -0.00001
-0.00003 0.00000 -0.00000 0.00000 0.00000 -0.00000 0.02106 0.00000 -0.02764 -0.26681 0.00000 -0.00003 -0.00004 0.00004 -0.00000 0.00056 0.12575 0.00000 -0.00039 -0.00000 -0.93415 0.00000 -0.00000 0.00000 -0.00000 0.00001 0.00001 0.00001 0.00000 -0.00002
-0.00039 0.00000 0.00000 0.00000 0.00000 0.00000 -0.00000 -0.00000 -0.00000 0.00000 -0.00000 -0.00000 0.00002 0.01750 -0.00000 0.93565 0.00000 0.00000 -0.25067 -0.00003 0.00000 -0.00056 0.00000 -0.00071 0.00000 -0.00045 0.00002 -0.00001 -0.00000 0.00009
-0.00002 -0.00878 0.70914 0.00004 0.03318 0.00052 -0.00000 0.00000 0.00000 0.00001 0.00000 -0.00001 0.00000 0.00004 -0.01418 -0.00002 0.00082 -0.00002 0.00000 0.34132 0.00009 -0.00001 0.00000 0.00000 -0.00469 -0.00000 -0.00000 -0.00000 -0.00027 -0.00000
0.00042 0.00000 0.00002 -0.00005 0.00019 0.00000 -0.84373 0.00000 0.00000 -0.81769 0.00005 -0.00000 -0.00012 0.00366 -0.00003 -0.47915 0.00000 -0.00000 0.05320 0.00001 -0.00000 0.00044 -0.00000 -0.00000 -0.00000 -0.00016 -0.00000 -0.00000 0.00001 -0.00001
-0.00024 0.00000 0.00000 0.00006 0.00004 -0.00000 -0.77880 -0.00000 -0.00000 -0.00000 0.00000 0.00001 -0.00000 -0.00000 0.00001 -0.30418 -0.00000 0.00000 0.00813 0.00004 0.00000 0.00014 -0.00000 0.00008 0.00000 0.00000 0.00000 -0.00000 0.00001 -0.00005
-0.00000 -0.00054 0.50106 0.00000 0.21295 -0.00007 0.00001 0.39081 -0.00000 -0.00000 0.00000 0.00000 0.00000 0.00000 0.00269 -0.00000 -0.00026 0.00000 -0.00000 -0.00052 0.00007 -0.00000 -0.00000 0.00000 0.00061 0.00003 0.00000 -0.00000 0.00159 0.00000
0.00003 0.05603 0.56289 -0.00001 0.00323 -0.00104 -0.00000 -0.23763 0.00000 0.00002 -0.70575 0.00000 0.00000 -0.00000 -0.08057 -0.00000 -0.00141 0.00000 -0.00000 -0.00167 0.00004 0.00001 0.00000 0.00000 0.00000 0.00001 0.00001 0.00000 -0.00000 -0.00000
0.15065 0.00007 -0.00076 -0.00001 0.00074 0.00000 -0.00000 -0.16583 -0.00003 0.00004 -0.11370 -0.03014 0.00000 -0.00000 0.00073 -0.00000 0.00001 0.00000 0.00000 0.00016 0.00000 0.00000 -0.84469 -0.00000 -0.00003 0.07633 0.00000 -0.61419 0.00054 0.11148
-0.00094 -0.00000 -0.00001 0.00000 -0.00036 -0.00000 -0.00000 -0.00007 0.00000 0.00001 0.00020 0.00006 0.12794 -0.00000 -0.00001 0.00000 -0.00000 0.00001 0.00000 0.00001 0.00000 -0.73000 0.00561 -0.72880 0.00000 0.13431 -0.00025 -0.00024 0.00001 0.00073
0.00005 -0.40892 0.00000 0.00000 0.00015 0.21729 0.00034 -0.00001 -0.00000 0.00015 -0.00001 0.00001 0.00000 0.00000 0.00000 0.00001 0.37474 -0.00000 0.00000 -0.00000 0.00046 0.00001 -0.00000 -0.00002 -0.29327 -0.00000 -0.00000 -0.00000 -0.00000 -0.00000
0.00040 -0.00000 0.00000 0.00000 0.00000 -0.00000 -0.00000 -0.00000 -0.00000 0.00000 -0.00005 -0.00000 0.00023 0.22411 -0.00000 0.00000 -0.00000 0.00000 -1.05507 0.00000 -0.00000 0.00647 -0.00005 -0.00797 0.00000 0.00003 -0.00000 -0.00006 0.00000 0.00037
0.00004 0.00000 -0.00002 -0.00002 -0.00006 0.00000 0.00846 0.00003 -0.12696 -0.01001 0.00001 0.00000 0.00000 0.00000 -0.00000 0.00027 -0.00000 -0.00000 -0.00029 -0.00004 -0.34776 -0.00000 0.00005 0.00000 -0.00000 -0.00000 -0.00000 0.00000 -0.00000 -0.00001
0.15419 -0.00168 0.18605 -0.14795 -0.67526 0.00072 0.31214 -0.02541 -0.06102 0.00088 -0.01734 -0.00019 -0.00550 -0.00023 -0.04361 -0.24390 -0.08729 -0.00000 0.13363 0.00309 0.06725 -0.00016 0.00028 0.00036 -0.13807 0.14774 0.00670 -0.14221 0.07227 -0.00972
0.00521 -0.00000 0.00000 0.00000 -0.00016 0.00000 0.00000 0.00022 0.00000 0.00000 0.00046 -0.00000 0.00631 -0.98710 -0.00000 -0.00000 0.00000 -0.00001 0.00000 -0.00000 -0.00000 0.07051 -0.00000 0.28183 -0.00002 0.00773 -0.00000 0.00024 -0.00000 -0.00088
-0.00000 -0.22322 0.22919 -0.00000 0.00305 -0.01790 0.00011 0.00000 -0.00043 0.00017 0.00000 0.00000 -0.00001 0.00002 -0.00017 0.00000 -0.04954 -0.00000 -0.00000 -0.00000 0.00072 0.00000 -0.00002 -0.00000 0.13351 -0.00000 -0.00000 -0.00000 0.29866 0.00002
-0.00014 0.00000 -0.00000 -0.00004 -0.00006 0.00000 -0.24640 -0.00000 0.63610 0.86470 0.00003 -0.00000 -0.00002 -0.00048 -0.00001 -0.01771 0.00000 -0.00000 0.00018 -0.00000 -0.00000 0.00002 0.00000 0.00005 -0.00000 -0.00000 0.00000 -0.00004 -0.00001 0.00005
-0.00619 0.00004 -0.00005 -0.00001 -0.00064 -0.00000 0.00000 -0.00544 0.00001 -0.00003 0.01458 -0.00018 -0.50867 -0.00000 -0.00016 0.00000 0.00002 0.00000 0.00000 -0.00016 -0.00000 0.00000 0.43054 -0.00000 0.00000 -0.09457 -0.00075 0.02679 -0.00024 -0.13570
0.00145 0.00046 0.02326 -0.00005 -0.00000 -0.00004 0.00000 0.28821 0.00000 0.00000 0.38181 0.00847 -0.00000 -0.00001 -0.00150 0.00003 -0.00020 -0.00000 -0.00000 0.00015 0.00000 0.00000 0.00000 0.00001 -0.00004 -0.30527 0.00037 1.40975 -0.00092 0.95487
0.74522 0.00001 0.00044 0.00004 -0.00078 -0.00000 0.00000 0.00058 0.00000 0.00001 -0.00618 -0.00014 -0.48845 -0.00000 -0.00000 0.00000 -0.00000 0.00000 0.00000 0.00000 -0.00000 0.43073 0.15800 -0.00000 -0.00000 0.71624 0.00025 -0.00077 -0.00003 -0.01068
-0.00005 -0.00000 -0.00000 -0.00000 -0.00007 -0.97634 -0.00040 -0.00001 -0.00057 0.02499 -0.00000 -0.00000 0.00004 0.00003 -0.00000 -0.00044 -0.08104 -0.00000 0.00000 -0.00001 0.28462 0.00000 -0.00000 0.00002 -0.00000 0.00006 -0.00000 0.00000 -0.00000 0.00000
-1.76651 -0.00000 0.00027 0.00000 0.00080 0.00000 -0.00001 0.00549 -0.00000 -0.00000 0.00038 -0.05502 -0.00000 0.00000 0.00037 -0.00000 0.00000 0.00000 0.00002 0.00048 -0.00001 -0.00000 0.00000 -0.00000 -0.00003 0.00000 0.03490 0.21892 0.00036 -0.00373
-0.00006 -0.00434 1.09284 0.00000 -0.00113 0.00149 -0.00000 -0.19102 -0.00019 0.00012 -0.66812 -0.43311 0.00001 -0.00001 0.19088 -0.00004 0.03436 -0.00004 0.00004 -0.02476 -0.00000 0.00000 0.00002 -0.00006 -0.00052 -0.00000 -0.00000 -0.00000 -0.24150 -0.00001
-0.02170 -0.00212 0.19505 0.00000 0.00016 0.00007 0.00005 0.38295 0.00000 -0.00001 1.30474 1.48081 -0.00000 0.00000 -0.00009 -0.00000 -0.00003 0.00000 -0.00000 -0.00344 0.00003 -0.00000 0.00000 0.00001 0.00021 -0.00001 0.14069 0.00000 0.00173 -0.00000
-0.00000 -0.87970 -0.00000 0.00000 -0.00006 0.01355 0.00000 -0.00000 0.00025 0.00000 -0.00000 -0.00000 -0.00002 -0.00000 0.29398 0.00000 -0.03328 0.00000 -0.00003 -0.00000 -0.00017 -0.00000 -0.00000 0.00005 -0.53354 -0.00000 -0.00000 0.00000 -0.00000 0.00000
-0.21536 -0.00638 0.05686 -0.00005 0.00061 -0.00023 0.00000 -0.17668 -0.00000 -0.00000 -0.19361 -0.00605 -0.00000 -0.00002 -0.01752 -0.00000 -0.00120 -0.00008 0.00000 0.00450 0.00000 0.00001 0.00000 -0.00000 -0.00005 0.00022 -0.12015 -0.75832 -0.00098 0.00000
