-0.00000 -0.00000 0.00000 0.00000 0.00381 0.00044 -0.00000 0.00000 0.00000 0.00000 -0.00005 -0.00000 0.00000 -0.00000 0.00000 -0.00000 -0.00001 -0.00000 -0.00006 0.00020 0.00000 -0.00000 0.00019 -0.00000 0.00000 -0.00046 0.00000 0.00000 -0.00029 -0.00000
0.21680 -0.00000 -0.31456 -0.00000 -0.00060 -0.00060 -0.00000 0.00000 0.00285 0.00077 -0.00138 0.00000 0.00000 0.18671 0.00000 0.00000 -0.37599 0.00080 -0.00003 0.00012 0.46948 -0.00000 -0.00004 0.00000 -0.00000 -0.00024 0.00000 0.00000 0.00000 -0.00000
0.01086 -0.00000 0.00000 0.00015 0.26295 -0.00000 0.00028 0.00006 0.13560 0.00028 -0.00715 -0.00001 0.00000 -0.02024 0.00002 0.00000 0.00000 -0.00128 -0.00000 0.00000 0.00185 0.00000 -0.00000 -0.00008 0.00000 0.01286 0.00000 -0.00000 0.00000 -0.00000
0.00538 -0.00640 0.00143 0.00000 0.00781 0.00243 0.01595 0.00119 0.00193 -0.00116 -0.00650 -0.00674 0.00984 0.00097 0.00000 0.00000 -0.00343 -0.00000 0.00127 0.00020 -0.00000 0.05110 -0.00000 0.00293 0.00208 -0.00427 0.00758 0.02205 0.00003 -0.00278
-0.00003 -0.00000 0.00000 0.00000 -0.00000 -0.00000 0.00021 0.00000 -0.00000 0.00006 -0.00000 0.00000 -0.00000 0.00000 0.00000 0.00000 0.00000 0.00000 0.00000 0.00000 0.00000 0.00000 -0.00000 -0.00636 0.00015 0.22332 0.00008 0.00000 0.00000 0.00000
-0.00068 -0.00487 -0.07744 -0.00064 0.02180 0.00000 0.00705 0.00000 0.21387 0.00659 -0.00000 -0.00187 -0.00000 0.03938 -0.00040 -0.00008 0.00007 -0.00202 -0.00000 0.00010 0.00077 -0.00000 -0.00000 0.00000 0.00000 -0.00074 0.00000 -0.00000 -0.00000 0.00068
0.00417 -0.01224 -0.00000 0.00000 0.00156 -0.00002 0.00000 0.00008 -0.00000 0.02218 -0.00000 0.25785 0.00000 0.01970 -0.00000 0.00000 -0.00150 0.00005 -0.00003 0.00032 -0.00002 0.00000 0.00000 -0.00078 0.00002 -0.01548 0.00009 0.00000 0.00000 0.00593
-0.00927 -0.01729 0.00078 0.00016 0.02202 0.04099 0.00582 -0.00000 -0.00044 0.12455 -0.00984 -0.00610 0.00000 -0.03656 0.02038 0.00125 -0.00532 0.00559 0.00124 0.00000 0.01263 -0.00000 0.00427 0.00000 0.00895 -0.03027 0.02447 0.00406 0.00188 0.00148
-0.00533 -0.00000 0.00000 0.00000 0.22732 0.00000 -0.06276 0.00000 -0.00000 0.01465 -0.00000 -0.01002 0.00000 0.31420 0.00022 0.00000 0.00000 -0.00000 0.00000 0.00000 -0.00000 0.00000 -0.00000 -0.00779 -0.00021 0.21576 0.00015 -0.00000 -0.00000 -0.00003
-0.45914 -0.00004 -0.00000 0.00005 0.00637 0.00012 0.00000 0.00000 -0.00000 -0.00000 -0.00000 -0.00000 0.00010 -0.00000 0.00104 -0.00285 -0.00000 0.00043 -0.00004 0.00033 -0.00000 0.00006 0.00216 0.01949 0.00021 0.20444 0.00044 0.00000 -0.00013 -0.00000
0.00260 -0.00000 0.00000 0.00000 -0.24493 0.00964 0.00260 -0.00000 0.56913 -0.00019 -0.00000 -0.00256 0.00006 -0.31487 0.00082 0.00091 -0.00000 0.00000 -0.00000 0.00027 -0.00000 -0.00012 -0.00000 0.00218 -0.00026 -0.34936 0.00004 0.00000 -0.00052 -0.00000
0.00280 -0.00209 -0.00000 0.00000 0.00168 -0.00041 0.00000 0.00004 -0.00000 0.03748 -0.00029 -0.00000 0.00105 0.03620 0.00000 0.00000 -0.00546 -0.00197 -0.00027 0.00001 0.00068 -0.00041 0.00000 0.00003 0.00287 -0.00389 0.00098 0.00052 0.00000 0.05373
0.02061 -0.02754 0.00307 0.00000 0.02637 0.01434 0.00779 -0.01101 0.00150 -0.02037 -0.00544 -0.00098 -0.00000 0.01781 0.00000 -0.00000 -0.00736 0.00570 -0.00480 -0.00000 0.00012 -0.08151 0.00495 0.00407 0.00392 -0.00448 0.02279 0.02192 0.00073 -0.01018
0.07517 -0.00000 -0.00000 -0.00000 -0.45982 -0.00000 0.00000 -0.00000 0.00000 -0.11397 -0.00000 -0.00000 -0.00000 -0.00000 0.00004 -0.00000 0.00000 0.00000 0.00000 0.00000 0.00000 -0.00000 0.00000 -0.00000 0.00000 0.01301 -0.00000 -0.00000 0.00000 0.00000
0.00600 -0.01041 0.00208 0.00361 0.00763 0.00126 0.02892 -0.00000 -0.00036 -0.00001 -0.00147 -0.00227 0.00621 -0.00000 -0.00000 0.00000 -0.00010 0.01140 -0.03374 0.00640 -0.00003 0.00131 0.00144 0.01448 0.01264 -0.00012 0.02129 0.00794 0.00231 -0.02077
0.00429 -0.01310 0.00711 0.00397 0.46101 0.00112 0.01021 0.00021 0.00000 -0.00000 0.00009 0.00029 0.00342 0.00017 0.02328 0.00000 -0.00075 0.00260 -0.00179 -0.00034 0.00174 0.03149 0.00084 0.00340 0.00303 -0.24180 0.00146 0.01465 0.00000 -0.00692
-0.00191 0.00000 0.20306 0.00000 0.01534 -0.00007 0.00021 0.00000 0.01110 0.00147 -0.00235 -0.00000 0.00000 -0.04460 0.00000 0.00072 0.00000 -0.00021 0.00000 0.00020 0.00085 0.00000 0.00000 -0.00000 0.00000 0.00048 0.00000 -0.00010 -0.00000 0.00000
0.01147 -0.00381 0.00026 -0.00027 0.00786 0.00200 0.00290 0.00000 -0.00027 -0.00046 -0.00973 -0.00026 0.00001 -0.00000 0.00003 0.00000 -0.00000 0.00000 -0.00298 0.00000 0.00572 0.01713 0.00403 0.01370 0.00001 -0.00018 0.00507 0.02671 0.00000 -0.00034
0.00843 -0.01891 0.01282 -0.00008 0.01109 0.03711 0.00812 0.00004 -0.00250 0.00000 -0.02026 -0.00013 -0.00028 -0.08322 0.00000 0.00132 0.01015 0.00000 0.00000 0.00000 0.01323 -0.00003 -0.00000 -0.00000 -0.00037 0.00176 0.00000 -0.17946 0.00000 -0.00070
0.00311 -0.00822 0.21166 0.00375 -0.07906 0.00537 0.00172 0.03551 -0.05573 -0.00006 -0.00121 -0.00659 0.01193 0.00176 0.00000 -0.00052 0.00112 0.02297 -0.01785 -0.00000 -0.00000 0.00004 0.00000 0.00162 0.01174 -0.01599 -0.00035 0.01497 0.00000 -0.00082
0.00447 -0.00000 0.00091 0.00075 0.02228 0.00083 -0.00037 0.00000 -0.00565 0.00763 0.11584 -0.00000 0.00000 -0.00507 0.00000 0.00000 0.00008 0.00000 -0.00000 0.00004 0.00000 0.00000 0.00152 0.00000 0.00000 0.00000 0.00000 0.00000 0.00000 0.00000
0.00098 -0.04195 0.02245 0.00000 0.00043 0.04581 0.00319 0.02323 -0.29598 0.04012 -0.00546 -0.00220 -0.00000 -0.19933 0.00010 -0.00000 -0.01716 0.00000 -0.00874 0.00628 -0.00004 -0.00000 0.00000 0.02756 0.00003 0.00275 0.00737 -0.00942 0.00048 -0.00882
0.00035 -0.01085 0.00253 0.03350 -0.00046 0.01154 0.00655 0.00001 -0.00000 -0.00000 -0.00606 -0.01474 0.00004 -0.00327 0.00017 -0.00061 -0.06667 0.00000 -0.04547 0.00679 -0.00000 -0.00577 0.00000 0.02396 -0.00000 -0.00967 0.01401 0.02149 0.00000 -0.00146
0.00571 -0.01542 -0.00075 0.00000 -0.00001 0.00182 -0.00019 -0.00049 -0.00000 -0.00000 0.00000 -0.00428 0.00015 0.00044 0.00000 -0.00000 0.00017 0.00000 -0.01382 0.00042 -0.00000 0.00000 0.00000 0.00000 0.00000 -0.00000 -0.21926 0.00057 0.00000 -0.00255
0.01533 0.00370 0.00430 0.00007 -0.00102 0.07289 0.00209 -0.00000 -0.02017 -0.00048 -0.00957 -0.00012 0.00013 -0.00008 0.00002 0.00000 -0.00145 0.00334 -0.00199 -0.00000 -0.00013 0.00163 0.01746 0.01312 0.00000 -0.00010 -0.00524 0.03281 0.00000 -0.01703
-0.00013 -0.00015 0.00000 0.00003 0.00000 0.00000 0.00000 0.00000 0.00000 0.00000 -0.00000 -0.00000 0.00000 -0.00000 0.00234 0.00000 0.00044 0.00004 0.00008 -0.00000 0.00000 -0.00000 -0.00000 -0.11222 -0.00026 0.00000 0.00665 -0.00000 0.00000 -0.00000
0.01291 -0.06829 0.00645 -0.00000 0.00314 0.03384 0.00000 0.00000 0.00130 0.00003 -0.00019 -0.00071 0.00000 -0.01774 -0.00000 0.00038 0.66879 0.00000 0.17888 0.00012 0.00214 0.00000 0.00000 -0.00000 0.00000 0.00001 0.00000 -0.01200 -0.00000 -0.00425
0.02474 -0.06556 -0.01841 0.00000 -0.37127 0.02734 -0.00005 -0.00007 -0.32403 -0.02990 -0.03876 0.00411 0.00000 0.06033 0.00000 -0.00000 -0.01290 0.00000 -0.00000 -0.00000 0.00057 0.00000 -0.00000 0.00067 0.00000 -0.01046 -0.00000 -0.00000 0.00000 0.00074
0.00625 -0.05615 0.04876 0.00275 0.00746 -0.31009 0.00150 0.00018 -0.23420 -0.01815 0.00407 -0.14840 0.00031 -0.02559 0.00009 0.00603 -0.00297 0.00644 -0.00103 0.00999 0.00045 0.00055 0.01004 0.02266 0.00728 -0.00827 0.02727 -0.00460 -0.00000 -0.03403
0.08424 -0.50031 -0.10571 0.00019 0.03621 0.00152 0.00002 0.00000 -0.00459 -0.04106 -0.00133 -0.00000 0.00000 0.04190 0.00000 0.00000 -0.17046 -0.00158 0.00025 0.00061 -0.50098 0.00000 0.00044 -0.00000 -0.00000 -0.00026 0.00000 0.00046 0.00000 -0.00000
