-0.00000 -0.00000 0.51960 -0.00000 -0.00001 -0.06483 -0.00368 -0.00019 -0.00282 -0.45028
-0.42441 -0.00000 -0.11536 -0.00000 -0.00000 -0.00213 -0.00017 -0.00001 -0.00018 -0.04235
-0.00000 -0.00000 0.00000 -0.00000 -0.00000 -0.00000 -0.00001 -0.00000 -0.00000 -0.00000
-0.06349 -0.42859 -0.37471 -0.00000 -0.00000 -0.00010 -0.00001 -0.00000 -0.00001 -0.00173
-0.00308 -0.06157 -0.44422 -0.37039 -0.00000 -0.00001 -0.00000 -0.00000 -0.00000 -0.00011
-0.00000 -0.00001 -0.05351 -0.00039 -0.00398 -0.00000 -0.10180 -0.13561 -0.42383 -0.00000
-0.00002 -0.00025 -0.02453 -0.00670 -0.08731 -0.00000 -0.00000 -0.18887 -0.00000 -0.00000
-0.00022 -0.00339 -0.05234 -0.10410 -0.28231 -0.00000 -0.00000 -0.00000 -0.00000 -0.00001
-0.00002 -0.00027 0.26994 -0.01061 -0.12348 -0.00000 -0.26700 -0.16634 -0.00000 -0.00000
-0.00000 -0.00000 -0.22645 -0.00002 -0.00014 -0.42740 -0.12512 -0.00475 -0.07068 -0.00000
