-0.00000 0.00000 -0.00003 0.00000 -0.00000 0.00000 0.00000 -0.05366 -0.00000 0.00000 0.00000 -0.00000 -0.00000 -0.00000 -0.00000 -0.00000 -0.00007 0.00000 -0.01302 0.00000 0.00000 0.00000 -0.00000 0.00000 0.00000 0.00000 -0.00211 -0.00000 0.00000 0.00005
-4.87005 0.00000 -0.00020 0.00002 0.06975 -0.06807 0.00000 -0.06513 -0.00000 0.00000 -0.00000 -0.00000 0.04546 0.04177 -0.00000 0.00000 0.07748 0.07360 0.15267 0.00000 0.19289 -0.00000 0.00000 0.01169 -0.03650 -0.00000 -0.02016 -0.00094 -0.04843 0.00146
-0.00002 -0.00004 -0.00000 -0.58414 -0.00001 0.00008 0.00128 0.00000 -0.00001 -0.00001 0.00025 -0.00158 -0.00000 -0.00000 0.00000 -0.03651 0.14124 -0.00000 0.28628 -0.00003 -0.00000 -0.00040 -0.00005 0.00001 0.00001 0.05060 0.00000 0.00009 0.00003 0.00000
-0.00060 -0.00007 -0.00000 0.00000 0.00029 -0.00025 -0.00902 0.00000 0.00002 0.00006 -0.00118 0.02842 0.00007 0.00019 0.00000 0.44175 0.06946 0.00002 0.00774 0.00020 0.00001 0.00719 0.00081 -0.00003 0.00000 -0.47764 0.00000 -0.00010 -0.00013 -0.00000
-2.34348 -0.00000 -0.00001 -0.00000 -0.00000 0.01698 0.00000 0.00657 -0.00000 -0.00000 0.00000 -0.00000 0.17881 -0.31786 -0.00000 -0.00000 0.05169 -0.00000 0.10334 -0.00000 0.01547 0.00000 -0.00000 0.10669 0.02249 0.00000 -0.00012 0.04417 -0.03882 0.00002
-0.15236 -0.00000 0.00010 -0.00002 -0.00000 -0.00000 0.00000 0.04971 -0.00000 -0.00000 0.00000 -0.00000 0.00000 -0.00000 0.00000 -0.00000 0.04808 -0.00000 0.07714 -0.00000 -0.00000 -0.00000 -0.00000 0.10512 0.11707 0.00000 0.00739 0.00000 0.00000 -0.00075
-0.16036 -0.37656 0.00001 -0.00000 0.02306 0.32194 0.00000 0.03000 -0.01829 -0.04357 0.17470 -0.00000 -0.01261 0.02937 0.00000 -0.00000 0.04598 -0.00782 0.14438 -0.05267 0.03322 -0.16606 -0.06119 0.06617 0.05200 0.00000 0.00025 0.01526 -0.05565 -0.00004
0.00000 -0.00000 0.00572 -0.00044 0.00000 0.00000 0.00001 0.00000 -0.00000 -0.00000 0.00000 -0.00000 -0.00000 0.00000 0.00000 -0.00001 0.00114 0.00000 0.12855 -0.00000 -0.00000 -0.00000 -0.00000 0.00000 0.00000 0.00003 0.40765 0.00000 0.00000 -0.06399
-6.10869 -0.22804 -0.00177 0.00013 0.12077 -0.25501 -0.00000 -0.03250 0.00000 -0.00000 0.00000 0.00000 -0.00596 0.04659 -0.00000 0.00001 0.09266 0.32484 0.18462 -0.00000 0.29933 -0.00000 -0.00000 0.04565 0.09098 -0.00002 -0.09027 0.03324 -0.21319 0.02462
-1.84586 -0.28944 -0.00426 0.00031 0.05631 0.10926 -0.00000 0.02503 0.20107 0.00000 0.00000 0.00000 0.00464 -0.77592 -0.00002 0.00003 0.10363 0.11628 0.13331 -0.00000 0.09866 0.00000 -0.00000 -0.11443 -0.00873 -0.00004 -0.01496 0.03299 0.20105 0.00861
1.35384 -0.33958 0.00002 -0.00000 -0.12134 -0.06059 0.00000 0.03074 -0.03580 -0.03185 0.00000 -0.00000 -0.03396 0.04128 0.00000 -0.00000 0.00843 -0.00925 0.08610 -0.68826 0.03283 -0.00000 -0.00000 0.09733 0.04509 0.00000 0.00057 0.03258 -0.00566 -0.00008
1.95864 -0.09553 -0.00000 -0.00000 -0.84905 0.06144 -0.29564 -0.00015 0.00430 0.00810 0.23384 0.00000 0.00100 0.47546 -0.00001 -0.00000 0.01451 0.00427 0.10082 0.10486 0.00172 0.81818 0.12789 0.02763 -0.00005 0.00000 -0.00004 0.08771 -0.02442 0.00001
-2.99941 -0.00000 -0.00109 0.00009 -0.00000 -0.19481 -0.00000 0.01957 -0.00000 -0.00000 0.00000 0.00000 0.00000 -0.00000 0.00000 0.00001 0.05318 0.00000 0.15402 -0.00000 0.00000 -0.00000 -0.00000 0.03728 0.11299 -0.00001 -0.00469 -1.30091 0.00000 0.00693
-1.62592 0.00000 -0.00002 0.00000 0.00000 -0.01629 -0.00000 -0.00199 -0.00000 -0.00000 0.00000 -0.00000 0.02463 -0.00000 -0.00000 -0.00000 0.01745 -0.00000 -0.00856 -0.00000 -0.00000 0.00000 -0.00000 0.18496 0.01807 0.00000 -0.00121 0.25389 -0.04582 0.00012
0.99922 -0.58807 -0.20354 -0.20595 -0.05598 -0.16966 0.13003 0.17366 -0.01895 -0.00862 0.03368 0.00513 -0.35829 0.05328 -0.00000 -0.09207 0.05557 -0.09571 0.15591 -0.20074 0.37296 0.00092 -0.12635 0.11825 0.04418 0.03590 -0.02042 0.10759 -0.05424 0.00033
0.00125 -0.00515 0.00000 -0.00000 0.00319 -0.01118 -0.07822 -0.00001 0.00038 0.00085 -0.00089 0.40214 0.00035 0.00015 -0.00000 -0.00000 0.00688 0.00028 0.15166 0.00445 0.00015 0.18669 0.01240 -0.00070 -0.00027 0.00000 -0.00000 0.02932 -0.00436 -0.00000
0.00062 -0.00000 0.00000 -0.00000 -0.00000 0.00000 0.00000 0.00004 -0.00000 -0.00000 0.00000 -0.00000 -0.00000 0.00000 -0.00000 -0.00000 -0.00000 -0.00000 0.20023 -0.00000 -0.00000 -0.00000 -0.00000 0.00108 0.00003 0.00000 0.00000 0.00000 0.00000 -0.00000
-8.98964 -0.00000 -0.00162 0.00014 0.10627 -0.06620 -0.00001 -0.10955 0.00000 -0.00000 0.00000 0.00000 0.55810 0.23091 -0.00000 0.00001 -0.10145 -0.00000 -0.09361 -0.00000 0.14034 -0.00000 -0.00000 0.00671 -0.01356 -0.00002 -0.13173 0.02320 -0.03138 0.02106
0.00001 -0.00000 0.00000 -0.00000 -0.00000 0.00000 0.00000 0.00000 -0.00000 -0.00000 0.00000 -0.00000 -0.00000 0.00000 0.00000 -0.00000 -0.00000 -0.00000 0.00000 -0.00000 -0.00000 -0.00000 -0.00000 -0.00000 0.00000 0.00000 0.00000 0.00000 0.00000 -0.00000
-10.12320 0.64621 -0.00010 0.00001 0.06513 0.09087 0.00000 -0.07002 0.34468 0.11683 -0.00000 -0.00000 0.03716 -0.00118 0.00000 0.00000 -0.13345 0.42642 -0.21782 0.00000 0.08057 0.00000 0.00000 -0.32394 -0.37348 -0.00000 -0.00525 0.02072 -0.04666 0.00047
-5.28912 -0.00000 -0.01114 0.00064 0.00001 0.02555 -0.00000 -0.04211 -0.00000 -0.00000 -0.00000 0.00001 -0.59728 0.11182 0.00000 0.00007 0.10116 -0.00000 0.06737 -0.00000 -0.00000 0.00000 -0.00000 0.00176 -0.01550 -0.00009 -0.10548 0.17727 -0.05160 0.06227
0.03655 -0.33141 -0.00001 0.00000 0.02120 0.01581 0.00000 -0.00094 0.01006 0.01259 -0.00382 -0.00000 0.00772 -0.07903 -0.00002 -0.00000 -0.00292 0.01267 -0.01924 0.25827 0.01664 0.00000 1.02706 -0.01907 -0.02924 0.00000 -0.00026 0.02397 -0.03465 0.00003
-0.07713 -0.32817 -0.00004 0.00000 0.04832 -0.07477 0.00000 -0.00454 0.01323 0.02192 -0.65195 -0.00000 -0.02097 0.00974 -0.00000 -0.00000 0.02608 0.02966 -0.05531 2.80543 0.08002 0.00000 0.00000 0.01258 0.00209 -0.00000 -0.00188 0.02327 -0.02682 0.00018
1.78715 -0.00002 0.00068 -0.00008 -0.00000 0.00000 0.00000 0.11479 -0.00000 -0.00000 0.00000 -0.00000 -0.00000 -0.00000 0.00000 -0.00001 -0.00000 -0.00001 -0.38251 -0.00000 -0.00001 -0.00000 -0.00000 -0.00000 0.00000 0.00001 0.02953 0.00000 0.00000 -0.00555
0.93448 -0.00000 0.00109 -0.00010 -0.00000 0.00000 0.00000 0.12397 -0.00000 -0.00000 0.00000 -0.00000 -0.00000 -0.00000 0.00000 -0.00001 0.00716 -0.00000 0.17083 -0.00000 -0.00000 -0.00000 -0.00000 0.07662 0.00000 0.00001 0.06991 0.00000 0.00000 -0.01452
0.00944 -0.00907 0.00000 -0.00000 -0.01115 0.00925 0.08560 0.00007 -0.00055 -0.00184 0.09706 -0.45481 -0.00221 0.00169 0.00000 -0.39701 0.01446 -0.00035 0.06505 -0.00618 -0.00005 -0.04866 -0.01117 0.00172 0.00048 -0.00000 0.00000 0.03105 0.00055 -0.00000
0.00000 -0.00000 0.10449 -0.00959 -0.00001 0.00001 0.00004 -0.00000 -0.00000 -0.00000 0.00001 -0.00003 -0.00001 0.00000 0.00000 -0.00039 0.00357 -0.00000 0.00485 -0.00000 -0.00000 -0.00001 -0.00000 0.00000 0.00000 0.00065 0.00000 0.00001 0.00001 -0.82396
-0.28916 -0.00000 0.00001 -0.00001 -0.00000 -0.10591 0.00001 0.02123 -0.00000 -0.00000 0.00000 -0.00000 0.00000 0.00000 0.00000 -0.00000 0.00557 -0.00000 0.00380 -0.00000 -0.00000 -0.00000 -0.00000 0.01864 0.05140 0.00000 0.00039 -0.00000 -0.00000 -0.00015
-0.16232 -0.00000 0.00139 -0.00025 -0.00000 -0.00241 0.00000 0.06457 -0.00000 -0.00000 0.00001 -0.00001 -0.08375 -0.00000 0.00000 -0.00004 -0.01937 -0.00000 -0.11822 -0.00000 -0.00000 -0.00000 -0.00000 0.08243 0.05015 0.00004 0.00953 0.22872 0.00000 -0.00423
0.00000 0.00000 -0.92490 0.08051 0.00001 0.00000 -0.00017 0.00000 0.00000 0.00000 -0.00002 0.00025 -0.00000 0.00001 -0.00001 0.00349 0.01025 0.00000 0.08179 0.00000 -0.00000 0.00005 0.00001 0.00000 0.00000 -0.00592 -0.00000 -0.00002 0.00000 -0.00000
