-0.00000 -0.02951 -0.00600 -0.00570 0.00000 0.00010 0.05464 0.02256 0.33707 -0.00004 0.00274 -0.01767 0.00001 -0.00012 0.00081 -0.00026 0.71437 -0.00000 -0.00011 -0.00004 -0.00009 0.00055 0.00018 0.00078 0.00018 0.00015 -0.01812 0.00043 0.00012 -0.00008
0.00005 -0.00000 0.00020 -0.14764 0.09252 -0.99988 0.08200 -0.25008 0.00046 0.00001 0.00004 -0.19233 0.00055 0.00000 0.00005 -0.00012 -0.00081 0.00002 -0.02510 -0.00002 0.09105 0.00002 0.00008 0.00000 0.00011 0.03657 0.00000 0.00062 0.00011 -0.09102
0.00042 -0.00427 0.00000 -0.03498 -0.00060 0.03344 0.00073 0.00031 0.00002 0.00142 0.00561 0.00029 0.00012 0.00039 0.00004 -0.00417 -0.02097 0.00000 0.00008 -0.00034 -0.00311 0.00003 0.00034 -0.00002 0.00008 0.00040 0.00000 0.00012 -0.04043 -0.05621
0.00012 0.00000 0.00001 -0.00000 0.00000 0.00018 0.00000 0.00000 0.00000 0.00006 0.00009 0.00000 0.00134 0.00010 0.00004 -0.00000 0.00002 0.00000 0.00033 0.00011 0.00062 0.00001 0.00018 0.00017 0.00002 0.00008 0.00013 0.00017 0.00078 0.00052
0.00481 -0.00000 -0.00178 -0.05668 -0.00000 -0.03385 0.00028 0.00000 0.00020 0.00001 0.00026 -0.06310 0.00333 0.00162 0.00063 -0.00011 -0.00012 0.00194 -0.44025 -0.00004 0.11463 0.00118 0.00197 0.00000 0.00354 0.07445 0.00002 0.00328 0.00114 -0.04565
-0.00035 0.00000 0.00001 -0.01984 0.00000 0.00000 -0.00016 -0.00000 -0.00196 -0.00001 -0.00032 -0.00000 -0.00022 -0.00014 -0.00023 -0.00000 -0.00293 -0.00029 0.00000 -0.00001 0.00000 -0.00036 -0.00029 -0.00000 -0.00006 -0.01146 -0.00023 -0.00061 -0.00048 -0.02183
-0.00000 -0.00000 -0.00678 -0.13125 -0.00104 -0.01327 0.00000 0.24522 -0.00000 -0.00000 -0.00001 0.03313 0.00000 -0.00002 -0.00002 -0.00000 -0.05179 -0.00000 -0.00463 -0.00000 -0.02330 -0.00000 -0.00000 -0.00016 -0.00000 0.00002 -0.00002 0.00000 -0.00004 -0.05159
-0.00001 -0.00000 -0.01280 -0.11143 -0.09521 0.10752 0.00000 -0.00000 -0.00000 -0.00000 -0.00000 0.90972 -0.00001 -0.00007 -0.00001 -0.00000 -0.00006 -0.00001 0.06534 -0.00008 -0.11087 -0.00000 -0.00002 -0.00011 -0.00000 0.00030 0.00010 0.00000 -0.00050 -0.06960
0.00000 -0.00836 -0.01960 -0.07263 -0.00249 -0.00019 0.04337 0.08689 -0.00000 -0.00030 0.00757 -0.03226 0.00037 -0.00013 0.00018 -0.00004 -0.93521 -0.00000 -0.00026 -0.00054 -0.04348 0.00032 0.00006 0.00013 0.00039 0.00032 -0.00059 0.00044 -0.02603 -0.07851
0.01905 -0.02894 -0.00090 -0.02583 -0.02230 0.00333 0.04853 0.06380 0.00373 -0.00000 0.01015 -0.01727 0.00022 0.00970 0.01037 -0.00026 -0.00587 0.00794 0.09737 -0.00005 0.26371 0.01163 0.01933 -0.00000 0.00516 0.00043 -0.00148 0.00280 0.00000 -0.02431
0.00116 -0.03016 0.00029 -0.02297 -0.01101 -0.00014 0.03040 0.04904 -0.00023 -0.00018 0.00000 -0.01791 0.00004 0.00059 0.00047 -0.02011 0.00003 0.00023 0.00313 -0.00776 -0.03412 0.00488 0.00301 0.00867 0.00432 0.00067 -0.00467 0.00045 -0.02097 -0.03614
-0.00006 -0.00000 -0.00862 -0.09382 0.00001 0.07197 0.00000 0.00000 -0.00001 -0.00002 -0.00004 0.00000 -0.00004 -0.00008 -0.00002 -0.00000 -0.00016 -0.00000 0.02498 -0.00000 -0.02886 -0.00001 -0.00003 -0.00023 -0.00000 -0.00086 0.00004 -0.00000 -0.00103 -0.00567
0.04272 -0.01016 0.00062 -0.00484 -0.00019 0.01303 0.02860 0.02885 0.00028 0.01351 0.01957 -0.01548 -0.00000 0.00840 0.02394 -0.00030 -0.00356 0.01831 0.00895 -0.00011 -0.01404 0.00009 0.00342 0.01789 0.00028 0.00003 0.12710 0.02444 0.41374 -0.01841
0.00467 -0.02689 -0.00435 -0.02257 -0.00098 0.02107 0.04066 0.03004 0.00714 -0.00027 0.00053 -0.02823 0.00046 0.00000 0.00174 -0.01622 -0.00061 -0.00013 0.00014 -0.00227 -0.03184 0.00000 0.00070 0.00284 0.00041 0.00031 -0.00024 0.01368 -0.00002 -0.04410
0.00093 -0.02845 -0.01730 -0.02547 -0.00629 0.01272 0.01715 0.03985 0.01241 -0.00008 0.00067 -0.02558 0.00010 0.00018 0.00000 -0.02533 -0.01158 0.00001 0.00057 -0.00998 -0.03643 0.00006 0.00056 0.00402 0.00048 0.00018 -0.01442 0.00024 -0.01846 -0.04736
0.01773 0.00056 0.00031 0.71526 -0.01773 0.12717 -0.25996 -0.10652 0.04807 0.01866 0.00008 -0.14070 0.00298 0.00005 0.00004 -0.00000 -0.01108 0.03085 0.02191 0.21641 -0.06687 0.03355 0.00012 0.00002 0.02982 0.00613 0.00003 0.00015 -0.00848 -0.05165
0.00000 -0.00183 0.00003 -0.01189 -0.00126 0.00096 0.00000 0.01881 -0.00000 0.00004 0.00228 0.00008 0.00000 0.00013 0.00004 -0.00000 0.00000 0.00000 0.00076 -0.00001 -0.00943 0.00107 0.00017 0.00010 0.00004 0.00010 0.00000 0.00062 -0.00010 -0.02177
-0.08255 -0.02912 -0.02865 -0.05192 -0.00063 0.00413 0.08630 0.04533 -0.17954 -0.00008 0.00376 -0.05851 0.00004 -0.00011 0.00282 -0.00004 0.22249 -0.00000 0.00005 -0.00549 -0.06463 0.00342 0.00068 0.00199 0.00881 0.00039 -0.00104 0.00140 -0.02580 -0.07786
-0.00649 0.00007 -0.01178 0.00028 0.00000 0.92054 -0.00007 -0.00000 -0.00059 -0.00000 -0.00068 0.00000 -0.00005 -0.00086 -0.00090 -0.00017 -0.00363 -0.00050 0.00000 -0.00028 0.00000 -0.00069 -0.00056 -0.00000 -0.00091 -0.03754 -0.00250 -0.00030 -0.01506 -0.00818
0.02584 -0.01597 -0.00728 0.01527 -0.01560 0.07479 -0.20027 -0.01801 0.00907 0.02333 0.00033 -0.12021 0.01892 0.00157 0.00023 -0.00000 -0.01472 0.00007 0.00938 -0.00000 -0.08739 0.00006 0.00106 0.00002 0.00006 0.00096 0.00012 0.00033 0.00000 -0.11383
0.00033 -0.00000 0.00088 -0.00469 0.00000 -0.07018 0.00007 0.00000 0.00001 0.00000 0.00003 0.00002 0.00013 0.00000 0.00002 0.00000 -0.00015 0.00000 -0.21874 0.00000 -0.00000 0.00003 0.00004 0.00023 0.00004 0.02360 0.00002 0.00004 -0.00014 -0.02409
0.00403 -0.01993 -0.01346 -0.04490 -0.00162 0.00002 0.04389 0.03513 0.00437 -0.00016 0.00014 -0.02383 0.00486 0.00018 0.00456 -0.00006 0.00001 0.00015 -0.00024 -0.01176 -0.02638 0.00000 0.00067 0.00009 0.00032 0.00046 -0.00116 0.00074 -0.01333 -0.04873
0.01195 -0.01945 -0.00736 -0.01943 -0.00125 0.00282 0.04322 0.02858 0.00669 -0.00002 0.00030 -0.02970 0.00041 0.00045 0.00049 -0.01841 -0.00970 0.00018 0.00158 -0.00311 -0.02405 0.00011 0.00000 0.00425 0.00037 0.00022 -0.00133 0.00047 -0.00005 -0.04453
0.00165 0.11415 -0.01529 0.00016 0.15871 -0.00106 0.00319 0.00017 -0.00008 -0.00635 0.00000 -0.00017 0.00013 -0.00031 0.00015 -0.04375 -0.01615 -0.00004 0.54086 -0.03441 0.00066 0.00028 0.00029 -0.00000 0.00024 0.01543 -0.00777 0.00024 -0.01450 -0.01102
0.01174 -0.01588 -0.01509 -0.04584 0.00000 0.01309 0.06020 0.03376 0.00318 -0.00030 0.00036 -0.01118 0.00602 0.00355 0.00033 -0.00007 -0.00673 -0.00010 -0.00008 -0.01813 -0.02259 0.00017 0.00566 0.00026 0.00000 0.00021 -0.00637 0.00195 -0.01816 -0.04557
0.01212 -0.00003 -0.00728 -0.03089 0.00000 -0.00029 0.02663 0.00136 0.01331 0.00024 0.00727 0.00008 0.02302 0.00750 0.00500 -0.00116 -0.00738 0.00468 -0.00001 -0.00061 0.00001 0.00760 0.01082 0.00007 0.01446 0.00000 -0.00010 0.00990 -0.00643 -0.03317
0.00002 -0.02335 0.20484 -0.01632 -0.00221 0.00149 0.03437 0.03141 0.00142 -0.00006 0.00027 -0.03628 0.00000 0.00037 0.00003 -0.01995 -0.00195 -0.00010 0.00000 -0.00348 -0.01948 0.00052 0.00058 0.00010 0.00019 0.00030 -0.00000 0.00134 -0.25605 -0.06276
0.00070 -0.01000 -0.01515 -0.01795 -0.00028 0.00757 0.02096 0.02644 0.00477 -0.00007 0.00027 -0.02605 0.00003 -0.00013 0.01096 -0.01812 -0.00444 0.00123 0.00094 -0.00893 -0.02856 0.00037 0.00374 0.01221 0.00036 0.00034 0.00003 0.00000 -0.02313 -0.05371
0.00064 -0.01493 0.00000 -0.00010 0.00068 0.01056 0.02868 0.01269 -0.00000 0.00987 0.00000 -0.00042 0.00000 0.01613 0.00006 -0.00024 -0.01593 -0.00000 -0.00014 -0.00047 -0.00353 -0.00000 0.01073 0.00001 0.00001 0.00024 0.00000 0.00004 0.00000 0.96216
0.00011 0.00000 0.00000 -0.00374 0.00001 0.00000 0.00000 0.00000 0.00000 0.00003 0.00000 0.00043 0.00000 0.00001 0.00002 0.00000 -0.00002 0.00000 0.00007 0.00000 0.00000 0.00000 0.00000 0.00008 0.00001 0.00002 0.00000 0.00000 0.00000 0.00000
