1.000 0.036 -0.004 0.000 0.006 0.010 -0.005 0.017 0.003 0.017
0.036 1.001 0.015 0.012 0.006 -0.001 0.015 -0.014 0.010 -0.013
-0.004 0.015 1.000 -0.019 -0.029 -0.036 -0.012 -0.052 -0.023 -0.052
0.000 0.012 -0.019 1.001 0.002 0.002 -0.005 0.000 0.000 0.001
0.006 0.006 -0.029 0.002 1.001 0.026 0.053 0.016 0.037 0.016
0.010 -0.001 -0.036 0.002 0.026 1.002 0.007 0.004 0.000 0.003
-0.005 0.015 -0.012 -0.005 0.053 0.007 1.003 0.046 0.052 0.046
0.017 -0.014 -0.052 0.000 0.016 0.004 0.046 1.005 0.013 0.017
0.003 0.010 -0.023 0.000 0.037 0.000 0.052 0.013 1.005 -0.172
0.017 -0.013 -0.052 0.001 0.016 0.003 0.046 0.017 -0.172 1.036
