-0.00000 -0.00000 0.00000 -0.00000 -0.00000 -0.00000 -0.00000 -0.00000 -0.00002 -0.00000 0.00000 -0.00194 -0.00000 -0.00000 0.00000 0.00000 0.00000 -0.00000 0.00000 0.00000 -0.00000 0.00000 -0.00000 0.00000 0.00000 -0.00000 0.00000 -0.00000 -0.00000 0.00017 0.00001 0.26160 -0.00000 -0.00000 0.00000 -0.00000 0.00000 0.00011 0.00000 -0.00000 -0.00000 0.00000 0.10754 0.00000 -0.00000 0.00000 0.00000 0.10731 0.00000 0.00000
-0.00000 0.00000 -0.00000 -0.00000 -0.00000 0.00000 0.00000 -1.13739 0.00000 0.00000 -0.00000 0.00000 0.00000 -0.00000 0.00000 0.00000 0.00000 0.00000 -0.06705 -0.00223 0.00000 -0.00000 0.02691 -0.00291 -0.00000 0.00000 -0.00000 0.00618 0.00241 -0.00000 -0.34440 -0.00000 -0.00000 -0.00000 -0.00027 -0.00000 -0.00000 -0.00000 -0.00000 0.00000 0.00000 -0.00000 -0.00000 0.00000 0.00000 -0.00000 0.00000 -0.00000 -0.00000 0.00000
0.00000 -0.00000 0.00000 -0.00000 0.00000 -0.00000 -0.00000 0.00000 -0.00000 0.00000 -0.00000 -0.00028 0.00000 -0.00090 -0.00000 -0.00000 0.00000 -0.00000 0.00000 -0.00468 -0.00000 0.26480 -0.00000 0.00000 0.17701 0.10108 0.00000 0.07140 -0.00158 0.00352 0.00000 -0.00000 -0.00000 0.00000 -0.00000 -0.00000 0.00000 -0.01318 -0.00000 -0.00000 -0.00000 0.00016 -0.00000 -0.00000 -0.00000 0.00000 -0.00000 -0.00000 0.00000 0.00000
-0.00000 -0.00000 -0.00000 -0.00000 0.00000 0.00000 0.00000 0.00000 0.00000 -0.00000 -0.00000 -0.00000 -0.00000 0.00000 0.00000 -0.00000 0.00000 -0.00011 0.00000 0.00000 -0.00041 -0.00000 -0.00000 0.00000 0.00000 -0.00000 0.00000 -0.00000 -0.00000 0.00000 0.00000 0.00000 0.00000 0.00000 0.00000 -0.00000 0.00001 -0.00000 0.00000 -0.00000 -0.00000 0.00008 0.00000 0.00000 -0.00000 -0.22713 -0.00000 -0.00000 0.00000 -0.00000
0.00304 -0.00747 0.00000 0.00000 0.00000 0.00000 0.00000 0.00907 -0.00000 0.00000 -0.00000 -0.05118 -0.00613 0.00000 0.00000 0.00000 0.00000 -0.00000 0.00056 0.00000 -0.00000 0.00000 -0.00522 0.00107 0.00000 -0.07874 -0.00000 -0.00013 -0.00000 0.00212 0.01252 0.00481 -0.00000 0.00000 0.00000 -0.00000 0.00000 0.01626 -0.00000 -0.00000 -0.00000 0.00000 0.00076 0.00000 -0.00000 0.02304 -0.01015 -0.02061 -0.00000 0.00000
-0.00000 -0.00000 -0.00000 0.00000 0.00000 -0.00000 0.00000 -0.00000 0.00000 0.00000 -0.00000 0.00000 0.00000 -0.00008 0.00000 0.00000 0.00000 -0.00000 0.00000 -0.00000 -0.00000 -0.00000 -0.00000 -0.00000 0.00000 -0.00000 -0.00000 0.00000 -0.00000 0.00000 -0.00000 -0.00000 -0.00000 0.00000 -0.00000 -0.00000 -0.00000 -0.00000 0.00000 0.00000 0.00000 -0.00013 0.00000 0.00000 0.00000 -0.00000 -0.00000 -0.00000 -0.00000 0.00000
0.00000 0.00000 0.00000 -0.00000 0.00000 -0.00000 -0.00000 -0.00000 0.00000 -0.00000 0.00000 0.00001 0.00007 -0.00015 -0.00000 -0.00000 0.00000 -0.00000 -0.00003 0.00000 0.00014 -0.00000 -0.00000 0.00000 -0.00000 -0.00000 -0.00000 0.00000 0.00013 -0.00000 -0.00006 0.00000 0.00000 0.00000 -0.00014 -0.00000 -0.00000 -0.00000 0.00000 0.00035 0.00000 -0.00022 -0.00006 0.00000 0.00031 0.00000 -0.00000 -0.00000 -0.00001 0.00000
0.00000 -0.00000 0.00000 -0.00000 0.00000 0.00000 0.00000 0.00000 0.00000 -0.00000 0.00000 -0.00000 -0.00000 0.00000 0.00000 0.00000 0.00000 -0.00000 0.22496 0.00506 -0.00000 0.00000 -0.07790 0.12228 0.00000 -0.00000 -0.00000 -0.00802 -0.00568 0.00000 0.28952 0.00000 -0.00000 0.00000 0.00095 -0.00000 0.00000 0.00000 0.00000 -0.00005 -0.00000 0.00000 0.00000 -0.00000 -0.00000 0.00000 -0.00000 0.00000 0.00000 0.00000
-0.00000 -0.00000 -0.00000 -0.00000 -0.00000 0.00000 0.00000 0.00003 -0.00000 -0.00000 -0.00000 -0.00010 -0.00000 0.00000 0.00000 -0.00000 -0.00000 -0.00000 0.00000 0.00000 0.00000 -0.00000 0.00000 -0.00000 -0.00000 -0.00005 -0.00000 -0.00000 0.00000 -0.00000 0.00000 -0.00000 -0.00000 -0.00000 -0.00000 0.00000 0.00001 -0.00000 -0.00000 0.00002 -0.00000 0.00000 0.00000 0.00000 -0.00000 -0.00000 -0.00000 -0.00000 0.00000 -0.00000
0.00000 0.00000 -0.00000 0.00000 -0.00000 -0.00000 -0.00000 -0.00000 0.00000 -0.00000 0.00000 0.00000 0.00000 0.00000 -0.00000 -0.00000 0.00000 -0.00000 0.00000 0.00000 -0.00000 -0.00000 -0.00000 -0.00000 0.00000 -0.05559 -0.00000 0.00000 -0.00000 0.00000 -0.00000 -0.00000 -0.00000 0.00000 0.00000 -0.00000 0.00000 -0.00000 0.00000 0.00000 0.00000 0.00000 -0.00000 -0.00000 -0.00000 0.00000 -0.00000 -0.00000 -0.00000 0.00000
0.00000 0.00000 0.00000 0.00000 0.00000 -0.00000 -0.00000 0.00000 0.00000 -0.00000 -0.00000 0.00000 0.00000 -0.00000 -0.00008 0.00000 -0.00000 0.00000 -0.00000 0.00000 0.00000 0.00000 -0.00000 -0.12519 0.00000 0.00000 0.00000 0.00000 -0.00000 -0.00000 0.00000 0.00000 0.00000 0.00000 -0.00000 0.00855 -0.00000 -0.00000 0.00000 -0.12440 -0.00000 -0.00000 -0.00000 -0.00000 0.00000 0.00000 -0.00000 -0.00000 -0.00000 0.00000
-0.00000 0.26601 0.00000 0.00000 -0.00000 -0.00000 -0.00000 -0.90174 0.00000 -0.00000 -0.00000 0.00000 0.00000 -0.00000 0.00000 0.00000 -0.00000 0.00000 -0.04537 -0.00021 0.00000 -0.00000 0.03565 -0.01151 -0.00000 0.00000 0.00000 0.00151 0.00030 -0.88554 -0.32114 -0.00000 0.00000 -0.00000 -0.00000 0.00000 0.00000 -0.00000 0.00000 0.00000 0.00000 -0.00000 -0.00000 0.00000 0.00000 -0.00000 0.00887 -0.00000 -0.00000 -0.00000
-0.00000 0.03767 0.00000 0.00000 0.00000 -0.00000 0.00000 -0.00531 0.00000 0.00000 -0.00000 0.42784 0.00000 0.00000 -0.00000 0.00000 -0.00000 0.00000 -0.00452 -0.00000 -0.00000 -0.00000 0.00060 -0.00031 -0.00000 0.00000 0.00000 0.00000 0.00000 -1.15548 -0.00983 0.00000 -0.00000 -0.00000 -0.00000 -0.00000 0.00000 0.00000 -0.00000 0.00000 0.00000 0.00000 -0.00000 -0.00000 0.00000 -0.00000 -0.06803 -0.11598 -0.00000 0.00000
0.00606 -0.01329 0.00000 -0.00000 0.16481 0.00005 -0.00000 0.04101 -0.00000 0.00000 -0.00000 -0.04905 -0.04613 0.00000 0.00000 -0.00000 0.00000 -0.00088 0.00546 0.00000 -0.00000 0.00000 -0.00147 0.00031 0.00000 -0.00845 -0.00000 -0.00000 -0.00000 0.00934 0.02544 0.00869 -0.00000 0.00439 0.00000 -0.00000 0.00000 1.43860 0.00000 -0.00000 -0.00000 0.00000 0.09794 0.00000 -0.00000 0.00000 -0.09429 -0.07747 0.11510 -0.00000
-0.00000 -0.00000 0.00000 0.00000 -0.00000 -0.00000 0.00000 -0.00000 0.00000 -0.00000 -0.00000 -0.00000 -0.00000 -0.00000 -0.00000 0.00000 -0.00000 0.00000 0.00000 -0.00000 0.00000 -0.00000 0.00000 0.00000 0.00000 0.00000 0.00000 -0.00000 0.00000 -0.00000 0.00000 0.00000 -0.00000 0.00000 -0.00000 -0.00000 0.00000 0.00000 -0.00000 -0.00000 -0.00000 0.00000 -0.00000 0.00000 0.00000 -0.00000 0.00000 0.00000 -0.00000 -0.00000
-0.00000 0.00000 0.00000 0.00000 0.00000 -0.00000 0.00000 -0.00001 0.00000 0.00000 0.00000 0.00000 0.00000 -0.00000 0.00000 -0.00000 -0.00000 -0.00000 -0.00000 0.00000 0.00001 0.00000 0.00000 0.00000 0.00000 -0.00000 -0.00000 -0.00000 0.00000 -0.00004 -0.00000 -0.00000 -0.00000 0.00000 -0.00000 0.00000 0.00000 0.00000 0.00000 0.00000 -0.00000 -0.00000 0.00000 -0.00006 0.00000 0.00000 0.00000 0.00000 -0.00000 0.00000
-0.00000 0.00000 0.00000 -0.00000 0.00000 0.00001 -0.00000 0.00000 -0.00000 -0.00000 -0.00000 0.00000 0.00000 0.00000 -0.00000 0.00000 -0.00000 -0.00000 0.00000 -0.00000 0.00000 0.00000 0.00000 0.00000 0.00000 0.00000 0.00000 -0.00000 -0.00000 -0.00000 -0.00000 -0.00000 0.00000 -0.00000 0.00000 -0.00000 0.00000 -0.00000 0.00000 0.00000 -0.00000 -0.00000 0.00000 0.00000 -0.00000 0.00000 0.00000 -0.00000 -0.00000 0.00000
0.00000 0.00097 -0.00000 -0.00000 -0.83249 -0.00000 -0.00000 0.00000 0.00000 0.00000 0.00000 -0.00000 0.00186 -0.00019 0.00000 -0.00000 -0.00000 0.00000 -0.00002 0.00000 -0.00000 -0.00000 0.00000 -0.00000 -0.00000 0.18918 0.00000 -0.00000 -0.00000 0.00000 -0.00094 0.00000 0.00000 -0.00000 0.00000 0.00000 0.00000 -0.00219 0.00000 0.00000 0.00000 -0.00034 -0.00095 -0.00000 0.00000 -0.22469 0.00000 -0.00000 -0.00000 -0.00000
0.00000 -0.00000 0.00000 -0.00000 0.00000 0.00000 -0.00000 0.00000 -0.00000 0.00000 0.00004 -0.00000 -0.00000 0.00000 0.00000 -0.00000 0.00000 -0.00000 0.00000 0.01212 -0.00000 0.00000 -1.64647 0.40013 -0.00000 -0.00000 -0.00000 -0.00377 -0.01579 0.00000 0.00000 0.00000 -0.00000 0.00000 0.01048 -0.00017 0.00000 0.00000 0.00000 -0.00137 -0.00000 0.00000 0.00000 -0.00000 -0.00023 0.00000 -0.00000 0.00000 0.00000 0.00000
0.00255 -0.00000 0.00000 -0.00000 0.00000 -0.00000 0.00000 0.00000 -0.00000 0.00173 0.00000 -0.00000 -0.00000 0.00026 0.00000 0.00000 0.00000 -0.00342 0.00000 0.00000 -0.00027 0.01079 -0.00000 0.00000 0.00000 -0.00070 -0.00000 -0.00000 -0.16663 0.00000 0.00000 0.00119 -0.00000 0.00533 0.56575 -0.08793 0.00000 0.00001 0.00000 -0.12588 -0.01237 0.00184 0.00056 -0.00000 -0.04826 0.00252 -0.00000 0.00000 0.00015 0.00000
-0.00000 0.00715 0.00000 0.00000 -0.54130 -0.00000 0.00000 -0.01558 -0.00000 0.00000 0.00000 0.00485 0.01126 -0.36054 0.00000 0.00000 0.00000 0.00000 -0.00349 -0.00000 0.00000 -0.00000 0.00090 -0.00012 -0.00000 0.02367 0.00000 0.00000 0.00000 -0.41330 -0.01593 -0.00210 -0.00000 0.00000 -0.00000 -0.00000 -0.00000 -0.15631 0.00643 0.00000 0.00000 -0.00000 -0.02857 0.00000 0.00000 -0.00000 0.00747 0.00000 0.00000 0.00000
0.00584 -0.01195 0.00000 -0.00000 0.00750 0.00000 0.00000 0.00306 0.00000 0.00592 0.00000 -0.02873 -0.01839 0.20201 0.00036 0.00012 -0.00000 -0.02545 0.00007 0.00000 -0.08177 0.00000 -0.00000 0.00000 -0.00000 -0.30476 -0.00592 -0.00000 -0.00000 0.03824 0.00056 0.01244 0.00000 0.00050 0.00000 -0.03032 0.00000 0.07617 0.00314 -0.00000 -0.00000 0.16145 0.12123 0.00000 -0.00000 0.00006 -0.01323 0.00421 0.15103 0.00000
-0.00013 0.00000 -0.00000 0.00000 -0.00000 0.00000 0.00000 -0.00000 0.00000 0.00000 -0.00748 0.00000 0.00000 -0.00000 0.00000 0.00000 0.00000 0.00000 -0.00000 -0.00881 0.00000 -0.00000 0.00000 -0.56581 0.00000 0.00000 0.00000 0.03153 0.13122 -0.00000 -0.00000 -0.00000 0.00000 -0.00004 -0.05365 0.00107 -0.00000 -0.00000 -0.00000 0.00591 0.00019 -0.00000 -0.00000 0.00000 0.00115 -0.00000 0.00000 -0.00000 -0.00000 -0.00056
0.00000 -0.00000 0.00017 -0.00000 0.00000 0.00000 0.00000 0.00000 -0.00000 0.00000 -0.00000 -0.00000 -0.00000 0.00000 0.00000 -0.00000 0.00000 -0.00002 0.00000 0.07409 -0.00000 0.00039 -0.00000 0.00000 -0.00000 -0.00000 -0.00000 -0.91548 -0.05318 0.00000 0.00000 0.00000 -0.00000 0.00013 0.13805 -0.00531 -0.00000 0.00000 0.00000 -0.01553 -0.00120 0.00000 0.00000 -0.00000 -0.00515 0.00000 -0.00000 0.00000 0.00000 0.00215
0.00000 -0.07291 0.00000 -0.00000 -0.00000 -0.00000 -0.00000 0.00251 -0.00000 0.00000 0.00000 -0.17569 -0.06654 0.00050 0.00000 -0.00000 -0.00000 -0.00212 -0.01449 0.13193 -0.00053 0.00289 0.00811 -0.00000 0.00000 0.85043 0.00000 -0.28977 -0.06314 0.00291 -0.02425 0.00000 -0.00000 0.00063 -0.01727 0.03280 0.00000 -0.01790 -0.00000 0.01294 0.00000 0.04924 -0.00000 0.00000 0.00000 0.00000 -0.00000 -0.00000 0.01115 0.00000
0.00000 0.05516 0.00000 -0.00000 -0.00000 -0.00000 -0.00001 -0.03165 -0.00000 -0.00000 0.00000 0.03789 0.09814 -0.00000 -0.00000 -0.00016 0.00000 0.00000 -0.00338 0.00000 0.00000 -0.00000 0.00107 -0.00022 0.00000 0.00000 -0.00000 0.00000 -0.00000 -0.01799 -0.01471 -0.00000 0.00000 -0.00000 -0.00000 0.00003 -0.00000 -0.89556 -0.00000 0.00000 0.00000 -0.00000 -0.03020 -0.00000 0.00000 -0.00000 0.00123 -0.00653 -0.01982 0.00000
0.00000 -0.00000 -0.00000 0.00000 0.00000 -0.00000 -0.00000 -0.08975 0.00000 0.00000 0.00000 0.00000 -0.00000 0.00000 0.00000 -0.00000 0.00000 0.00000 0.00000 -0.00000 -0.00000 0.00000 -0.00000 -0.00000 -0.00000 -0.00000 -0.00000 -0.00000 0.00000 0.00000 0.00000 0.00000 0.00000 -0.00000 -0.00000 -0.00000 0.00000 0.00000 0.00000 0.00000 0.00000 0.00000 0.00000 0.00000 0.00000 0.00000 0.00000 -0.00000 0.00000 -0.00000
-0.00000 0.00000 -0.00000 -0.00000 -0.00000 -0.00000 -0.00000 -0.00000 0.00000 -0.00000 0.00000 0.00000 0.00000 -0.00000 -0.00000 0.00000 -0.00000 0.00046 -0.00000 -1.46078 0.00000 -0.00237 0.00000 -0.00000 0.00000 0.00011 0.00000 0.00000 0.02912 -0.00000 -0.00000 -0.00000 0.00000 -0.00241 -0.55826 0.04207 -0.00000 -0.00000 -0.00000 0.04611 0.00699 -0.00027 -0.00005 -0.00000 0.01867 0.00000 0.00000 -0.00000 -0.00000 -0.00000
-0.00000 0.00000 -0.00000 -0.00000 0.00000 -0.00000 0.00000 -0.00000 0.00000 -0.00000 -0.00000 0.00000 0.00000 -0.00022 0.00000 -0.00000 0.00000 0.00137 -0.00000 -0.00000 0.00024 -0.00431 0.00000 -0.00000 -0.00000 0.00031 -0.00000 0.00000 0.00000 -0.00000 -0.00000 -0.00000 0.00000 0.00000 -0.88481 0.00000 -0.00000 -0.00000 0.00000 0.07673 0.01585 -0.00205 -0.00058 0.00000 0.01091 0.00000 0.00000 -0.00000 -0.00007 -0.00000
0.00000 -0.18313 0.00000 -0.00000 0.00000 -0.00000 0.00000 0.18747 -0.00000 0.00000 0.00000 -0.00000 -0.00000 0.00000 0.00000 -0.00000 -0.00000 -0.00000 0.05931 0.00023 -0.00000 0.00000 -0.00253 0.00924 0.00000 -0.00000 -0.00271 -0.00125 -0.00028 0.00000 0.18047 0.00000 -0.00000 0.00000 0.00000 -0.00000 0.00000 0.00000 0.00000 -0.00000 -0.00000 0.00000 0.00000 -0.00000 -0.00000 0.00000 -0.00000 0.00000 0.00000 0.00000
0.00000 -0.00000 -0.00000 -0.00000 0.00000 0.00000 0.00000 0.00000 -0.00000 -0.00000 -0.00000 -0.00000 -0.00000 0.00000 -0.00000 0.00000 0.00000 -0.00000 1.52592 0.00690 -0.00000 0.00000 -0.01811 0.16513 -0.00000 -0.00000 -0.00000 -0.00382 -0.01420 0.00000 0.00000 0.00000 -0.00000 0.00000 0.00259 -0.00000 0.00000 0.00000 -0.00000 -0.00029 -0.00000 0.00000 0.00000 -0.00000 -0.00000 0.00000 -0.00000 0.00000 0.00000 -0.00000
0.00000 -0.00340 0.00000 -0.00000 0.00000 0.00000 -0.00000 0.00000 -0.00000 -0.00000 0.00000 -0.00000 -0.00345 0.00000 0.00000 -0.00000 -0.00000 -0.00000 0.00032 0.00000 -0.00000 0.00000 -0.00000 0.00002 -0.00000 -0.00000 -0.00000 -0.00000 -0.00000 0.07420 0.00273 0.00000 -0.00000 -0.00000 0.00000 -0.00000 0.00000 0.00770 0.00000 -0.00000 -0.00000 0.00000 0.21823 0.00000 -0.00000 0.00000 -0.00000 0.09484 0.00000 0.00000
-0.00000 -0.00000 -0.15811 0.00000 0.00000 -0.00000 -0.00000 0.00000 0.00000 0.00000 0.00000 -0.00000 -0.00000 0.00000 -0.00000 0.00000 0.00000 -0.00000 0.00000 -0.00000 -0.00000 0.00012 -0.00000 0.00000 0.00027 0.00000 0.00000 0.00000 -0.00000 0.00000 0.00000 -0.00000 -0.00000 -0.00000 -0.00000 0.00000 -0.00000 -0.00000 -0.00000 -0.00000 -0.00000 0.00000 0.00000 -0.00000 -0.00000 0.00000 -0.00000 0.00000 0.00000 0.00000
-0.00000 -0.00000 0.00000 0.00000 0.05550 0.00000 0.00000 0.00000 -0.00000 0.00000 0.00000 -0.00000 -0.00000 -0.00000 0.00000 -0.00000 -0.00000 -0.19692 0.00000 0.00000 0.00000 -0.00165 -0.00000 -0.00000 0.00000 -0.14430 -0.00000 -0.00000 -0.00000 -0.00000 0.00004 -0.00000 -0.00000 -0.00000 0.00000 -0.00000 -0.00000 -0.00000 0.00000 -0.00000 0.00030 0.00000 0.00000 -0.00000 -0.00000 0.13296 -0.00000 -0.00000 -0.00000 -0.00000
0.00701 -0.00000 0.00000 -0.00000 0.00008 0.00000 0.00002 0.00000 -0.00000 0.00273 0.00000 -0.00000 -0.00017 0.00124 0.00000 0.00000 0.00000 -0.01146 0.00000 0.00000 -0.00124 0.01268 -0.00000 0.00000 -0.00000 -0.00297 -0.00000 -0.00000 -0.00000 0.00000 0.00000 0.00552 -0.00000 0.02272 0.00000 -0.05478 0.00000 0.00034 0.00119 -0.53417 -0.04765 0.00740 0.00282 -0.00000 -0.22969 0.00702 -0.00000 0.00118 0.00074 0.00000
0.00000 0.00036 -0.00000 -0.00000 -0.00000 -0.00000 0.00000 -0.00006 -0.00000 -0.00000 0.00000 0.00095 0.00940 -0.01842 -0.00000 0.00000 -0.00000 0.00166 -0.00000 -0.00000 0.02187 -0.00000 0.00000 -0.00000 0.00000 0.00571 0.00000 0.00000 0.00000 -0.00104 -0.00000 0.00000 0.00000 0.00000 -0.00000 0.00000 -0.00000 -0.01486 -0.00000 0.00000 0.00000 -0.07102 -0.03717 -0.00000 0.00000 0.00000 0.00000 -0.00000 -0.02727 -0.00000
0.00000 -0.00005 0.00750 0.00000 -0.00000 -0.00000 -0.00000 0.00023 0.00000 -0.00000 -0.00000 -0.00046 -0.00012 -0.00000 0.00000 -0.00000 0.00004 0.00000 0.00000 0.00000 0.00000 0.00000 -0.00000 0.00000 0.00000 0.00000 -0.00000 -0.00000 -0.00000 -0.00000 0.00020 -0.00000 -0.10405 -0.00000 0.00000 -0.00000 -0.00000 0.00000 -0.00000 0.00000 -0.00000 0.00000 0.00000 -0.00000 -0.00000 0.00000 0.00000 -0.00000 -0.00000 0.00000
0.00000 -0.06180 -0.00000 -0.00000 0.00000 0.00000 0.00005 0.05458 -0.00000 0.00000 -0.00000 -0.29202 -0.00720 0.00000 0.00005 -0.00000 -0.00000 -0.00000 0.02615 0.00000 -0.00000 0.00000 -0.00852 0.00201 -0.00000 -0.00000 -0.00558 -0.00014 -0.00000 0.11035 0.01017 0.00000 -0.00000 0.00000 0.00000 -0.00000 0.00000 0.00000 0.00000 -0.00000 -0.00000 0.00000 0.00000 -0.00030 -0.00000 0.00000 -0.01474 -0.01639 0.11652 -0.00000
0.00000 -0.00494 -0.00000 0.00000 0.66704 -0.00000 0.00000 0.00000 0.00000 0.00000 0.00000 -0.00232 -0.00432 0.00000 0.00000 0.00000 0.00000 0.12842 -0.00000 -0.00000 0.00000 0.00000 0.00000 -0.00000 -0.00000 0.00000 -0.00000 0.00000 -0.00000 0.00000 0.00000 0.00000 -0.00000 -0.00000 0.00000 0.00000 0.00000 0.00000 -0.00000 0.00000 -0.00000 -0.00000 0.00000 0.00000 0.00000 -0.00000 -0.00000 0.00000 0.00000 -0.00000
-0.00000 0.00000 -0.00000 0.00000 -0.00000 -0.00000 -0.00000 -0.00000 0.00000 -0.00000 -0.00000 0.00012 0.00214 -0.01169 0.00000 -0.00000 -0.00000 0.01647 -0.00000 -0.00000 0.01144 -0.16817 0.00000 -0.00000 0.00000 0.02792 0.00000 0.00000 0.00000 -0.00016 -0.00000 -0.00491 0.00000 -0.01376 -0.00000 0.04092 -0.00000 -0.00348 -0.00000 0.00000 0.13453 -0.05159 -0.02404 0.00000 1.29332 -0.00262 -0.00000 -0.00000 -0.00648 0.00000
-0.01143 0.00213 -0.00000 0.00000 -0.01015 0.00000 -0.00000 -0.00049 -0.00000 -0.00164 -0.00000 0.00486 0.05641 -0.02930 -0.00000 -0.00000 0.00000 0.00498 -0.00000 -0.00000 0.00783 -1.04228 0.00000 -0.00000 0.00000 0.06728 0.00000 0.00000 0.00000 -0.00620 -0.00003 -0.01536 0.00000 -0.00369 -0.00000 0.06345 -0.00000 -0.01001 -0.00654 0.00000 0.00000 -0.11785 -0.01946 0.00000 0.00000 -0.01195 0.00327 -0.00273 -0.01128 -0.00033
0.00000 -0.04350 0.00000 -0.00000 0.09695 0.00000 0.00000 0.00438 -0.00000 0.00000 -0.00000 -0.07328 -0.02101 0.76240 0.00000 -0.00000 -0.00000 -0.00000 0.00083 0.00000 -0.77594 0.00000 -0.00014 0.00000 0.00000 -0.02937 -0.00000 -0.00000 -0.00000 0.01724 0.00412 0.00000 0.00000 0.00000 0.00000 0.00000 -0.00000 0.11846 -0.00000 -0.00000 -0.00000 0.00000 0.01657 -0.00000 -0.00000 0.00000 -0.00212 -0.03778 0.00019 -0.00000
0.00000 -0.04569 0.00000 0.00000 -0.00050 -0.00000 0.00000 0.01669 -0.00000 0.00000 -0.00000 -0.07765 -0.09570 0.00000 0.00000 0.00000 0.00000 -0.00000 0.00220 0.00000 -0.00000 0.00000 -0.00068 0.00015 -0.00000 -0.00000 -0.00000 -0.00000 -0.00000 0.04052 0.00883 0.00000 -0.00000 0.00000 0.00000 0.00000 0.00000 0.48967 0.00066 -0.00000 -0.00000 0.00000 0.00000 0.00000 -0.00000 0.00000 -0.00000 0.11522 0.04756 0.00000
-0.00000 -0.00000 -0.00000 -0.00000 -0.00000 0.00000 -0.00000 0.00000 0.00000 -0.00000 0.00000 -0.00004 0.00000 0.00000 -0.00000 0.00000 0.00000 -0.00000 0.00000 0.00000 0.00000 -0.00000 -0.00000 0.00000 -0.00000 -0.00000 0.00000 0.00000 0.00000 0.00000 -0.00000 -0.00000 -0.00000 -0.00000 0.00000 0.00000 -0.00000 0.00004 0.00000 0.00000 -0.00000 0.00000 0.00000 -0.00000 -0.00000 0.00000 0.00000 -0.00000 0.00000 -0.00000
-0.00648 0.00030 -0.00000 0.00000 -0.00373 0.00000 -0.00006 -0.00002 0.00000 -0.00000 -0.00000 0.00080 0.01055 -0.03385 -0.00000 -0.00000 -0.00000 0.02734 -0.00000 -0.00000 0.04990 -0.36508 0.00000 -0.00000 0.00000 0.01314 -0.00000 0.00000 0.00000 -0.00100 -0.00000 -0.01525 0.00000 -0.00935 -0.00000 0.08048 0.00000 -0.01521 -0.00386 0.00000 1.33910 -0.01297 -0.05675 0.00000 0.00000 -0.00836 0.00012 -0.00000 -0.03092 -0.00000
-0.00000 -0.00000 0.00000 -0.00000 0.00000 -0.00000 -0.00000 -0.00000 -0.00000 0.00000 -0.00000 0.00000 -0.00011 0.00000 0.00000 0.00000 0.00000 -0.00000 0.00000 0.00000 -0.00000 0.00000 0.00000 0.00000 0.00034 -0.12686 -0.00000 -0.00000 -0.00000 -0.00000 0.00192 0.00000 0.00000 0.00000 0.00000 0.00000 0.00000 0.00077 0.00000 -0.00000 -0.00000 0.00000 0.00000 -0.00000 -0.00000 0.00000 -0.00000 0.00000 -0.00000 0.00000
-0.00000 0.02130 0.00000 -0.00000 -0.00000 -0.00000 0.00000 -0.00000 0.00000 0.00000 0.00000 0.00000 0.00000 -0.00000 0.00000 0.00000 0.00000 0.00000 -0.00068 -0.00000 0.00000 -0.00000 0.00000 -0.00127 -0.00000 -0.00000 0.00000 0.00045 0.00000 -0.00004 -0.07285 -0.00000 -0.00000 -0.00000 -0.00000 0.00000 -0.00000 -0.00000 -0.00000 0.00000 0.00000 -0.00000 -0.00000 0.00000 0.00000 -0.00000 -0.00000 -0.00000 -0.00000 0.00000
0.00000 0.00000 -0.00000 -0.00000 0.00000 -0.00000 0.00000 -0.00000 -0.00000 -0.00000 0.00000 -0.00483 -0.00000 -0.00000 -0.00000 0.00000 -0.00000 0.00000 0.00000 0.00000 0.00000 0.00000 -0.00000 0.00000 -0.00000 -0.00000 -0.00000 -0.00000 -0.00000 0.03763 -0.00000 0.00000 -0.00000 -0.00000 0.00000 0.00000 -0.00000 -0.00000 0.00000 -0.00000 -0.00000 -0.00000 0.00000 0.00000 -0.00000 0.00000 0.03479 0.00000 0.00000 -0.00000
-0.00000 -0.01261 -0.00000 0.00000 0.00000 -0.00000 0.00000 0.02791 -0.00000 0.00000 -0.00000 -0.21540 -0.21525 0.00000 0.00000 0.00000 0.00000 -0.00000 0.00844 0.00000 -0.00000 0.00000 -0.00243 0.00086 -0.00000 -0.00000 -0.00000 -0.00002 -0.00000 0.06966 0.03593 0.00000 -0.00000 0.00000 0.00000 -0.00000 0.00000 0.00000 0.00000 -0.00000 -0.00000 0.00000 0.00000 -0.00000 -0.00000 0.00000 -0.00021 0.00000 0.00000 0.00000
0.00000 -0.00000 0.52009 -0.00000 0.00000 0.00000 -0.00000 0.00000 -0.00000 0.00000 -0.00000 -0.00310 -0.00000 0.00000 0.00000 0.00000 0.00000 -0.00000 0.00000 0.00000 -0.00000 0.02905 -0.00000 0.00000 0.00982 0.00201 0.00000 -0.00000 -0.00000 0.00000 0.00000 0.00000 0.00000 -0.00000 0.00000 -0.00000 0.00000 0.00000 0.00000 -0.00000 -0.00000 -0.00000 0.00000 -0.00000 -0.00000 0.00000 -0.00000 0.00000 0.00000 -0.00000
