1.000 0.009 0.002 0.015 0.002 0.004 0.002 0.001 0.001 0.004 0.001 0.022 0.011 0.004 0.002 0.009 0.009 0.004 0.002 0.003
0.009 1.000 0.002 0.004 0.002 0.003 0.002 0.002 0.002 0.004 0.002 0.003 0.005 0.003 0.002 0.004 0.004 0.003 0.002 0.003
0.002 0.002 1.000 -0.008 -0.009 -0.009 -0.009 -0.009 -0.009 -0.009 -0.009 -0.007 -0.008 -0.009 -0.009 -0.009 -0.009 -0.009 -0.009 -0.009
0.015 0.004 -0.008 1.000 0.008 0.011 0.008 0.008 0.008 0.011 0.008 0.018 0.014 0.011 0.009 0.013 0.013 0.011 0.009 0.009
0.002 0.002 -0.009 0.008 1.000 0.012 0.011 0.012 0.011 0.012 0.011 0.009 0.011 0.012 0.012 0.012 0.012 0.012 0.011 0.012
0.004 0.003 -0.009 0.011 0.012 1.000 -0.008 -0.008 -0.008 -0.011 -0.008 -0.032 -0.019 -0.012 -0.008 -0.016 -0.017 -0.012 -0.009 -0.010
0.002 0.002 -0.009 0.008 0.011 -0.008 1.000 -0.026 -0.026 -0.025 -0.026 -0.020 -0.022 -0.025 -0.026 -0.023 -0.023 -0.025 -0.026 -0.025
0.001 0.002 -0.009 0.008 0.012 -0.008 -0.026 1.001 0.015 0.016 0.014 0.018 0.018 0.016 0.015 0.018 0.018 0.016 0.015 0.016
0.001 0.002 -0.009 0.008 0.011 -0.008 -0.026 0.015 1.001 0.003 0.003 0.001 0.002 0.003 0.003 0.002 0.002 0.003 0.003 0.003
0.004 0.004 -0.009 0.011 0.012 -0.011 -0.025 0.016 0.003 1.001 0.020 0.016 0.017 0.019 0.020 0.018 0.017 0.019 0.020 0.019
0.001 0.002 -0.009 0.008 0.011 -0.008 -0.026 0.014 0.003 0.020 1.002 -0.010 -0.008 -0.005 -0.004 -0.007 -0.007 -0.005 -0.004 -0.004
0.022 0.003 -0.007 0.018 0.009 -0.032 -0.020 0.018 0.001 0.016 -0.010 1.003 0.026 0.016 0.012 0.023 0.023 0.016 0.012 0.013
0.011 0.005 -0.008 0.014 0.011 -0.019 -0.022 0.018 0.002 0.017 -0.008 0.026 1.003 0.016 0.013 0.019 0.019 0.016 0.013 0.014
0.004 0.003 -0.009 0.011 0.012 -0.012 -0.025 0.016 0.003 0.019 -0.005 0.016 0.016 1.002 0.010 0.010 0.010 0.010 0.010 0.010
0.002 0.002 -0.009 0.009 0.012 -0.008 -0.026 0.015 0.003 0.020 -0.004 0.012 0.013 0.010 1.002 0.020 0.021 0.013 0.007 0.010
0.009 0.004 -0.009 0.013 0.012 -0.016 -0.023 0.018 0.002 0.018 -0.007 0.023 0.019 0.010 0.020 1.003 0.011 0.002 -0.006 -0.003
0.009 0.004 -0.009 0.013 0.012 -0.017 -0.023 0.018 0.002 0.017 -0.007 0.023 0.019 0.010 0.021 0.011 1.003 -0.003 -0.017 -0.011
0.004 0.003 -0.009 0.011 0.012 -0.012 -0.025 0.016 0.003 0.019 -0.005 0.016 0.016 0.010 0.013 0.002 -0.003 1.002 0.005 0.002
0.002 0.002 -0.009 0.009 0.011 -0.009 -0.026 0.015 0.003 0.020 -0.004 0.012 0.013 0.010 0.007 -0.006 -0.017 0.005 1.002 0.002
0.003 0.003 -0.009 0.009 0.012 -0.010 -0.025 0.016 0.003 0.019 -0.004 0.013 0.014 0.010 0.010 -0.003 -0.011 0.002 0.002 1.002
