0.00000 0.26101 0.00028 0.00000 -0.00000 0.00000 -0.00000 0.00034 -0.00000 0.00000 0.00826 -0.96321 -0.25674 0.01049 0.00000 -0.00000 -0.00000 -0.00000 0.00004 -0.00000
0.00000 0.00000 -0.00000 -0.00000 0.00000 0.00000 -0.00000 0.00119 -0.00006 0.00000 0.00010 -0.26820 -0.00000 -0.00000 -0.00000 0.00000 -0.00000 -0.00000 -0.00000 -0.00000
0.00003 -0.00000 -0.00000 -0.00000 0.00000 0.00041 0.00000 0.00000 -0.00000 0.23296 0.00004 -0.03774 0.07792 0.12900 -0.00000 -0.00000 -0.10261 0.00004 0.00000 -0.00015
0.02924 0.03599 -0.00000 0.00000 0.00000 -0.00000 0.00020 -0.00016 -0.00013 -0.00000 -0.00000 0.23184 0.05878 0.00000 0.00000 0.01399 -0.00000 0.00000 -0.00000 -0.00012
0.00006 0.00000 0.00001 -0.44347 -0.00000 0.00000 0.00000 -0.00000 -0.00000 0.00000 0.00000 -0.00000 0.00038 -0.27365 -0.00000 0.00025 0.00000 0.00004 -0.00006 0.00002
0.00015 0.03961 0.00000 1.20342 0.00970 -0.00000 0.00000 0.00000 -0.00000 -0.00000 0.00000 0.00000 0.06082 -0.00000 0.00038 0.17678 -0.00023 -0.00000 0.00000 0.00000
-0.00003 0.08332 0.00000 0.00053 0.00001 0.04803 -0.00000 0.00027 0.00000 -0.00000 -0.00000 -0.00144 0.05360 -0.00000 0.00000 0.17041 0.00021 0.30856 0.00000 0.00029
0.01623 0.00014 0.00000 -0.00011 0.00000 -0.00016 0.00013 -0.00000 0.00000 -0.00031 0.00002 -0.00003 -0.37357 -0.00000 0.00000 0.00011 -0.00008 0.00050 -0.00000 -0.00002
0.00000 0.00012 -0.00000 0.00000 0.00000 0.00000 -0.00017 0.00000 0.00000 -0.00000 -0.00000 0.00000 0.00000 -0.00000 0.00000 -0.00007 0.00010 -0.00000 -0.00007 -0.00002
0.18514 0.15090 0.00000 -0.00065 0.00000 -0.00002 -0.00000 -0.00002 -0.00000 0.00000 0.00054 -0.00001 -0.30694 0.00287 0.00000 -0.00000 -0.34143 -0.00000 -0.00004 -0.18782
0.00049 -0.00000 0.00089 -0.00000 -0.00000 -0.00005 0.00000 -0.00000 -0.00000 0.00036 -0.00000 -0.00000 0.00046 0.00031 -0.00000 0.00000 0.00019 -0.00009 -0.00000 0.00000
0.00000 0.00000 -0.00026 0.00000 -0.00000 -0.00000 -0.00008 -0.00000 0.00021 -0.00000 -0.00847 0.00000 -0.00000 -0.00023 -0.00006 0.00000 0.00000 -0.00000 -0.00008 0.00000
-0.00000 -0.02979 -0.00000 0.00000 0.00000 -0.00000 0.00000 0.00000 -0.00000 -0.00000 -0.00026 -0.99269 0.00000 0.00020 0.00000 0.00000 0.00003 0.00000 0.00010 0.00053
0.00024 -0.01106 0.00000 0.22075 -0.00000 -0.00000 0.00000 -0.00005 0.00000 0.00000 0.00004 -0.01046 0.00024 0.00000 0.00003 -0.00009 -0.00000 -0.00148 0.00001 -0.00000
0.11999 0.00000 0.00000 0.00008 -0.00000 0.00022 0.00001 0.00000 0.00003 -0.00000 -0.00001 -0.04426 0.00095 0.00000 -0.00000 -0.24325 -0.00000 0.00051 -0.00000 -0.00000
-0.11544 0.30262 -0.00000 0.00000 0.00161 -0.00000 0.00000 0.00055 -0.00042 -0.00012 0.00000 0.00038 0.12096 -0.00111 -0.00000 0.00000 0.00037 -0.00000 -0.00000 0.00011
-0.37012 -0.17814 -0.00000 0.00080 0.00011 -0.00012 0.00185 -0.00023 0.00009 -0.00000 -0.00000 0.05230 0.01149 -0.09507 0.00000 0.00025 0.00000 0.00174 0.00000 0.00000
-0.00000 0.19719 -0.00000 0.04021 0.00031 0.19774 -0.00000 0.00027 0.00000 0.00021 -0.00000 -0.04536 0.13355 -0.00009 0.00068 0.54229 0.00023 -0.00000 -0.00000 0.00004
0.00000 -0.00000 0.00000 0.00007 -0.00001 0.00016 -0.00000 -0.00000 0.00000 -0.00009 -0.00000 -0.00000 0.00017 -0.00008 0.00000 -0.00000 0.00002 -0.00000 -0.00000 0.00002
-0.13126 -0.05797 -0.00002 -0.00016 0.00014 -0.00045 0.00014 0.00000 0.00000 -0.00000 0.00000 -0.00000 0.00035 -0.00003 -0.00000 0.00010 0.50383 0.00000 0.00000 -0.00000
