-0.00159 -0.12292 -0.03845 -0.00453 -0.00263 -0.05784 -0.97257 -0.00355 -0.00872 0.15802
-0.01469 0.00140 -0.00775 0.03429 -0.19735 -1.54748 0.00144 -1.45168 0.00114 -0.00234
-0.05692 -0.09317 -0.00312 -0.00338 -0.00546 -0.01391 -0.47832 0.01662 -0.00703 0.11059
-0.94024 0.02120 -0.69825 0.00180 -0.00472 -0.04551 0.07617 -0.00929 0.00757 -0.09312
-0.22924 -0.01596 -0.23713 -1.55125 -0.00318 -0.01891 -0.10150 -0.00031 -0.00262 0.01614
-0.00053 -0.00423 -0.06543 -0.08368 -0.00886 0.01181 -0.00678 0.08427 -0.39002 0.00581
-0.00743 -0.23650 -0.00633 0.00745 -0.01519 -0.48743 0.00111 -0.21161 0.02856 -1.65336
-0.01134 -0.00064 0.02882 -0.12541 -0.11453 -0.09504 -0.00784 -0.00218 -0.97069 0.00119
-0.21239 0.00696 -0.37565 0.28733 -1.11807 -0.01825 0.00989 -0.01239 0.00146 -0.01396
-0.00199 -0.98593 -0.01420 -0.01197 -0.01448 0.82522 -0.00113 0.04661 -0.09156 0.00052
