0.00000 0.00000 0.00000 0.00000 0.00000 0.00000 0.00000 0.00000 -0.39950 0.00000
0.00000 0.00000 -0.47808 0.00000 0.00000 0.00000 0.00000 0.00000 0.00000 0.00000
-0.49051 0.00000 0.00000 0.00000 0.00000 -0.39706 0.00000 0.00000 0.00000 -0.87921
0.00000 0.00000 0.00000 0.00000 0.00000 -0.36749 -0.55083 0.00000 0.00000 0.00000
0.00000 -0.46461 0.00000 0.00000 0.00000 0.00000 0.00000 0.00000 0.00000 0.00000
0.00000 0.00000 0.00000 0.00000 0.00000 0.00000 0.00000 0.00000 0.00000 0.00000
0.00000 0.00000 0.00000 0.00000 0.00000 0.00000 0.00000 -0.50038 0.00000 0.70743
0.00000 0.00000 0.00000 0.00000 -0.51088 0.00000 0.00000 0.00000 0.00000 0.00000
0.00000 0.00000 0.00000 -0.47215 0.00000 1.09717 0.00000 0.00000 0.00000 0.00000
0.00000 0.00000 0.00000 0.00000 0.00000 0.00000 0.00000 0.00000 0.00000 0.00000
