0.00000 -0.00000 -0.00000 -0.07082 -0.00000 -0.12577 0.00071 -0.00010 -0.39950 0.01585
-0.05091 0.00000 -0.47808 -0.00012 -0.00000 -0.16068 0.00000 -0.00000 -0.00576 0.01343
-0.49049 -0.00000 0.00000 -0.00267 -0.00000 -0.39706 0.00003 -0.00001 -0.14024 -0.87921
-0.00000 -0.00010 -0.00001 0.00000 -0.00142 -0.36749 -0.55082 -0.04428 -0.00000 -0.12320
-0.00418 -0.46462 -0.06550 -0.00001 0.00000 -0.13135 0.00000 -0.00000 -0.00020 0.00544
-0.00000 -0.00000 -0.00000 0.00000 -0.00000 0.00000 -0.00000 -0.00000 0.00000 0.00000
-0.00001 -0.00304 -0.00008 -0.00000 -0.03336 -0.09829 0.00000 -0.50032 -0.00000 0.70745
-0.00015 -0.07792 -0.00206 -0.00000 -0.51084 -0.10340 0.00000 0.00000 -0.00001 -0.00259
-0.00000 -0.00001 -0.00000 -0.47213 -0.00005 1.09718 0.00437 -0.00104 0.00000 -0.28287
-0.00000 -0.00000 -0.00000 -0.00000 -0.00000 -0.25888 0.00000 0.00001 -0.00000 0.00000
