0.00000 0.31794 -0.45791 -0.00000 0.00000 -0.00000 -0.00135 -0.00044 0.00000 0.35566 -0.18064 0.00000 -0.00000 -0.00001 0.00000 0.00000 -0.00000 0.00000 -0.09021 0.00000
0.00000 0.00000 -0.00000 -0.00000 0.00000 -0.00000 -0.01168 0.00397 0.00000 0.70315 -0.05282 -0.00000 -0.00000 -0.00047 0.00000 0.00000 -0.00000 0.00000 -0.06339 0.00000
-0.00000 -0.06131 0.00000 0.00000 0.00000 0.00000 0.00000 0.11621 0.00000 -0.46480 0.31475 0.00000 0.00000 -0.00000 0.00000 0.00000 0.00000 0.00000 0.34847 0.00000
-0.10743 0.00000 0.40733 -0.00000 0.00000 0.00046 0.00062 0.00029 0.00121 0.11227 -0.00043 0.00033 0.00565 -0.02992 0.00008 0.00033 -0.00000 0.06042 0.00034 0.00344
-0.07190 -0.00255 -0.00015 -0.00394 -0.00000 0.00003 0.03960 -0.00007 -0.00000 0.04954 -0.01230 -0.00000 -0.00007 0.02087 -0.00000 0.00047 -0.00019 0.16118 -0.00162 0.00039
-0.25310 -0.18294 -0.10131 -0.00000 0.00000 0.00000 0.00002 -0.08506 0.00000 0.03913 -0.09101 0.00000 -0.00000 0.00000 -0.00000 -0.00000 0.00000 -0.00000 -0.07463 -0.00000
-0.00002 -0.00000 0.00000 -0.00000 0.00000 0.00205 0.00000 -0.00028 0.00000 0.00000 0.00000 0.00102 -0.00024 0.46511 0.00009 0.00083 0.00179 -0.03363 -0.00031 0.00064
-0.00000 -0.00000 0.00000 0.00000 0.00009 0.00000 -0.00098 -0.00000 0.00000 -0.00000 0.00000 0.00051 0.00130 -0.00011 0.00000 0.00155 0.00000 0.00000 0.00000 0.00195
-0.05944 -0.00964 0.00000 -0.00055 0.00067 0.00886 0.00004 -0.00000 -0.00000 0.05420 -0.01109 0.00007 -0.00020 -0.02797 0.00021 0.00060 -0.00000 0.02423 -0.00027 0.00033
0.00000 0.00000 -0.00000 -0.00000 0.00000 -0.00000 -0.04846 -0.10439 -0.00000 0.00000 -0.00000 -0.00000 -0.00000 -0.00305 0.00000 -0.00000 -0.00000 0.00004 -0.00000 -0.00000
-0.00000 0.00000 0.00000 0.00000 0.00000 0.00000 -0.00245 0.00557 0.00000 -0.75352 0.00000 0.00000 -0.00000 -0.00008 -0.00000 0.00000 0.00000 0.00000 0.00000 0.00000
-0.13282 -0.01236 0.05323 -0.00022 0.00094 0.00052 0.00028 -0.00026 0.00000 0.00011 0.00029 -0.00000 -0.00084 -0.03402 -0.00000 0.00069 0.00000 0.02245 -0.06244 0.00052
-0.08209 -0.01098 0.00063 -0.00032 0.00022 0.00024 0.00030 -0.00023 -0.00000 0.00100 0.00009 0.00000 -0.00000 -0.03722 0.00008 0.00078 -0.00000 0.01759 -0.00483 0.00000
-0.00338 -0.00015 0.00037 -0.00000 0.00000 0.02822 0.00000 -0.00430 0.00000 0.00000 0.00023 0.00000 0.00000 0.00000 -0.00000 -0.00000 0.00000 -0.40082 -0.00086 0.00000
-0.09200 -0.02750 0.00016 -0.00306 0.00023 0.02661 0.00094 -0.00013 0.00000 0.00015 -0.14741 -0.00005 -0.00056 -0.17575 -0.00000 0.00081 0.00000 -0.00000 -0.01153 0.00016
-0.06703 -0.01269 0.00100 -0.00061 0.00038 0.00248 0.00051 -0.00028 0.00009 -0.00000 0.00011 0.00032 -0.00023 -0.06326 0.00005 -0.00000 0.00000 0.02882 -0.00501 0.00051
-0.05300 -0.04832 0.00101 -0.01154 0.00033 0.30771 0.00033 -0.00015 0.00000 0.02836 -0.00000 0.00015 -0.00042 -0.06590 0.00005 0.00060 -0.00000 0.01647 -0.03441 0.00047
0.00027 0.00047 0.02006 -0.00000 0.00000 -0.42592 -0.00000 -0.00020 0.00000 -0.00081 0.00043 0.00000 -0.00000 -0.00000 0.00000 0.00000 -0.00000 0.00000 0.00009 -0.00000
-0.00000 -0.00000 0.00000 0.00000 0.00000 0.00000 -0.00406 0.06689 0.00000 -0.15466 0.08301 0.00000 -0.00000 -0.00043 0.00000 -0.00000 -0.00000 0.00000 -0.00000 0.00000
-0.08029 -0.01252 0.00129 -0.00017 0.00037 0.00099 0.00062 -0.00030 0.00000 0.00000 0.00039 0.00040 -0.00016 -0.05906 0.00014 0.00039 0.00022 0.03729 -0.00038 -0.00000
