-0.00000 -0.00000 0.00000 0.00000 -0.00009 -0.00000 -0.00000 0.00017 -0.00000 -0.00003 -0.00000 -0.00000 0.00000 -0.00000 0.00001 0.00018 -0.00000 -0.00000 -0.00000 0.00000 -0.00000 -0.08927 -0.00001 0.00000 -0.00000 -0.00000 -0.00000 0.00000 -0.00007 -0.00000
-0.50561 -0.00000 0.05027 0.20006 -0.00003 0.00016 -0.00000 -0.00011 -0.00028 0.00054 -0.00014 -0.00008 -0.18964 0.00653 0.00039 0.01555 -0.00000 0.00000 -0.00022 -0.00000 -0.00103 -0.01744 -0.00128 -0.00076 0.00001 0.04622 0.00013 -0.00142 -0.00066 0.00023
-0.43792 -0.00002 0.00000 -0.88405 -0.00054 -0.00000 0.00011 0.00005 0.00000 -0.00000 0.00000 0.00000 0.00001 0.00000 -0.00024 0.00000 -0.00000 0.00001 -0.00012 -0.00047 0.00029 -0.21803 -0.00017 -0.00000 0.00000 -0.00000 -0.00007 0.00000 -0.00000 -0.00000
-0.22714 0.00000 -0.00000 0.00000 -0.00000 0.00000 0.00000 0.00000 -0.00000 0.00000 0.00000 -0.00000 -0.00000 0.00000 0.00000 -0.00004 0.00000 -0.00000 0.00005 0.00001 0.00000 -0.05701 0.00034 -0.00007 -0.00008 0.00012 -0.00000 -0.00000 0.00001 0.00005
-0.00006 -0.00060 -0.00177 0.04904 -0.00000 0.00144 0.00240 0.00000 0.00015 0.01048 -0.00034 -0.00067 0.00305 -0.00055 0.00000 0.01777 0.00082 -0.00011 0.03502 -0.00009 -0.00003 0.24581 -0.00046 -0.00031 0.00094 0.00016 -0.00011 -0.00193 0.00032 0.00124
-0.17840 0.00048 -0.32924 -0.02224 -0.00000 -0.00000 0.00001 -0.00009 -0.00008 0.00002 -0.00040 -0.00012 0.00000 0.00000 0.00033 0.00245 -0.00000 -0.00000 -0.00000 -0.00006 -0.00025 -0.17703 -0.00125 -0.00745 0.00089 0.00024 0.00029 -0.00010 -0.00000 0.00000
-0.14709 0.08652 0.00099 0.03516 -0.00012 0.03142 -0.00000 0.00007 -0.00017 -0.07741 -0.00073 0.00016 0.00073 -0.00325 0.00067 0.00349 -0.00000 -0.00035 0.03175 0.27908 -0.00000 -0.06380 0.00000 -0.00016 -0.00002 0.07885 -0.00003 -0.00036 -0.00080 -0.13223
-0.00017 -0.00005 -0.00016 0.03856 -0.00216 0.00126 0.00926 -0.00000 -0.00003 0.00011 -0.00086 -0.00000 0.00498 -0.01244 0.00012 0.00289 -0.00082 -0.00045 0.00818 -0.00006 -0.00055 -0.01351 -0.00126 -0.00051 0.00070 0.00003 -0.00010 -0.00222 -0.00043 0.00055
0.21264 -0.00044 -0.00120 0.03486 -0.00072 -0.00017 0.00091 0.00016 -0.00000 0.00090 -0.00047 -0.00011 0.00220 -0.02391 0.00002 0.00272 -0.00003 -0.00050 0.01723 -0.00029 -0.00082 -0.00048 -0.00009 -0.00031 0.00192 -0.00007 0.00011 -0.00324 -0.00074 0.00005
0.00000 0.00069 -0.13619 0.00141 0.00001 -0.00056 -0.00000 0.00003 0.00013 -0.00000 -0.00167 -0.00000 0.00065 0.00051 -0.00080 0.00327 0.00000 -0.00104 0.00034 -0.00001 -0.00091 0.44442 0.00007 0.00029 0.00000 0.00000 0.00009 -0.00078 0.17434 0.00196
0.03308 0.00041 0.00032 0.11981 -0.00014 -0.00015 0.00155 -0.00022 -0.00003 0.00043 -0.00000 -0.00017 -0.10125 -0.08968 -0.00036 0.00093 -0.00093 -0.00096 0.01691 -0.00010 -0.00128 -0.00005 -0.00085 -0.00081 0.00005 -0.00032 -0.00000 -0.01348 -0.00061 0.00074
-0.03267 -0.00000 -0.00023 0.12218 -0.00032 0.01412 0.00197 0.00003 -0.00011 -0.21365 -0.00078 -0.00000 -0.00036 -0.04929 0.00013 0.00059 -0.03670 0.00000 0.00112 -0.13811 -0.00777 -0.15533 -0.00028 -0.04624 -0.00017 -0.34867 -0.00008 -0.03734 -0.00842 -0.09805
0.02853 -0.00000 0.04937 -0.33058 0.00009 0.00109 0.00027 0.00014 -0.00016 0.00115 -0.00000 -0.00102 0.00000 -0.17659 -0.00031 0.00216 -0.00014 0.00049 0.00197 -0.00003 -0.00098 -0.00431 -0.00025 0.00000 -0.00000 -0.01992 -0.00022 0.00000 -0.00023 -0.00993
-0.37331 0.00004 0.07245 0.08709 -0.00029 -0.15991 0.00050 -0.00005 -0.00000 0.00059 0.00000 -0.00000 -0.00000 -0.00000 0.00040 0.00929 0.00016 0.00004 0.00000 -0.00558 -0.00000 0.00008 0.00030 0.00005 -0.00002 0.06399 0.00033 0.00000 -0.00001 0.39846
-0.00045 -0.00002 -0.00925 0.08138 -0.00002 0.00300 0.00645 -0.00002 0.00000 0.00067 -0.00121 -0.00074 0.00037 -0.00280 -0.00000 -0.26261 -0.02585 -0.00043 0.00153 0.00001 -0.00086 -0.00042 -0.00014 -0.16704 0.00000 -0.00034 -0.00087 -0.03079 -0.00030 0.00033
-0.00016 0.00000 0.00870 0.03274 -0.00013 -0.00033 0.00037 0.00000 0.00008 0.00053 -0.00084 -0.00049 -0.00007 0.00038 0.00000 -0.00000 0.00000 0.00000 -0.00010 -0.00011 0.00000 -0.07778 -0.00013 0.14733 -0.00010 -0.00003 -0.00003 -0.00000 0.00009 -0.00012
0.57110 -0.04448 0.00182 0.04463 0.00067 -0.14788 -0.11374 -0.00020 0.00027 0.04953 -0.00087 -0.00000 0.00114 0.00012 0.00001 0.03322 -0.00000 -0.01341 0.02905 -0.01209 -0.00002 0.03967 -0.00015 -0.00046 0.00035 -0.02312 -0.00021 -0.00745 0.00062 0.41785
0.02941 -0.00117 -0.00000 0.07918 0.00005 -0.06790 0.00038 -0.00031 0.00024 0.00092 -0.00095 -0.00042 0.00051 -0.01979 -0.00082 0.02284 -0.00007 -0.00000 -0.00036 -0.14958 -0.00018 -0.12758 -0.01647 -0.03601 0.00027 -0.02610 -0.00000 -0.00434 -0.00033 -0.53791
0.15556 -0.00241 0.00764 -0.00092 -0.00001 -0.00087 -0.00001 0.00011 0.00000 0.00094 0.00000 -0.00182 0.00027 0.28594 -0.00019 0.01153 0.00002 -0.00774 -0.00000 0.09947 -0.00000 0.00008 -0.00026 0.00001 -0.00005 -0.04104 -0.00005 0.00000 -0.00018 0.00148
0.03844 -0.12051 0.00106 -0.00245 -0.00008 0.02109 -0.00000 0.00000 0.00000 -0.00119 -0.00130 -0.00000 0.00407 -0.00000 -0.00082 0.01419 -0.00007 0.00000 -0.00000 -0.00000 -0.00014 -0.00087 0.00007 -0.00001 0.00080 0.21958 -0.00026 0.00008 -0.00003 -0.00000
-0.02078 0.00054 -0.00072 0.09677 -0.00372 0.00996 0.00226 0.00023 -0.00061 0.00084 -0.00099 0.00001 0.00034 -0.02948 -0.00072 0.03117 -0.02027 -0.00034 -0.26300 -0.00065 -0.00000 -0.02985 -0.00180 -0.00099 0.00035 0.00000 -0.00061 -0.00666 -0.00031 -0.00153
-0.00000 0.00000 -0.00000 0.00000 0.00000 0.00000 0.00000 -0.00002 0.00009 0.00000 -0.00013 -0.00000 0.00005 -0.00000 -0.00003 0.00000 -0.00000 -0.00000 -0.00028 0.00100 0.00001 0.00000 0.00000 0.00000 -0.00000 0.00001 -0.00009 -0.00000 0.00000 0.00000
-0.04884 0.00028 -0.00036 0.00273 0.00000 0.00024 0.00606 -0.00006 -0.00142 0.00213 -0.00122 -0.01906 0.02185 -0.00019 -0.00488 0.02263 -0.01471 0.00002 0.01890 -0.00015 -0.00035 0.11086 -0.00000 0.27298 -0.07237 0.00015 -0.00002 -0.10283 -0.00017 0.00034
-0.01484 0.00024 -0.03847 0.00305 0.00011 0.00000 0.00230 -0.00028 -0.00072 0.00205 -0.00078 -0.00000 0.00489 0.00032 -0.00000 0.00000 -0.00066 -0.00001 0.00188 -0.00057 -0.00003 0.12810 -0.00000 0.00000 -0.00000 -0.00032 -0.00006 -0.00000 -0.00003 -0.00071
-0.06313 0.00106 0.01621 0.00184 -0.00108 0.00131 0.01502 0.00013 0.00035 0.00091 -0.00296 -0.01363 0.08400 0.00978 -0.00184 0.01974 -0.00216 -0.00212 0.02575 -0.00000 -0.00161 -0.01221 -0.00000 -0.09606 -0.00000 0.00245 -0.00000 0.21502 -0.00001 0.00262
-0.15158 0.00000 -0.06012 -0.00022 -0.00050 0.00821 0.00000 -0.00009 0.00002 0.13492 -0.00042 -0.00000 0.00007 -0.00000 -0.00165 0.00230 -0.00008 0.00000 0.00000 0.00000 0.00001 -0.01718 0.00026 -0.00298 0.00024 0.00000 0.00013 -0.00072 0.00886 -0.00000
-0.03896 0.00003 -0.00140 0.05369 -0.00008 0.00029 0.01359 0.00005 -0.00060 0.00065 -0.00034 -0.01384 -0.00038 -0.00082 -0.00010 0.01684 -0.00148 -0.02620 0.01530 0.00129 -0.00063 -0.00029 -0.00313 -0.00358 0.03584 0.00016 -0.00000 -0.03421 -0.20970 0.01833
-0.05592 0.00056 0.35877 0.06803 0.00014 0.00046 0.00239 0.00025 0.00018 0.00061 -0.00004 -0.00000 0.08852 0.03538 0.00000 0.01029 0.00018 -0.00065 0.02141 0.00023 0.00009 0.03284 -0.00000 -0.08144 -0.00000 0.00084 0.00000 0.00000 -0.00001 0.00119
0.00023 0.00068 -0.04862 0.01630 0.00012 0.02324 0.00005 0.00000 0.00019 -0.00000 -0.00145 -0.00008 0.00062 -0.00290 -0.00128 0.01042 -0.00008 -0.00426 0.00354 0.00084 -0.00153 0.02778 0.00001 -0.00793 0.01116 0.00009 -0.00000 -0.03052 -0.00000 -0.11967
0.14252 0.00173 -0.07362 -0.02602 0.00139 0.16415 -0.00000 -0.00010 0.00044 -0.00000 -0.00000 -0.00000 -0.00000 0.00000 0.00040 -0.00010 0.00000 -0.00000 0.00000 -0.10619 -0.00057 -0.00108 0.00025 -0.00112 -0.00054 -0.00318 0.00000 -0.00041 -0.00000 0.00000
