0.00000 -0.02673 0.88671 -0.00000 0.01899 -0.00000 -0.00000 -0.00000 0.00170 -0.00036 0.00000 0.00000 -0.04518 0.00000 -0.00004 0.00000 -0.00000 -0.00000 -0.00000 0.00000 0.00851 0.00000 -0.00000 -0.00000 -0.00000 -0.00000 -0.00000 0.00000 0.00000 -0.00000
-0.00000 0.00000 -0.00000 0.00047 0.00000 0.05706 -0.00000 -0.00004 -0.11025 -0.30217 -0.00000 -0.00000 0.00000 0.00000 0.00630 0.00000 0.00000 -0.00000 -0.00000 0.00018 -1.08320 -0.00027 -0.00000 -0.00000 -0.00569 -0.00000 -0.00000 -0.00000 0.00000 0.00000
0.00000 -0.34495 0.00000 -0.00000 0.00000 -0.00115 -0.00000 0.00000 0.00207 0.01065 0.00000 0.00000 -1.41093 -0.00000 -0.00017 -0.00000 -0.00000 0.00000 0.00000 -0.00000 0.03982 0.00000 0.00000 0.00000 0.00010 0.00000 0.00000 0.00000 -0.00000 -0.00000
-0.00000 0.00000 -0.00000 0.00000 0.00000 0.00000 -0.00000 -0.68479 -0.00000 -0.00000 -0.00000 -0.00003 0.00000 0.00043 0.00000 0.12234 0.02532 -0.00000 -0.02453 0.02617 -0.00000 -0.00000 -0.00177 -0.00070 -0.00000 0.00000 -0.00004 -0.77083 0.00000 0.00320
0.00000 -0.24599 0.09030 -0.00003 0.00000 0.03470 -0.00000 0.00017 -0.03386 -0.02269 0.00000 0.00000 0.23170 -0.00000 -0.00091 0.00000 -0.00000 -0.00000 -0.00000 0.00007 -0.00687 0.00000 -0.00000 -0.00000 0.00040 -0.00000 -0.00000 -0.00000 0.00000 -0.00000
-0.00000 0.00000 -0.00000 0.07725 0.00000 0.00000 0.00000 -0.02509 -0.00000 -0.00000 -0.00000 -0.00000 0.00000 0.00000 0.43867 0.00176 0.00047 -0.00000 -0.00018 0.01987 -0.00000 -0.02987 -0.00000 -0.00000 -0.83924 -0.00000 -0.00000 -0.00937 0.00000 0.00000
-0.15371 -0.12206 0.08660 -0.00981 0.00045 0.31355 -0.00000 0.01887 -0.05646 0.00069 -0.00325 0.10018 0.05973 0.03727 -0.03150 0.06877 0.00000 -0.00000 0.02258 -0.01890 0.16494 -0.00005 -0.02658 -0.02946 0.02905 0.07225 -0.00021 0.04745 -0.00000 -0.00739
0.00009 -0.00000 0.00000 -0.00000 0.00000 0.00000 -0.00000 0.00000 -0.00000 -0.00000 0.00113 -0.00061 -0.00000 -0.00691 -0.00000 -0.55933 -0.02636 -0.00000 0.11885 0.45583 -0.00000 0.00000 -0.00294 0.00046 0.00000 -0.00007 0.00031 0.56223 -0.00045 -0.06635
0.00000 -0.00000 0.00000 -0.04113 0.00000 -0.88536 -0.00000 0.00557 0.00000 -0.66567 0.00000 0.00000 -0.00000 -0.00000 -0.36036 -0.00007 -0.00034 -0.00000 0.00000 -0.03541 0.00000 0.02870 0.00000 -0.00000 0.19537 -0.00000 -0.00000 0.00231 -0.00000 -0.00000
0.00000 -0.00000 0.00000 -0.02166 -0.00000 -0.80373 -0.00000 0.00327 -0.00000 0.00000 0.00000 0.00000 -0.00000 -0.00000 -0.10489 -0.00022 0.00006 0.00000 0.00001 -0.01670 0.00000 -0.00099 0.00000 0.00000 0.17829 0.00000 0.00000 0.00208 -0.00000 -0.00000
1.12540 -0.02749 0.52116 -0.00000 0.13041 -0.00000 -0.00000 0.00000 -0.00002 0.00029 0.00000 -0.71508 -0.00058 -0.00000 -0.00000 -0.00000 -0.00000 0.00000 0.00000 0.00000 0.00186 0.00000 -0.00000 0.00000 0.00000 -0.08315 0.00000 0.00000 -0.03648 -0.00000
0.70155 -0.00317 0.24516 0.00000 -0.04708 -0.00001 -0.00000 -0.00000 0.00195 -0.00134 -0.00000 0.00000 -0.04963 0.00000 -0.00006 0.00000 -0.00000 -0.00000 -0.00000 -0.00000 0.01079 0.00000 0.00000 -0.00000 -0.00000 -0.02236 -0.00000 0.00000 0.00000 0.00000
-0.00000 0.93571 -0.00000 0.00003 -0.00000 0.00954 -0.00000 -0.00000 -0.02482 -0.03359 -0.00000 -0.00000 0.00000 0.00000 0.00082 0.00000 0.00000 -0.00000 -0.00000 0.00001 -0.17340 -0.00001 -0.00000 -0.00000 -0.00065 -0.00000 -0.00000 -0.00000 0.00000 0.00000
-0.44116 0.00055 -0.00017 0.00000 -0.00009 0.00000 -0.00000 -0.00000 -0.00000 -0.00000 -0.66235 -0.05680 0.00551 0.00000 0.00000 0.00000 0.00000 -0.00000 -0.00000 -0.00000 0.00000 -0.00000 -0.00000 -0.00000 -0.00000 0.09911 -0.49948 -0.00000 0.07372 0.00000
-0.00000 0.00000 -0.00000 0.54734 0.00000 0.00000 0.00000 -0.08256 -0.00000 -0.00000 -0.00000 -0.00000 0.00000 0.00003 0.00000 0.01831 0.01259 -0.00000 -0.00217 0.13836 -0.00000 -0.38068 -0.00028 -0.00002 -0.00000 0.00000 -0.00000 -0.04373 0.00000 0.00026
-0.00127 0.00000 -0.00015 0.00000 0.00001 0.00000 -0.00000 -0.00000 -0.00000 -0.00000 -0.00455 0.00022 0.00000 0.04949 0.00000 0.00000 0.00000 -0.00000 -1.00174 0.00000 -0.00000 -0.00000 -0.19003 -0.06985 -0.00000 -0.00021 -0.01505 -0.00000 0.00510 0.17538
-0.00480 -0.00000 0.00000 0.00000 -0.00004 0.00000 0.00000 -0.00000 -0.00000 0.00000 -0.01552 -0.03588 0.00000 0.05903 0.00000 0.11666 0.00000 -0.00000 -0.02588 -0.00000 -0.00000 -0.00000 -0.41564 -0.01075 0.00000 0.00502 0.01778 0.00000 0.00005 -0.04169
-0.22184 -0.46351 0.22594 -0.01687 -0.55353 0.42831 -0.19053 0.02024 -0.13060 -0.00032 -0.00174 0.12345 0.27458 0.04920 -0.06701 0.03562 0.00012 -0.00000 0.02651 -0.02537 0.17236 -0.00047 -0.00008 -0.06488 0.02736 -0.00012 -0.00014 0.06327 0.00004 -0.03529
0.00913 -0.00001 0.00134 -0.00000 0.00014 -0.00000 -0.00000 0.00000 -0.00000 0.00000 0.02800 0.02713 -0.00028 -0.23774 -0.00000 -0.00000 -0.00000 -0.00000 0.00000 -0.00000 0.00000 0.00000 0.59899 0.35025 0.00000 0.00206 0.04521 0.00000 -0.02834 -0.40613
0.00000 0.00000 -0.00000 -0.00000 0.00000 0.00000 -0.00000 0.00000 -0.00000 -0.00000 0.00021 -0.00032 0.00000 -0.00112 -0.00000 0.04970 0.00761 -0.00000 -0.00150 0.00000 -0.00000 -0.00000 -0.00681 -0.00230 -0.00000 -0.00002 -0.00025 -0.75535 0.00001 -0.01526
0.00000 -0.00000 0.00000 -0.00370 0.00000 -0.25084 -0.00000 0.00053 0.69783 0.83428 0.00000 0.00000 -0.00000 -0.00000 -0.04442 -0.00000 -0.00000 -0.00000 0.00000 -0.00288 0.00000 0.00165 0.00000 0.00000 0.04882 -0.00000 0.00000 0.00022 -0.00000 -0.00000
0.00000 -0.00000 0.00000 -0.21189 0.00000 0.00000 -0.00000 0.08512 0.00000 -0.00000 0.00016 0.00133 0.00000 -0.00030 -0.00000 0.01495 -0.30383 -0.00000 0.02628 -0.11677 0.00000 0.00000 0.00485 -0.00255 0.00000 -0.00001 -0.00035 0.10578 -0.00000 -0.01132
0.04409 -0.00077 0.02024 -0.00000 0.00029 -0.00000 -0.00000 -0.00000 0.00000 0.00000 0.15327 0.26341 -0.00451 -1.15182 -0.00000 -0.00000 -0.00000 -0.00000 0.00000 -0.00000 0.00016 0.00000 0.00000 -0.00000 0.00000 -0.01765 0.24385 0.00000 -0.09827 0.74281
0.00079 -0.00170 0.03503 -0.00000 0.00471 -0.00000 -0.00000 0.00000 -0.00000 0.00001 0.06281 0.26355 -0.00574 -0.47950 -0.00000 -0.00000 -0.00000 0.00000 0.00000 -0.00000 0.00032 0.00000 0.16065 0.00000 0.00000 0.34757 0.58471 0.00000 -0.07051 0.31603
0.00000 -0.00000 0.00000 -0.89751 0.00000 -0.00000 -0.00000 0.15521 -0.00000 0.00000 -0.00000 0.00000 -0.00000 -0.00000 -0.21350 -0.01303 0.00179 -0.00000 0.00206 -0.38550 0.00000 0.00141 0.00004 0.00003 0.00000 0.00000 0.00000 0.06935 -0.00000 -0.00028
-1.55857 -0.02135 1.28889 -0.00000 -0.00583 -0.00000 0.00000 0.00000 -0.00588 0.00548 0.00000 -0.00000 -0.06517 -0.00000 0.00013 -0.00000 0.00000 -0.00000 0.00000 -0.00000 0.00151 -0.00004 -0.00000 0.00000 0.00007 0.00000 0.00000 0.00000 -0.00000 0.00000
1.13516 -0.00634 0.19384 -0.00000 -0.00007 0.00000 -0.00000 0.00000 -0.00046 0.00037 0.26277 -0.25251 -0.00952 -0.00000 0.00000 -0.00000 0.00000 -0.00000 0.00000 -0.00000 0.00056 -0.00000 -0.00000 0.00000 0.00000 0.34771 0.00000 0.00000 -0.34011 -0.00000
0.00007 -0.00000 0.00000 -0.00000 0.00000 -0.00000 -0.00000 -0.00000 0.00000 0.00000 -0.00005 0.00257 -0.00000 -0.00455 -0.00000 -0.96871 -0.15350 -0.00000 0.24102 -0.00000 0.00000 0.00000 0.02928 0.00936 0.00000 0.00008 0.00142 0.00000 -0.00040 -0.04824
-1.10951 0.00013 0.02795 0.00000 0.00033 0.00045 -0.00000 -0.00000 0.00056 -0.00198 -0.00000 0.50146 0.16300 0.00000 -0.00010 0.00000 -0.00000 -0.00000 -0.00000 -0.00000 0.00503 0.00000 -0.00000 -0.00000 -0.00001 -0.11947 -0.00000 0.00000 -0.00000 0.00000
-0.00083 -0.00092 0.00640 -0.00000 -0.00025 -0.00000 -0.00000 -0.00000 0.00002 -0.00000 -0.04084 -0.07345 -0.00354 0.74274 -0.00000 0.00000 -0.00000 0.00000 -0.00000 -0.00000 0.00027 0.00000 0.00000 -0.00000 -0.00000 -0.00191 -0.31017 0.00000 -0.00011 -0.00000
