-0.00000 0.00000 0.00000 -0.00014 0.00006 0.00000 -0.00000 0.00057 0.00000 -0.19137 0.00000 -0.00847 -0.08028 -0.13216 0.00097 -0.00004 -0.00405 0.00000 0.00000 -0.03909 -0.00563 -0.00651 -0.13955 -0.03377 -0.05703 -0.00407 -0.24170 -0.00000 0.00023 -0.00000 -0.00000 -0.00124 -0.03113 0.00000 0.00028 -0.00462 -0.00015 0.00000 -0.15222 -0.00000 0.00005 0.00000 -0.06577 0.00000 0.00000 0.00068 -0.00290 0.00005 0.00013 0.00000
-0.00418 -0.00000 0.52405 -0.00000 -0.00014 0.14872 0.00229 -0.00254 -0.00000 0.04900 -0.00000 0.01959 0.00027 0.09108 0.00000 0.00000 -0.02316 -0.00007 -0.00003 0.01849 -0.00000 0.00000 0.15853 0.00000 0.04304 0.00000 0.00041 0.00000 -0.00037 -0.00000 0.48824 0.00000 0.27891 0.92481 -0.00051 -0.00022 0.41860 -0.00000 0.00126 0.05761 -0.00000 -0.00000 0.00029 -0.00000 0.08065 -0.00000 -0.00008 -0.00021 0.14374 -0.00000
-0.01658 -0.00000 -0.00000 -0.00000 -0.00017 1.26088 0.00000 -0.00008 -0.00000 0.08936 -0.00000 0.11658 0.00409 0.05919 0.00000 0.00000 -0.00007 -0.00004 -0.00002 0.12119 -0.00000 0.00019 0.21746 0.00094 0.07494 -0.00006 0.00217 0.00000 -0.00028 -0.00000 -0.00000 0.00000 0.00019 -0.00000 0.00000 0.00007 0.00000 -0.00000 0.01352 0.27936 -0.00000 -0.00000 0.00167 -0.00000 -0.00000 0.00000 0.01157 -0.00023 0.10646 -0.00000
-0.00001 -0.00373 -0.00092 -0.00000 -0.00000 -0.00024 -0.00112 -0.00000 0.00024 -0.00017 0.02857 -0.00090 0.00000 0.00164 0.65909 0.53865 -0.00001 -0.00000 -0.00000 -0.00008 -0.00000 0.00000 0.00021 -0.00000 -0.00015 -0.00000 0.00000 -0.00000 -0.00000 0.09231 0.00937 -0.00000 0.18709 -0.00061 -0.00000 -0.00000 0.01497 -0.00000 -0.00000 0.00009 0.69766 0.01311 0.30869 0.15738 0.00005 0.45883 0.00006 -0.00000 0.03628 0.01774
-0.00002 0.00000 -0.00000 -0.00029 -0.00000 -0.00000 -0.00372 -0.00000 0.00000 0.00000 0.00000 -0.00000 0.02141 0.00000 0.00169 -0.00008 -0.00000 0.55663 0.16041 0.00000 0.00347 0.04247 -0.00000 0.02918 0.00000 -0.00810 0.03001 0.02662 -0.00000 -0.00000 -0.00002 -0.00017 0.01171 -0.00000 -0.00000 0.00042 0.00000 0.04527 0.08880 0.00000 0.00021 0.00000 0.04903 0.00028 0.00068 0.00100 -0.00000 1.29329 0.00001 -0.00000
-0.03460 -0.00000 -0.00000 -0.00000 0.00021 -0.00000 0.00000 0.01656 -0.00000 0.27447 -0.00000 0.62205 0.00948 0.15943 0.00000 0.00000 0.02327 -0.00023 -0.00006 0.65973 -0.00022 0.00032 0.57010 0.00206 0.30765 -0.00001 0.00727 0.00000 0.00094 -0.00000 -0.00000 -0.00001 0.00073 -0.00000 0.00459 -0.00002 0.00000 -0.00000 0.03299 1.13263 -0.00000 -0.00000 0.00349 0.00000 -0.00000 -0.00000 0.05765 -0.00005 0.16835 -0.00000
0.20209 0.00000 0.00593 0.00000 0.00000 0.01450 -0.00000 -0.00000 0.00000 -0.03552 0.00000 -0.00131 -0.00000 -0.04131 -0.00000 -0.00000 0.00011 0.00000 0.00000 -0.00038 -0.00016 -0.00027 -0.00467 -0.00000 -0.00110 -0.00006 -0.00049 -0.00000 0.00000 -0.00000 -0.00000 0.00000 -0.05027 0.00000 0.00000 -0.00059 -0.03941 0.00000 0.00014 0.00088 0.00000 0.00000 -0.00089 0.00000 -0.66119 0.00000 0.00000 0.00000 -0.03196 0.00000
0.00000 -0.00000 -0.00000 -0.00021 0.16751 -0.00000 -0.00013 -0.00000 -0.00000 0.00000 -0.00000 -0.00000 0.02218 0.00000 -0.00016 0.00002 -0.00000 0.01780 0.00565 -0.00000 -0.00024 0.00385 -0.00000 0.01758 0.00000 -0.00118 0.02336 0.00026 0.53955 0.00000 -0.00000 -0.00043 0.00182 -0.00000 0.88480 -0.00018 0.00000 0.00150 0.09080 0.00000 -0.00026 0.00000 0.03611 0.00000 0.00002 -0.00050 -0.00000 0.03878 0.00000 -0.00000
-0.00697 1.05608 0.08055 -0.00000 -0.00027 0.00868 -0.14799 -0.00314 -0.00000 0.04703 -0.00000 0.01186 0.00000 0.07174 0.00000 0.00000 -0.02637 -0.00001 -0.00000 0.00007 0.00000 0.00000 0.09809 0.00000 0.01800 0.00000 0.00018 0.00000 -0.00043 -0.00000 0.18179 0.00000 0.16325 0.23879 -0.00065 -0.00006 0.20646 -0.00000 0.00027 0.01661 -0.00000 -0.00000 0.00004 -0.00000 0.04907 -0.00000 -0.00349 -0.00012 0.14680 -0.00000
0.00000 -0.00000 -0.00000 -0.00006 0.00000 -0.00000 0.00000 -0.00060 -0.00000 0.00000 -0.00000 -0.38424 -0.09879 0.00000 0.00000 -0.00000 -0.01772 -0.00046 -0.00013 -0.29057 0.00073 0.00121 -0.15765 0.00771 -0.28174 -0.00028 -0.01791 -0.00000 0.00033 -0.00000 -0.00000 0.00003 0.02209 -0.00000 -0.00032 0.00181 -0.00000 -0.00003 0.01502 -0.00000 -0.00003 -0.00000 0.00232 -0.00000 -0.00000 -0.00001 -0.02205 -0.00031 0.00000 -0.00000
-0.00226 0.06895 0.00370 -0.00000 -0.00004 -0.00024 -0.03853 -0.00093 0.60673 0.00994 -0.00000 0.00012 0.00002 0.08460 0.00000 -0.00000 -0.00482 -0.00000 -0.00000 -0.00079 0.00000 0.00000 0.04164 -0.00001 0.00036 -0.00000 0.00008 0.00000 -0.00008 -0.00000 0.22106 0.00000 0.19191 0.02099 -0.00036 -0.00000 0.18377 -0.00000 0.00005 0.00210 -0.00000 0.45861 0.00000 -0.00000 0.00749 -0.00000 -0.00116 -0.00001 0.15266 0.55111
0.00000 -0.00000 -0.00000 -0.00000 0.00124 -0.00000 -0.00000 0.03172 -0.00000 0.00000 -0.00000 -0.00000 0.00246 0.00000 0.00000 0.00000 0.03188 0.00000 -0.00013 0.43326 -0.00004 0.00028 0.29399 0.00010 0.22725 -0.00003 0.00298 0.00000 0.00476 -0.00000 -0.00000 -0.00000 0.00039 -0.00000 0.01582 0.00001 0.00000 -0.00001 0.00892 0.00000 -0.00000 0.00000 0.00260 0.00000 -0.00000 -0.00000 0.06356 0.00032 0.00000 -0.00000
0.00000 -0.00000 -0.00000 0.00680 -0.00000 -0.00000 0.00000 -0.00000 -0.00000 0.00000 0.00012 -0.00000 0.00000 0.00000 0.00472 0.00034 -0.00000 -0.00000 -0.00000 0.00000 0.22204 0.01513 -0.00000 0.77714 -0.00000 0.03440 0.64220 -0.00000 -0.00000 -0.00000 -0.00001 0.00014 -0.05064 -0.00000 -0.00000 0.65035 0.00000 -0.00000 0.01630 -0.00000 0.00207 0.00006 0.01964 0.00031 -0.00000 0.00035 -0.00000 -0.00000 -0.00033 -0.00000
0.00000 -0.00000 -0.00000 -0.00000 -0.00030 -0.00000 0.00000 -0.00152 -0.00000 0.46584 -0.00000 -0.03831 -0.00439 0.00000 0.00000 -0.00000 -0.02145 -0.00004 -0.00002 0.00434 0.00003 0.00014 -0.09050 0.00028 0.11985 -0.00000 0.00022 0.00000 -0.00042 -0.00000 -0.00000 0.00000 0.00749 -0.00000 -0.00041 0.00001 -0.00000 -0.00000 0.00256 0.00000 -0.00000 -0.00000 0.00053 -0.00000 -0.00000 0.00000 -0.00764 -0.00022 0.00000 -0.00000
-0.00002 -0.00814 -0.00186 -0.00000 -0.00000 -0.00057 -0.00215 -0.00000 -0.00029 0.00000 0.02600 -0.00159 0.00000 0.00409 -0.00000 0.36904 -0.00000 -0.00000 -0.00000 -0.00026 0.00000 0.00000 0.00061 -0.00000 -0.00022 -0.00000 0.00000 0.00000 -0.00000 0.11251 0.02320 -0.00000 0.00604 -0.00130 -0.00000 -0.00000 0.01341 -0.00000 -0.00000 -0.00011 0.26736 0.02528 0.11958 0.15066 0.00006 0.25020 0.00001 -0.00000 0.06704 0.02600
-0.00002 -0.00777 -0.00350 -0.00000 -0.00000 -0.00131 -0.00709 -0.00000 0.00712 0.00067 0.23010 -0.00441 0.00000 0.01793 -0.00000 -0.00000 -0.00054 -0.00000 -0.00000 -0.00052 0.00000 0.00000 0.00220 -0.00000 -0.00057 0.00000 0.00000 0.00000 -0.00000 0.77603 0.09939 0.00000 0.08272 -0.00000 -0.00000 -0.00000 0.07352 -0.00000 -0.00000 0.00000 -0.00000 0.10623 0.00000 0.62831 0.00012 -0.00000 -0.00017 -0.00000 0.10431 0.12639
-0.00000 -0.00000 -0.00000 -0.00007 0.02535 -0.00000 -0.00003 0.70862 -0.00000 -0.00000 -0.00000 -0.00000 0.01860 0.00000 0.00000 0.00000 -0.00000 0.00214 0.00067 -0.00000 -0.00075 0.00032 -0.00000 0.00334 -0.00000 -0.00024 0.01279 -0.00000 0.10157 -0.00000 -0.00000 -0.00005 0.00035 -0.00000 0.30933 -0.00165 0.00000 0.00020 0.06338 0.00000 -0.00001 -0.00000 0.01083 -0.00000 -0.00000 -0.00007 0.39468 0.00698 0.00000 -0.00000
-0.00040 0.00000 0.00000 0.01887 -0.00000 0.00000 -0.01791 -0.00000 0.00002 -0.00001 0.00000 -0.00000 0.06248 -0.00005 0.03463 0.00110 -0.00000 -0.00000 1.02282 0.00000 0.02878 0.08008 -0.00000 0.06173 0.00000 0.00813 0.03910 0.17645 -0.00000 -0.00000 -0.00025 0.02318 0.03791 0.00000 -0.00000 0.01961 -0.00000 0.53195 0.04216 0.00000 0.01158 0.00000 0.06540 0.00139 0.00758 0.01559 -0.00000 -0.00000 0.00006 0.00003
-0.00147 -0.00003 0.00000 0.03448 -0.00000 0.00000 -0.03257 -0.00000 0.00003 -0.00025 0.00016 0.00000 0.16233 0.00002 0.06179 0.00955 -0.00000 -0.00000 -0.00000 0.00000 0.12175 0.15237 -0.00000 0.13491 0.00000 0.06651 0.07468 0.52856 -0.00000 0.00012 0.00012 0.03974 0.05307 -0.00000 -0.00000 0.17222 0.00002 0.96095 0.03854 0.00000 0.04097 0.00000 0.08071 0.00650 0.02891 0.04979 -0.00000 -0.00000 0.00091 0.00014
-0.00000 -0.00000 -0.00000 -0.00005 0.00489 -0.00000 0.00000 0.14055 -0.00000 0.00000 -0.00000 -0.00000 0.01159 0.00000 0.00000 0.00000 0.49421 0.00053 0.00008 -0.00000 -0.00033 0.00039 0.03893 0.01050 0.50604 -0.00019 0.01096 0.00001 0.01849 0.00000 -0.00000 -0.00000 0.00199 -0.00000 0.05521 -0.00076 0.00000 -0.00004 0.10138 0.00000 -0.00001 0.00000 0.01096 0.00000 -0.00000 -0.00003 0.35750 0.00121 0.00000 -0.00000
0.00000 -0.00000 -0.00000 0.08392 -0.00000 -0.00000 -0.00000 -0.00000 0.00004 0.00000 0.00021 -0.00000 -0.00000 -0.00002 0.05536 0.00576 -0.00000 -0.00000 -0.00000 -0.00000 -0.00000 0.32657 -0.00008 -0.00000 0.00001 0.55895 0.00000 0.00000 -0.00000 0.00076 -0.00025 0.20439 0.03356 0.00000 -0.00000 -0.00000 0.00029 -0.00000 -0.00000 -0.00000 0.03036 -0.00000 0.03221 0.00157 -0.00000 0.01417 -0.00000 -0.00000 0.00022 0.00020
0.00000 -0.00005 -0.00008 0.20388 -0.00000 0.00000 -0.00003 -0.00000 0.00034 -0.00000 0.00264 0.00018 0.00000 0.00003 0.12776 0.04518 -0.00000 -0.00000 -0.00000 0.00004 0.00000 0.00000 0.00004 -0.00000 0.00003 -0.07029 0.00000 0.00000 -0.00000 0.00780 0.00186 0.30188 0.05323 -0.00004 -0.00000 -0.00000 0.00123 -0.00000 -0.00000 0.00000 0.08111 0.00177 0.04175 0.02050 0.00000 0.07220 -0.00000 -0.00000 0.00422 0.00015
-0.00000 -0.00000 -0.00000 -0.00000 0.00144 -0.00000 -0.00000 0.05957 -0.00000 0.00000 -0.00000 -0.00000 0.01623 0.00000 0.00000 0.00000 0.46340 -0.00014 -0.00005 -0.00000 -0.00057 0.00008 -0.00000 0.00376 -0.00000 -0.00005 -0.00207 0.00000 0.00545 -0.00000 0.00000 -0.00000 -0.00558 -0.00000 0.01836 -0.00040 -0.00000 -0.00000 0.03055 -0.00000 -0.00000 -0.00000 0.00478 -0.00000 -0.00000 -0.00000 0.28937 0.00028 0.00000 -0.00000
0.00000 0.00000 -0.00000 0.01507 -0.00000 -0.00000 -0.00000 -0.00000 0.00000 0.00000 -0.00012 -0.00000 0.00000 0.00001 0.01723 0.00042 0.00000 -0.00000 -0.00000 0.00000 0.61997 0.16485 0.00000 -0.00000 -0.00006 0.20356 0.00000 0.00000 -0.00000 0.00019 -0.00007 0.03957 -0.01823 -0.00000 -0.00000 -0.00000 0.00011 -0.00000 0.60084 0.00000 0.00354 0.00001 0.13950 0.00025 -0.00000 0.00234 -0.00000 -0.00000 0.00002 -0.00009
0.00000 -0.00000 -0.00000 -0.00000 0.00316 -0.00000 0.00000 0.12187 -0.00000 0.00000 -0.00000 -0.00000 0.00126 0.00000 0.00003 -0.00000 0.84140 0.00047 0.00007 -0.00000 -0.00019 0.00047 -0.63950 -0.00298 -0.00000 -0.00000 0.01172 0.00000 0.01246 -0.00000 -0.00000 -0.00000 0.00068 -0.00000 0.04074 0.00008 0.00000 -0.00006 0.00672 0.00000 -0.00000 0.00000 0.00215 -0.00000 -0.00000 -0.00002 0.51299 0.00077 0.00000 -0.00000
-0.00000 -0.00037 -0.00007 0.42350 -0.00000 -0.00000 -0.00012 -0.00000 0.00007 0.00000 0.00108 0.00014 0.00000 -0.00000 0.23831 0.04150 -0.00000 -0.00000 -0.00000 0.00000 -0.00000 0.00000 0.00003 -0.00000 0.00005 -0.00000 0.00000 0.00000 -0.00000 0.00679 0.00095 0.70282 0.02839 -0.00004 -0.00000 -0.00000 0.00124 -0.00000 -0.00000 0.00004 0.13554 0.00008 0.07331 0.01622 0.00000 0.08285 -0.00000 -0.00000 0.00307 0.00072
0.00000 0.00009 0.00000 0.01894 -0.00000 -0.00000 0.00000 -0.00000 0.00007 0.00000 0.00000 0.00001 0.00000 0.00000 0.01393 0.00188 -0.00000 -0.00000 -0.00000 0.00000 -0.21272 -0.06328 0.00001 -0.56722 -0.00002 -0.06414 0.00000 0.00000 -0.00000 0.00028 -0.00001 -0.06813 -0.12481 -0.00002 -0.00000 -0.51611 0.00022 -0.00000 0.01000 -0.00002 0.00765 0.00007 -0.01338 0.00036 -0.00000 0.00090 -0.00000 -0.00000 0.00052 -0.00002
-0.00308 -0.00131 -0.00024 0.13016 -0.00000 -0.00000 -0.04781 -0.00000 -0.00131 0.00021 0.00300 0.00027 1.01130 0.00109 0.13079 0.08101 -0.00000 -0.00000 -0.00000 0.00002 0.63993 0.48099 0.00003 0.64165 0.00000 0.50318 0.28881 0.00000 -0.00000 0.01325 0.00380 0.25061 0.24158 -0.00059 -0.00000 0.91119 0.00121 -0.00000 0.05625 0.00013 0.13931 0.00454 0.10443 0.05021 0.19601 0.13534 -0.00000 -0.00000 0.01131 0.00020
-0.00001 -0.00000 -0.00000 -0.00033 1.02041 -0.00000 -0.00170 -0.00000 0.00000 0.00000 0.00000 -0.00000 0.01717 0.00000 -0.00008 0.00001 -0.00000 0.09977 0.03078 -0.00000 0.00004 0.03898 -0.00000 0.02688 -0.00000 -0.00689 0.03737 0.00525 -0.00000 -0.00005 -0.00000 -0.00038 0.00663 -0.00000 -0.00000 0.00032 0.00000 0.01850 0.07006 0.00000 0.00004 0.00000 0.03986 0.00014 0.00018 0.00012 -0.00000 0.26150 0.00000 -0.00000
-0.00136 -0.01855 -0.00877 -0.00000 -0.00000 -0.00506 -0.02693 -0.00069 0.20810 0.00394 0.77856 -0.00929 0.00000 0.06665 0.00000 -0.00000 -0.00124 -0.00000 -0.00000 -0.00199 0.00000 0.00000 0.01119 -0.00000 -0.00229 -0.00000 0.00001 0.00000 -0.00000 -0.00000 0.20588 0.00000 0.09029 0.00028 -0.00000 -0.00000 0.11743 -0.00000 -0.00000 -0.00000 -0.00000 0.29331 0.00000 0.02270 0.00268 -0.00000 -0.00036 -0.00000 0.13838 0.55474
0.00493 -0.00000 0.17385 -0.00000 -0.00030 0.06465 -0.05017 -0.00124 -0.00000 0.05695 -0.00000 0.04331 0.00003 0.05514 0.00000 -0.00000 -0.00722 -0.00004 -0.00000 0.01048 0.00000 0.00000 0.15729 0.00001 -0.02857 0.00000 0.00020 0.00000 -0.00040 -0.00000 0.00000 0.00000 0.01598 0.36500 -0.00044 -0.00011 0.21441 -0.00000 0.00054 0.02139 -0.00000 -0.00000 0.00005 -0.00000 0.04090 -0.00000 -0.00005 -0.00014 0.05428 -0.00000
-0.00000 -0.00229 -0.00047 0.71598 -0.00000 -0.00009 -0.00064 -0.00000 -0.00034 -0.00002 0.00524 -0.00043 0.00000 0.00070 0.24253 0.11516 -0.00000 -0.00000 -0.00000 0.00000 0.00000 0.00000 0.00001 -0.00000 0.00011 -0.00000 0.00000 0.00000 -0.00000 0.02387 0.00271 -0.00000 0.19672 -0.00038 -0.00000 -0.00000 0.00286 -0.00000 -0.00000 0.00000 0.18886 0.00242 0.09272 0.04915 0.00001 0.17375 -0.00000 -0.00000 0.00784 0.00275
0.00000 -0.00000 0.00003 -0.00000 -0.00000 -0.00000 -0.00000 -0.00000 -0.00000 0.00006 -0.00000 -0.00018 -0.00000 0.00013 0.00000 0.00000 -0.00006 -0.00000 -0.00000 0.00000 -0.00000 0.00000 -0.00013 -0.00000 0.00052 0.00000 0.00000 -0.00000 -0.00000 -0.00000 -0.00000 0.00000 0.00000 -0.00000 -0.00000 0.00000 0.00973 -0.00000 0.00000 0.00014 -0.00000 -0.00000 -0.00000 -0.00000 0.00000 -0.00000 -0.00014 -0.00000 -0.00101 -0.00000
0.01272 -0.00000 0.92738 -0.00000 0.00002 0.26670 -0.14354 -0.00039 -0.00000 0.10555 -0.00000 0.16799 0.00200 0.04894 0.00000 0.00000 -0.03687 -0.00029 -0.00014 0.09969 -0.00000 0.00000 0.17614 0.00025 0.02139 -0.00000 0.00055 0.00000 -0.00018 -0.00000 0.00000 0.00000 0.02648 -0.00000 -0.00010 0.00000 0.05116 -0.00001 0.00664 0.08350 -0.00000 -0.00000 0.00097 -0.00000 0.14045 -0.00000 0.01111 -0.00014 0.08193 -0.00000
-0.00000 -0.00000 -0.00000 -0.00030 0.48353 -0.00000 -0.00056 -0.00000 -0.00000 -0.00000 -0.00000 -0.00000 0.03481 0.00000 -0.00000 0.00011 -0.00000 0.03077 0.01765 -0.00000 -0.00006 0.01112 -0.00000 0.01876 0.00000 -0.00313 0.05768 0.00128 0.88273 0.00000 -0.00000 -0.00050 0.00199 -0.00000 -0.00000 0.00004 0.00000 0.00532 0.05618 0.00000 -0.00001 0.00000 0.05890 0.00002 0.00007 -0.00046 -0.00000 0.11219 0.00000 -0.00000
0.00000 0.00000 -0.00000 0.04696 -0.00000 -0.00000 -0.00000 -0.00000 0.00000 0.00000 0.00000 0.00007 0.00000 0.00001 0.03614 0.00222 -0.00000 -0.00000 -0.00000 0.00000 0.27841 0.15470 -0.00013 0.14476 0.00003 0.31283 0.00000 0.00000 -0.00000 0.00044 -0.00025 0.13200 0.03024 -0.00000 -0.00000 -0.00000 0.00026 -0.00000 0.05096 -0.00000 0.01717 -0.00000 0.03044 0.00076 -0.00000 0.01069 -0.00000 -0.00000 0.00016 0.00009
0.00088 -0.00000 0.11827 -0.00000 -0.00026 0.05553 0.00000 -0.00384 -0.00000 -0.01095 -0.00000 0.05294 0.00003 0.04372 -0.00000 -0.00000 -0.02703 -0.00000 -0.00000 0.02819 -0.00000 0.00002 -0.00030 -0.00001 0.23158 -0.00000 0.00023 0.00000 -0.00055 -0.00000 0.00000 0.00000 0.00000 -0.00000 -0.00100 -0.00023 0.00000 -0.00000 0.00075 0.05557 -0.00000 -0.00000 0.00019 -0.00000 -0.00000 0.00000 -0.00976 -0.00012 0.04460 -0.00000
-0.00366 -0.00035 -0.00005 0.05967 -0.00000 0.00000 -0.05084 0.00000 -0.00017 -0.00012 0.00044 0.00007 0.37442 0.00043 0.10135 0.03075 -0.00000 -0.00000 -0.00000 0.00000 0.31585 0.26665 0.00000 0.36968 0.00000 0.22906 0.11590 0.95075 -0.00000 0.00235 0.00135 0.08739 0.06839 -0.00013 -0.00000 0.45397 0.00041 -0.00000 0.06412 -0.00000 0.07284 0.00109 0.07916 0.02322 0.11937 0.08892 -0.00000 -0.00000 0.00311 0.00021
0.00000 -0.00000 -0.00000 -0.00119 -0.00000 -0.00000 0.00000 -0.00000 -0.00000 0.00000 0.00000 -0.00000 0.00000 0.00003 0.00042 -0.00005 -0.00000 -0.00000 -0.00000 0.00000 -0.32581 -0.02350 0.00000 -0.00000 0.00000 -0.05364 0.00000 0.00000 -0.00000 -0.00002 -0.00000 -0.01310 -0.03524 -0.00000 -0.00000 0.00000 0.00000 -0.00000 -0.00000 -0.00000 -0.00035 0.00000 0.15690 0.00025 -0.00000 0.00000 -0.00000 -0.00000 0.00000 -0.00001
-0.01443 -0.00000 -0.00000 -0.00003 0.00121 -0.00000 -0.00000 0.03893 -0.00000 0.21272 -0.00000 0.87526 -0.04175 0.59633 0.00000 0.00000 0.07241 -0.00002 -0.00013 0.58584 -0.00026 0.00054 0.38086 0.00458 0.36296 -0.00019 0.00289 0.00000 0.00653 0.00000 -0.00000 0.00002 0.00234 -0.00000 0.01840 0.00001 0.00000 -0.00001 0.04171 -0.00000 -0.00000 -0.00000 0.00600 0.00000 -0.00000 -0.00000 0.07510 0.00008 -0.00000 -0.00000
-0.00010 -0.00969 -0.00259 -0.00000 -0.00000 -0.00085 -0.00324 -0.00000 0.00068 0.00023 0.05226 -0.00230 0.00000 0.00810 -0.00000 0.55788 -0.00032 -0.00000 -0.00000 -0.00022 0.00000 0.00000 0.00015 -0.00000 -0.00021 -0.00000 0.00000 0.00000 -0.00000 0.22763 0.03923 0.00000 0.05093 -0.00103 -0.00000 -0.00000 0.03756 -0.00000 -0.00000 -0.00003 -0.00000 0.04074 0.00000 0.21392 0.00026 0.35192 -0.00000 -0.00000 0.05937 0.04294
-0.00552 0.55383 0.03425 -0.00000 -0.00017 0.00396 -0.07816 -0.00213 -0.03038 0.02824 -0.00000 0.01783 -0.00000 0.04138 0.00000 -0.00000 -0.01364 -0.00001 -0.00000 0.00025 0.00000 0.00000 0.06663 0.00000 0.01687 0.00000 0.00018 0.00000 -0.00036 -0.00000 0.07641 0.00000 0.06691 0.13752 -0.00065 -0.00001 0.10833 -0.00000 0.00025 0.01670 -0.00000 -0.00000 0.00005 -0.00000 0.02884 -0.00000 -0.00283 -0.00004 0.09444 -0.00000
0.00000 0.00000 0.00000 -0.00000 -0.00000 -0.00000 0.00000 -0.00000 0.00010 -0.00000 0.00039 -0.00002 0.00000 0.00007 -0.00000 0.00770 -0.00000 -0.00000 -0.00000 0.00000 0.00000 0.00000 0.00000 -0.00000 -0.00000 -0.00000 0.00000 0.00000 -0.00000 0.00124 -0.00013 0.00000 -0.09255 0.00001 -0.00000 -0.00000 0.00010 -0.00000 -0.00000 -0.00000 0.02897 0.00009 -0.00000 0.00207 -0.00000 0.01244 0.00000 -0.00000 0.00016 0.00025
-0.00140 -0.00377 -0.00596 -0.00000 -0.00000 -0.00403 -0.02145 -0.00047 0.14331 0.00339 0.48840 -0.00464 0.00000 0.05186 -0.00000 -0.00000 -0.00076 -0.00000 -0.00000 -0.00145 0.00000 0.00000 0.00841 -0.00000 -0.00094 0.00000 0.00001 0.00000 -0.00000 -0.00000 0.13671 0.00000 0.03343 0.00258 -0.00000 -0.00000 0.08432 -0.00000 -0.00000 -0.00008 -0.00000 0.21457 0.00000 -0.00000 0.00272 -0.00000 -0.00026 -0.00000 0.09164 0.34316
-0.29029 0.00000 -0.08479 -0.00000 -0.00000 -0.01941 -0.00000 0.00000 -0.00000 -0.01952 -0.00000 0.01842 -0.08879 -0.08788 0.00000 -0.00000 0.00000 -0.00000 -0.00000 0.00100 0.00341 0.00055 0.00434 -0.05686 -0.00134 0.00048 -0.01961 0.00000 -0.00000 -0.00000 0.00000 0.00015 -0.19134 -0.00000 -0.00000 0.00627 -0.10110 0.00000 -0.11218 0.00127 -0.00000 -0.00000 -0.00955 -0.00000 -0.00000 0.00000 0.00015 -0.00000 -0.00025 -0.00000
-0.00067 -0.02173 -0.00682 -0.00000 -0.00000 -0.00206 -0.00846 -0.00000 0.00085 0.00081 0.12060 -0.00365 0.00000 0.01466 -0.00000 -0.07279 -0.00025 -0.00000 -0.00000 -0.00055 0.00000 0.00000 0.00093 -0.00000 -0.00040 -0.00000 0.00000 0.00000 -0.00000 0.46273 0.05910 -0.00000 0.02529 -0.00296 -0.00000 -0.00000 0.03387 -0.00000 -0.00000 -0.00041 -0.00000 0.06665 -0.00000 0.37249 0.00112 0.00000 0.00002 -0.00000 0.06184 0.07186
0.00000 -0.00000 -0.00000 -0.00010 0.04090 -0.00000 -0.00003 0.62598 -0.00000 0.00000 -0.00000 -0.00000 0.02667 0.00000 0.00000 0.00001 -0.00000 0.00416 0.00132 -0.00000 -0.00045 0.00087 -0.00000 0.00469 -0.00000 -0.00056 0.01490 0.00008 0.16408 -0.00000 -0.00000 -0.00039 0.00065 -0.00000 0.38713 -0.00150 0.00000 0.00032 0.05704 0.00000 -0.00015 0.00000 0.01616 0.00000 -0.00000 -0.00015 -0.00000 0.01415 0.00000 -0.00000
-0.00014 0.00000 0.00000 -0.00002 -0.00000 -0.00000 -0.01200 -0.00000 -0.00000 0.00000 -0.00019 -0.00000 0.02035 -0.00003 0.00901 0.00009 -0.00000 1.02269 0.49826 0.00000 0.01377 0.04151 -0.00000 0.02271 0.00000 -0.00018 0.01862 0.04969 -0.00000 0.00017 -0.00004 0.02302 0.01969 0.00000 -0.00000 0.00830 -0.00000 0.15998 0.03813 0.00000 0.00151 0.00001 0.05560 0.00020 0.00265 0.00439 -0.00000 -0.00000 -0.00039 -0.00012
-0.00182 -0.00000 -0.00000 -0.00000 -0.00014 -0.00000 0.00000 -0.00080 -0.00000 0.01945 -0.00000 0.21449 -0.00009 0.04644 -0.00000 -0.00000 -0.00565 -0.00002 -0.00000 0.00027 0.00000 0.00000 0.04282 0.00000 0.01417 0.00000 0.00014 0.00000 -0.00019 -0.00000 -0.00000 0.00000 -0.00000 -0.00000 -0.00028 -0.00004 -0.00000 -0.00000 0.00008 0.05173 -0.00000 0.00000 0.00000 -0.00000 0.00000 -0.00000 -0.00012 -0.00006 0.00000 -0.00000
-0.00497 0.16976 0.01260 -0.00000 -0.00009 -0.00016 -0.05536 -0.00123 0.79299 0.02784 -0.00000 0.00025 -0.00005 0.07265 0.00000 -0.00000 -0.00868 -0.00000 -0.00000 -0.00175 0.00000 0.00000 0.10334 -0.00000 -0.00013 0.00000 0.00013 0.00000 -0.00024 -0.00000 0.16721 0.00000 0.06806 0.04599 -0.00039 -0.00000 0.17940 -0.00000 0.00008 0.00353 -0.00000 0.48638 0.00000 -0.00000 0.01825 -0.00000 -0.00164 -0.00003 0.08791 -0.00000
