0.00000 -0.00000 0.00000 -0.00000 -0.00024 0.00000 0.00000 -0.00001 -0.00000 -0.00000 0.00004 0.00000 0.00000 -0.00000 -0.00008 -0.00000 -0.00000 -0.00000 -0.00000 0.00120 0.00000 -0.09300 0.00000 -0.00040 0.00000 0.00000 0.00000 0.00000 -0.00012 -0.00000
-0.25597 -0.00000 0.00564 0.16396 -0.00028 0.00046 -0.00042 0.00021 -0.00010 0.00218 -0.00000 -0.00036 -0.27687 0.01764 -0.00085 0.00260 -0.00016 -0.00074 0.04761 -0.10613 -0.00097 -0.00048 0.02178 -0.00046 -0.00073 -0.00104 -0.00029 0.00000 0.00243 0.00000
-0.45199 -0.00089 0.00000 -0.81115 -0.00056 -0.00000 -0.00000 -0.00027 -0.00001 -0.00000 -0.00013 0.00001 0.00002 -0.00003 -0.00068 0.00141 0.00000 0.00000 0.00012 -0.13920 -0.00137 -0.26136 -0.00000 -0.02310 0.00000 -0.00001 -0.00004 0.00000 -0.00476 -0.28702
-0.24141 0.00000 -0.00000 0.00000 0.00001 0.00000 0.00000 0.00000 0.00000 0.00004 0.00000 -0.00000 -0.00000 -0.00000 0.00000 0.00000 0.00004 -0.00000 0.00080 -0.05260 0.00000 -0.08371 0.00039 -0.01572 -0.00044 0.00031 -0.00003 -0.00000 0.00333 -0.00002
-0.00110 -0.00134 0.00013 0.02440 -0.00000 0.01587 0.00267 0.00016 0.00019 0.03539 0.00011 -0.00534 0.00033 -0.00159 -0.00053 0.01035 -0.00004 -0.00040 0.02619 0.00026 -0.00028 0.21321 0.01715 -0.02056 -0.00019 0.00000 -0.00066 -0.00029 0.00077 -0.00052
-0.14334 -0.00706 -0.41623 -0.03875 -0.00000 0.00000 0.00020 0.00050 0.00008 0.00013 0.00026 0.00001 0.00027 0.00008 -0.00034 0.00810 -0.00003 -0.00000 0.00218 0.00081 0.00014 -0.14748 0.00005 -0.00314 0.00000 0.00024 -0.00000 -0.00105 0.00035 0.19584
-0.13775 -0.00790 0.03620 0.02511 -0.00023 0.00093 -0.00000 0.00017 -0.00027 -0.01767 0.00005 -0.00067 0.00314 -0.00176 -0.00026 0.00567 -0.00000 -0.00065 0.02414 0.14536 -0.00038 -0.05521 0.01595 -0.00009 -0.00015 0.29613 0.00003 -0.00042 0.02163 -0.04344
-0.00014 -0.00064 0.00041 0.04612 -0.00178 0.00395 0.00036 -0.00000 -0.00014 0.00014 0.00040 0.00034 0.00050 -0.01312 -0.00014 0.00000 -0.00072 -0.00081 0.01649 0.00000 -0.00026 -0.01257 0.00170 -0.00099 -0.00168 -0.00022 -0.00058 -0.00208 0.01586 -0.01729
0.20964 -0.01413 -0.00214 0.04243 -0.00086 0.00262 -0.00007 0.00038 -0.00000 0.00009 0.00020 -0.00018 0.00000 -0.02625 -0.00035 0.00129 0.00004 -0.00130 0.02383 -0.00092 -0.00061 -0.00309 0.00034 -0.00077 -0.00088 -0.00192 -0.00016 -0.01664 0.01128 -0.02737
-0.00000 -0.00100 -0.13276 0.01854 -0.00000 0.00001 0.00000 -0.00005 0.00053 -0.00000 -0.00197 -0.00000 0.00071 -0.02043 -0.00038 0.00143 -0.00002 -0.00013 0.00106 -0.00139 -0.00098 0.48344 0.00192 -0.09465 0.00001 0.00000 -0.00105 -0.00304 0.00649 -0.02622
0.00051 -0.00086 0.00000 0.07328 -0.00048 0.00378 -0.00043 0.00032 0.00067 0.00049 -0.00000 -0.00017 -0.01750 -0.04233 -0.00065 0.00143 -0.00014 -0.00156 0.00600 0.00007 -0.00021 -0.02450 0.00079 -0.00027 -0.00058 -0.00272 -0.00022 -0.01432 0.00839 -0.03850
-0.04141 -0.00028 0.05397 0.13105 -0.00016 0.01078 0.00028 0.00013 -0.00030 -0.20930 0.00026 -0.00000 -0.00001 -0.04756 -0.00143 0.00043 -0.00991 -0.00409 0.00010 0.00084 -0.00052 -0.07948 0.00097 -0.00484 -0.00035 -0.30894 0.00003 -0.02468 -0.06859 -0.12906
0.12025 -0.00000 0.04098 -0.37340 -0.00023 0.00040 0.00029 -0.00027 0.00059 -0.00059 -0.00000 -0.00064 0.00000 -0.14261 -0.00068 0.00499 -0.00190 -0.00056 0.02076 0.07256 -0.00202 -0.00134 0.00000 0.00000 0.00000 -0.00046 -0.00002 0.00000 -0.00059 -0.00208
-0.24250 0.00004 0.00101 0.03439 -0.00033 0.00546 0.00057 0.00011 -0.00001 -0.00000 0.00000 0.00000 -0.00000 -0.00000 -0.00010 0.01211 -0.00049 -0.00004 0.00000 0.00053 -0.00000 0.00003 0.00025 0.00049 -0.00037 0.00073 -0.00039 -0.00000 0.00555 0.39319
-0.00029 -0.00044 0.00048 0.08543 -0.00111 0.00933 0.00058 0.00032 0.00004 -0.00008 0.00038 0.00028 0.00017 -0.00413 -0.00000 -0.25710 -0.01103 -0.00748 -0.00016 -0.02335 -0.00043 -0.05618 0.00035 -0.17810 -0.00107 -0.00666 -0.00045 -0.02814 0.00083 -0.08983
-0.00033 -0.00044 0.00086 0.05607 -0.00019 0.00057 -0.00019 0.00009 -0.00006 0.00122 -0.00000 -0.00298 0.00000 0.00013 -0.00000 0.00000 -0.00000 -0.00000 0.00000 0.00042 0.00001 -0.00516 0.00000 0.16362 -0.00000 0.00006 0.00000 0.00003 -0.00002 -0.02863
0.22823 -0.00935 -0.02940 0.01919 -0.00061 0.02545 -0.05025 0.00018 0.00025 0.02597 0.00023 0.00000 0.00067 -0.00271 -0.00012 0.02549 -0.00000 -0.00447 0.02627 -0.00122 -0.00100 -0.00036 0.00394 -0.00038 -0.00253 -0.07801 -0.00105 -0.00079 0.00457 0.25407
-0.00001 -0.00212 0.01653 0.14039 -0.00072 -0.27519 -0.00015 0.00007 0.00019 0.00031 0.00025 0.00030 0.00053 -0.00424 -0.00023 0.02979 -0.00006 -0.00000 0.01163 -0.01162 -0.00024 -0.04178 0.00302 -0.00062 -0.00085 -0.00216 -0.00011 -0.00129 0.01692 -0.12131
0.12973 -0.00000 0.00104 -0.00033 -0.00001 0.00060 -0.00001 0.00006 -0.00000 -0.00040 0.00000 -0.00949 0.00001 0.24606 -0.00089 0.00583 -0.00001 -0.00033 0.00000 0.03099 -0.00000 -0.01213 0.00054 -0.00000 -0.00124 0.00036 0.00001 -0.00076 0.00013 -0.00033
-0.00011 -0.00000 0.00000 -0.00001 -0.00004 -0.00000 0.00000 0.00003 0.00016 -0.00012 -0.00048 -0.00003 0.00001 -0.00058 -0.00006 0.00100 -0.00078 -0.00007 -0.00001 0.00000 0.00020 -0.00014 0.00070 0.00007 0.00046 0.00000 -0.00040 0.00000 0.00001 -0.00001
-0.03020 -0.00113 0.00126 0.10695 -0.00041 0.01265 0.00041 -0.00004 0.00004 0.00079 0.00020 -0.00108 0.00086 -0.05102 -0.00108 0.02656 -0.00115 -0.00081 -0.27199 -0.00248 -0.00000 -0.03981 0.00061 -0.00094 -0.00050 -0.00048 -0.00002 -0.01032 0.00244 -0.07981
-0.00000 -0.00007 -0.00000 -0.00000 0.00000 0.00000 0.00000 -0.00005 -0.00000 0.00000 -0.00002 -0.00000 0.00008 -0.00011 -0.00000 -0.00009 -0.00014 -0.00000 -0.00014 -0.01152 0.00000 0.00000 0.00000 0.07426 -0.00002 0.00038 -0.00093 -0.00000 0.06524 -0.00194
-0.08945 -0.00004 -0.02142 0.00657 -0.00009 0.00600 -0.00011 0.00000 -0.00008 0.00117 0.00003 -0.00023 0.04051 -0.00025 -0.00993 0.03170 -0.00047 -0.00062 0.00317 -0.00039 -0.00120 0.22182 -0.00000 0.22131 -0.00000 -0.00138 -0.00064 -0.14113 0.00014 -0.00083
-0.00162 -0.00029 -0.00007 0.00013 0.00004 0.00062 -0.00012 -0.00053 -0.00057 0.00000 -0.00159 -0.00014 0.00123 0.00098 -0.00000 0.00000 -0.00033 -0.00082 0.00003 -0.00968 -0.00027 0.00000 0.00000 -0.00000 -0.00002 0.00019 0.00006 -0.00000 -0.00007 -0.01663
-0.09247 -0.00257 0.03585 0.00418 -0.00063 0.00779 0.00348 -0.00005 0.00038 -0.00049 0.00025 -0.00495 0.07239 0.00017 -0.00088 0.01050 -0.00018 -0.00105 0.00193 -0.00142 -0.00126 -0.03867 -0.10883 -0.04016 -0.00000 -0.00009 0.00011 0.19064 0.03560 -0.00000
-0.11701 -0.00240 -0.04762 0.01572 -0.00006 0.01444 0.00000 0.00038 0.00006 0.07240 -0.00044 -0.00000 0.00025 -0.00201 -0.00036 0.00203 -0.00000 -0.00013 -0.00018 0.17496 -0.00369 -0.00141 0.00019 -0.00713 0.00067 0.00000 -0.00062 -0.00134 0.00000 -0.11973
-0.02834 -0.00059 0.00119 0.01961 -0.00050 0.02209 0.00200 0.00025 -0.00008 0.00050 0.00004 -0.00512 0.00005 -0.00082 -0.00142 0.01968 -0.00113 -0.00210 0.00869 0.00015 -0.00214 -0.00258 0.00038 -0.01416 -0.00003 0.00039 -0.00000 -0.00408 -0.19565 0.05804
-0.05377 -0.00185 0.33029 0.04922 -0.00000 0.00045 -0.00046 0.00055 -0.00000 -0.00011 0.00003 0.00000 0.09299 0.02786 -0.00000 0.01647 -0.00007 -0.00077 0.00290 0.00038 0.00013 -0.00043 -0.00000 -0.06681 0.00000 -0.00123 -0.00032 -0.00000 0.04731 0.27035
0.00028 0.00001 -0.00044 0.00391 -0.00000 0.00090 -0.00010 0.00001 -0.00001 0.00017 -0.00000 0.00000 -0.00832 -0.00067 -0.00022 0.02144 -0.00023 -0.00035 0.00508 -0.03710 -0.00002 0.00000 0.00017 -0.02202 -0.00000 0.06232 -0.00000 -0.00000 -0.00000 -0.19496
0.04434 0.00275 -0.00000 0.03305 -0.00012 0.00000 -0.00000 0.00007 0.00000 0.00000 0.00000 -0.00000 -0.00005 0.00000 -0.00000 -0.00000 0.00000 -0.00000 0.00006 -0.04866 -0.00000 -0.00101 0.00000 -0.00012 -0.00000 0.00000 0.00000 -0.00000 -0.00000 0.00000
