0.15856 -0.52491 0.30778 -0.67007 -0.45398 0.07756 -0.24492 -0.14883 0.00164 -0.56318 -0.77825 -0.11775 -0.11927 -0.59249 0.53776 0.56797 0.08459 -0.40029 -0.77766 -0.04944 -1.01996 -0.90324 -0.21773 0.78305 0.67223 0.48324 -0.95369 0.33076 0.15160 -0.58663
-1.53849 -0.61936 0.73187 0.11047 -2.97836 -0.79888 -0.17484 -1.11152 -1.16316 -0.80279 -1.92929 -1.49180 0.72076 -3.33013 -0.12424 1.00786 -0.60866 0.68860 -0.35175 -0.01853 -2.34247 -1.20884 -0.75607 2.86048 0.10879 0.02973 -1.29229 0.93765 -0.59510 -0.12066
0.50540 0.07936 -1.41642 -0.57596 0.55223 0.17462 -0.03743 0.30914 -0.87601 1.06573 0.31363 0.19427 -0.13621 0.47330 -0.99723 -1.17987 0.20894 -1.00612 0.36330 0.06810 0.16135 0.72157 0.40278 -0.42909 -0.58689 -0.66100 1.30699 -0.43161 0.28398 -0.36706
0.49325 -0.07029 -0.31526 -0.33934 3.09862 1.30583 0.47086 1.12849 0.30263 0.30796 3.23865 1.50793 -1.21856 2.83067 -3.10389 -0.63301 0.70910 -0.61797 0.22560 -0.59045 1.73835 0.82229 0.72250 -1.97368 -0.23777 -0.46903 1.23846 -1.82957 0.48112 -0.57815
0.93554 0.09712 0.33008 -0.18920 -0.48777 0.00082 -0.02838 0.12684 0.05683 -0.10643 -0.59269 0.08332 -0.01253 -0.01629 0.56444 0.63755 0.16080 -0.12148 0.20917 0.00139 -0.57492 -0.26914 -0.02031 0.02522 -0.40238 -0.00023 -0.46334 0.17172 0.39056 -0.12260
0.80141 -0.70206 -2.29873 -1.52838 0.13185 0.07080 0.88519 0.48854 -1.83281 2.33837 0.34257 -0.04835 -0.43269 0.18324 -1.05806 -1.83694 0.91013 -1.44697 0.84046 -0.38595 0.13804 2.63435 1.40837 -0.07671 -1.08661 -2.35671 0.35587 -0.15271 0.97455 -0.74178
-0.13538 0.16272 -0.01240 -0.87350 0.67257 1.28374 0.35582 1.32100 -1.59026 0.22155 1.70530 2.04755 -0.82621 0.64679 -4.25070 -1.37884 0.11765 -1.63593 0.49333 -0.42835 3.61579 -0.34770 -0.00703 -1.76928 -0.56666 -0.49785 2.02386 -1.83742 0.83655 -0.18955
1.12616 0.03813 -1.82329 -1.75729 -0.11866 0.28675 0.65985 0.59311 -3.12927 1.95937 -0.19159 0.35391 -0.25773 -0.20051 -1.54593 -1.34673 0.74741 -1.57240 1.21413 -0.19585 0.65093 1.17954 0.90770 -0.11823 -1.85810 -1.89842 0.87973 -0.28451 0.64121 -0.34232
0.45752 0.00093 -1.67662 -0.74766 0.59642 0.32037 0.60309 0.81105 -1.63903 1.05210 0.19592 0.44491 -0.56022 0.54763 -1.27664 -1.57475 0.45419 -1.43388 0.77312 -0.05496 0.45062 0.74790 0.66251 -0.65929 -1.07902 -0.96266 1.09006 -0.64470 0.56834 -0.52999
-0.08919 0.22248 1.48864 -0.17586 -0.71270 -0.25856 -0.22316 -0.15605 0.63601 -1.22224 -0.28367 -0.08600 0.21356 -0.65732 -0.09208 0.61083 -0.11739 0.33268 -0.29285 0.02695 -0.16873 -1.26470 -0.55339 0.59587 0.27456 0.61219 -0.35673 0.19287 -0.10621 0.34393
-0.26196 0.06213 -1.21857 -0.50831 0.29037 0.29719 -0.16412 0.12831 -0.56021 0.75254 0.26603 0.36260 -0.08800 0.29364 -0.93075 -0.77194 -0.02838 -0.84844 -0.13073 0.02564 0.36191 0.88852 0.14845 -0.31061 -0.01898 -0.49278 0.83819 -0.40465 -0.03288 -0.33534
-0.44131 -0.38275 0.19687 0.18030 -1.62960 -0.76771 -0.40365 -0.77503 0.24381 -0.23840 -1.83374 -1.35686 0.52679 -1.92500 1.62119 0.19164 -0.49934 0.07938 -0.57349 -0.07355 -2.23000 -0.10273 -0.49342 2.05646 0.56342 0.05419 -0.41230 1.27555 -0.49539 -0.23695
-0.88030 -0.03180 0.99901 1.05231 -0.25519 -1.03262 -0.69834 -0.48618 1.43409 -1.56798 -1.27106 -1.04667 0.73998 -0.80025 -0.08121 0.27046 -0.94068 -0.43503 -0.74338 0.27777 -1.18795 -2.03314 -0.97776 0.26031 1.01638 1.85640 -0.56013 1.25040 -0.95984 0.09788
0.54101 0.11145 -0.11784 -0.45255 0.34042 -0.04040 -0.35125 0.00819 0.04924 -0.28215 0.29020 0.07530 0.02955 0.99117 -0.00790 0.45034 0.02190 -0.33636 -0.39215 0.03432 0.28950 -0.16313 -0.18122 -0.69226 0.15543 0.06246 0.51424 -0.01041 0.01445 0.16111
0.63848 0.18300 -0.39794 -0.22711 0.01284 -0.11198 -0.10076 -0.19731 -0.20000 0.41737 -0.07173 -0.28115 0.05925 0.32473 -0.11853 0.13418 -0.02922 -0.15816 -0.28160 0.19234 0.46292 0.29653 -0.04938 -0.33292 0.14726 -0.04188 0.76068 0.37937 -0.02884 -0.38989
0.19179 0.35086 -0.31192 -0.31114 0.66768 -0.08818 0.16818 -0.07970 -0.37179 0.36952 0.68656 0.16979 0.05986 0.55731 -1.10977 -0.85471 0.24079 -0.88132 0.33546 0.00633 1.57196 -0.08418 0.32877 -0.74263 -0.25598 -0.19417 1.04142 -0.33583 0.02347 0.33183
-0.75017 -0.29688 1.21736 -0.16622 -3.38570 -0.72992 -0.46151 -1.26007 -0.19422 -0.68924 -1.45181 -0.37457 1.04207 -2.74931 2.46626 2.27633 -0.30289 2.15961 -0.93126 0.35077 -2.05571 -0.49772 -0.43701 2.45076 0.70336 -0.04396 -1.88761 0.49166 -0.27802 0.18068
-0.00599 -0.15540 0.52258 0.26856 -0.41990 -0.07451 0.26503 -0.08256 0.07002 -0.17259 -0.28728 -0.37567 -0.06911 -0.67761 0.26922 0.04906 0.26041 0.10527 0.34043 -0.06463 -0.36326 -0.24114 0.31482 0.57953 -0.04853 0.21676 -0.57778 -0.19027 0.02875 0.06270
1.29674 0.63672 -0.92568 -0.39385 0.82614 0.14880 -0.18001 0.46792 -0.08033 0.54714 0.59466 0.45025 0.05552 1.47565 -2.07293 -0.98050 0.36795 -1.42428 0.59945 0.37525 1.49911 0.08263 0.16474 -1.84821 -0.54789 -0.20459 1.55284 -0.25685 0.46236 0.48174
-1.16728 0.66367 0.56794 1.67698 0.49701 -2.07588 -1.34044 -1.20110 0.76309 -1.54465 -2.00969 -1.39623 0.78194 -0.22099 -0.34973 0.14379 -1.49874 -0.54439 -1.14581 0.49046 -0.41150 -3.00226 -1.63442 0.14721 1.23109 2.42584 -0.56181 1.96023 -1.38712 0.52916
0.11321 -0.01217 0.31314 0.13221 -0.07925 0.13801 0.01248 0.02391 0.13104 -0.24789 -0.07912 0.17610 -0.06924 -0.27262 0.33470 0.32009 0.01425 0.12991 -0.04985 0.00354 -0.61496 -0.14560 0.11867 0.28838 0.57979 0.09259 -0.52500 -0.00225 0.04140 -0.43501
0.27281 0.10368 0.53767 0.34516 -0.80069 -0.04764 -0.22199 -0.04850 0.46895 -0.63890 -1.02113 -0.37032 0.12201 -0.60242 1.22537 0.89909 -0.09666 0.39464 -0.08125 -0.01342 -0.16937 -0.47616 -0.39135 0.63761 0.01638 0.44601 -1.15191 0.51639 -0.22523 0.73635
-0.97846 0.48252 2.56186 0.91726 -1.23931 -0.29635 -0.89790 -0.21514 0.95818 -2.06239 -0.25363 -0.22819 0.42731 -1.15701 -1.28150 1.01011 -1.02666 0.72957 -1.09203 0.28535 -0.09998 -2.38878 -1.58837 0.84962 1.26505 1.07804 -0.40075 0.54665 -0.63566 0.56118
-0.71405 -0.00770 -0.83522 0.35693 0.34659 0.15851 -0.04239 0.02466 -0.32262 0.59749 0.22461 0.34985 -0.02175 0.28235 -0.75042 -0.86652 -0.20553 -0.39666 -0.05864 0.01260 0.55233 0.66498 0.09888 -0.34950 0.00174 -0.21511 0.68141 -0.48516 -0.19800 -0.08883
0.03708 -0.36915 0.24863 0.20035 -1.18605 -0.20504 -0.39070 -0.27921 -0.11267 -0.36336 -1.50211 -0.73325 0.07829 -1.25884 0.70031 0.43616 -0.26670 0.66882 -0.49247 -0.12702 -1.63621 -0.57533 -0.45019 1.22768 0.29354 0.37904 -1.72118 0.70493 -0.39867 -0.30840
0.42401 0.33942 -0.26243 -0.31165 1.76803 0.57088 0.34508 0.79440 -0.70449 0.35297 1.49606 1.06889 -0.42764 0.97880 -1.68633 -1.34363 0.31164 -0.72948 0.64918 0.10049 0.49809 0.37280 0.51321 -1.19616 -0.96759 -0.62602 1.89787 -1.02188 0.50358 -0.55640
0.39231 0.04396 0.85659 -0.10284 -0.63671 -0.09318 -0.08077 -0.09341 0.43191 -0.88387 -0.59053 -0.37644 -0.01602 -0.76003 -0.74019 0.97196 0.05834 0.24604 -0.22773 -0.00707 -1.80533 -0.99479 -0.31361 0.66983 0.16530 0.39685 -0.38864 0.45129 -0.12323 -0.26381
-0.27846 -0.03839 1.05975 -0.02988 0.12916 -0.40336 -0.25857 -0.22763 1.20852 -1.46972 -0.35488 -0.88074 0.30840 -0.45077 0.36201 -0.16335 -0.37881 -0.30192 -0.50897 0.15988 -2.56141 -1.40643 -0.71524 0.62009 0.66984 0.99938 -0.92225 0.53410 -0.32874 -0.15067
-0.72652 -0.33975 -0.09207 0.41716 -1.54911 -1.59047 -0.21879 -1.20025 0.34625 -0.01802 -2.07981 -2.09366 0.82841 -1.93703 1.61695 -0.09710 -0.52730 0.17948 -0.74747 0.10032 -2.72413 0.04443 -0.31648 2.29369 0.94350 0.11027 -2.35856 1.90836 -0.29909 -0.02625
-0.95658 -0.02441 0.65494 0.10547 -0.18027 0.40558 0.86276 -0.68655 0.09693 -0.24496 0.10055 -0.07540 -0.24487 -1.53213 -0.47305 -0.11489 -0.02425 -1.00898 -0.96912 -0.35388 -0.15095 -0.59231 0.18210 0.94566 1.12879 0.58674 -0.80146 -0.55651 0.27096 -0.39882
