0.00000 -0.20624 -0.00000 0.00000 -0.04267 -0.00011 0.00000 -0.00000 -0.11867 -0.02425 1.21682 0.04757 -0.00465 0.00000 -0.00000 -0.68864 -0.08171 -0.00001 -0.31194 -0.00054
0.00000 0.00000 -0.00043 0.00002 -0.03502 -0.00569 0.00000 0.00001 0.00000 -0.35262 0.00001 -0.04495 -0.19581 -0.00003 0.00000 -0.00002 -0.05024 0.00003 0.00000 -0.02723
-0.00052 0.00014 -0.00000 -0.06764 -0.09893 0.00000 -0.24502 0.11791 0.00065 -0.00000 -0.00445 1.17500 0.00000 -0.55951 -0.00249 -0.01206 0.93584 0.23909 0.00003 -0.00000
-0.16834 -0.00415 -0.00000 -0.00000 -0.47203 0.00002 -0.00000 -1.45182 0.07555 -0.00057 -0.50591 -0.43268 -0.00023 0.00000 -0.42507 -0.40566 -0.51800 0.68334 -0.00840 -0.00002
0.00001 0.00004 0.00000 -0.00000 0.00000 0.00002 -0.00000 -0.00000 -0.00002 0.00001 0.00001 -0.00004 0.00005 0.00000 0.00000 -0.00001 0.00001 -0.00000 0.00001 0.00000
-0.00005 0.00005 -0.42204 -0.00549 -0.02829 0.00000 -0.03974 0.01057 0.00004 0.00000 -0.00043 -0.03959 0.00000 -0.12384 -0.00019 -0.00103 -0.04480 0.04109 -0.00000 -0.00000
-0.03948 -0.00082 -0.00000 -0.30323 -0.02164 -0.00000 -0.00000 0.25458 0.02573 -0.00027 -0.09434 -0.03852 0.00000 0.00000 -0.07198 -0.07002 -0.04582 0.24298 -0.00148 -0.00000
-0.14440 -0.00241 -0.00000 0.00000 -0.57178 -0.00000 -0.00000 -0.00000 0.07420 -0.00040 -0.52781 -0.43981 -0.00022 0.00000 -0.19126 -0.39768 -0.51269 -0.89059 -0.00488 -0.00000
-0.00000 -0.11867 0.00001 0.00000 -0.05496 -0.00005 0.00000 -0.00000 -0.00000 -0.01484 0.00000 -0.07169 -0.00297 0.00000 -0.00000 0.00000 -0.06962 -0.00000 -0.19196 -0.00032
0.00000 0.00000 -0.00611 -0.00005 -0.04218 -0.07207 -0.00020 0.00001 -0.00001 0.00000 0.00001 -0.03833 -0.40774 -0.00059 0.00000 0.00006 -0.04861 0.00028 0.00000 -0.26004
0.00000 -0.01996 -0.00000 -0.00000 -0.02968 0.00005 -0.00000 -0.00000 -0.77181 -0.00207 0.00000 -0.01813 -0.00043 0.00000 -0.00000 1.46008 -0.03388 -0.00000 -0.03636 -0.00002
-0.00000 0.00001 -0.00000 0.00000 0.00232 0.00000 -0.00000 -0.00000 -0.00001 0.00001 0.00001 -0.00000 0.00001 0.00000 -0.00000 0.00005 0.00000 -0.00000 0.00002 0.00000
-0.00001 0.00000 -0.03630 -0.00018 -0.04063 -0.25023 -0.00105 0.00019 0.00004 -0.00000 -0.00001 -0.04970 0.00000 -0.00291 -0.00008 -0.00001 -0.05919 0.00108 0.00000 -0.41406
-0.00616 -0.00031 0.00000 -0.33669 -0.11517 0.00000 -0.41869 0.35141 0.00802 -0.00000 -0.07366 -0.24538 0.00003 0.00000 -0.02311 -0.08521 0.61191 0.41546 -0.00038 -0.00000
-0.29341 -0.07153 0.00001 0.00000 1.19760 0.00002 0.00000 -0.00000 0.10964 -0.00845 -0.49324 -0.37743 -0.00166 0.00000 -0.00000 -0.34000 -0.43989 -1.45691 -0.11664 -0.00021
0.00000 -0.02147 -0.00000 0.00000 -0.02124 0.00003 -0.00000 -0.00000 -0.15378 -0.00210 0.00000 -0.01245 -0.00041 0.00000 0.00000 0.00000 -0.02141 0.00000 -0.04046 -0.00002
0.00000 0.00001 -0.00000 -0.00000 0.03419 0.00000 -0.00000 -0.00000 -0.00001 0.00001 0.00001 0.16758 0.00000 0.00000 0.00000 -0.00002 0.00000 -0.00000 0.00002 0.00000
-0.06192 -0.00102 -0.00000 0.00000 -0.29118 -0.00000 -0.00000 -0.00000 0.03611 -0.00026 -0.23170 -0.19729 0.00000 0.00000 -0.00000 -0.17394 -0.22468 0.00000 -0.00257 -0.00000
0.00000 -0.26907 -0.00016 0.00001 -0.04714 -0.00234 -0.00002 -0.00001 0.00000 -0.30973 0.00000 -0.05642 -0.10070 0.00002 0.00000 -0.00000 -0.06609 -0.00007 0.00000 -0.01183
-0.00003 0.00000 -0.24850 -0.00097 -0.03772 -0.38356 -0.00892 0.00178 -0.00006 -0.00000 -0.00008 -0.04342 0.00000 -0.02685 0.00008 -0.00026 -0.04665 0.00886 0.00001 0.00000
