1.000 -0.004 -0.004 -0.004 -0.004 -0.004 -0.004 -0.004 -0.004 -0.004 -0.004 -0.004 -0.004 -0.004 -0.004 -0.004 -0.004 -0.004 -0.004 -0.004 -0.004 -0.004 -0.004 -0.004 -0.004 -0.004 -0.004 -0.004 -0.004 -0.004 -0.004 -0.004 -0.004 -0.004 -0.004 -0.004 -0.004 -0.004 -0.004 -0.004 -0.004 -0.004 -0.004 -0.004 -0.004 -0.004 -0.004 -0.004 -0.004 -0.004
-0.004 1.000 0.001 0.001 0.001 0.001 0.001 0.001 0.001 0.001 0.001 0.001 0.001 0.001 0.001 0.001 0.001 0.001 0.001 0.001 0.001 0.001 0.001 0.001 0.001 0.001 0.001 0.001 0.001 0.001 0.001 0.001 0.001 0.001 0.001 0.001 0.001 0.001 0.001 0.001 0.001 0.001 0.001 0.001 0.001 0.001 0.001 0.001 0.001 0.001
-0.004 0.001 1.000 -0.009 -0.009 -0.009 -0.009 -0.009 -0.009 -0.009 -0.009 -0.009 -0.009 -0.009 -0.009 -0.009 -0.009 -0.009 -0.009 -0.009 -0.009 -0.009 -0.009 -0.009 -0.009 -0.009 -0.009 -0.009 -0.009 -0.009 -0.009 -0.009 -0.009 -0.009 -0.009 -0.009 -0.009 -0.009 -0.009 -0.009 -0.009 -0.009 -0.009 -0.009 -0.009 -0.009 -0.009 -0.009 -0.009 -0.009
-0.004 0.001 -0.009 1.000 0.009 0.009 0.009 0.009 0.009 0.009 0.009 0.009 0.009 0.009 0.009 0.009 0.009 0.009 0.009 0.009 0.009 0.009 0.009 0.009 0.009 0.009 0.009 0.009 0.009 0.009 0.009 0.009 0.009 0.009 0.009 0.009 0.009 0.009 0.009 0.009 0.009 0.009 0.009 0.009 0.009 0.009 0.009 0.009 0.009 0.009
-0.004 0.001 -0.009 0.009 1.000 -0.008 -0.008 -0.008 -0.008 -0.008 -0.008 -0.008 -0.008 -0.008 -0.008 -0.008 -0.008 -0.008 -0.008 -0.008 -0.008 -0.008 -0.008 -0.008 -0.008 -0.008 -0.008 -0.008 -0.008 -0.008 -0.008 -0.008 -0.008 -0.008 -0.008 -0.008 -0.008 -0.008 -0.008 -0.008 -0.008 -0.008 -0.008 -0.008 -0.008 -0.008 -0.008 -0.008 -0.008 -0.008
-0.004 0.001 -0.009 0.009 -0.008 1.000 -0.008 -0.008 -0.008 -0.008 -0.008 -0.008 -0.008 -0.008 -0.008 -0.008 -0.008 -0.008 -0.008 -0.008 -0.008 -0.008 -0.008 -0.008 -0.008 -0.008 -0.008 -0.008 -0.008 -0.008 -0.008 -0.008 -0.008 -0.008 -0.008 -0.008 -0.008 -0.008 -0.008 -0.008 -0.008 -0.008 -0.008 -0.008 -0.008 -0.008 -0.008 -0.008 -0.008 -0.008
-0.004 0.001 -0.009 0.009 -0.008 -0.008 1.000 0.000 0.000 0.000 0.000 0.000 0.000 0.000 0.000 0.000 0.000 0.000 0.000 0.000 0.000 0.000 0.000 0.000 0.000 0.000 0.000 0.000 0.000 0.000 0.000 0.000 0.000 0.000 0.000 0.000 0.000 0.000 0.000 0.000 0.000 0.000 0.000 0.000 0.000 0.000 0.000 0.000 0.000 0.000
-0.004 0.001 -0.009 0.009 -0.008 -0.008 0.000 1.000 -0.007 -0.007 -0.007 -0.007 -0.007 -0.007 -0.007 -0.007 -0.007 -0.007 -0.007 -0.007 -0.007 -0.007 -0.007 -0.007 -0.007 -0.007 -0.007 -0.007 -0.007 -0.007 -0.007 -0.007 -0.007 -0.007 -0.007 -0.007 -0.007 -0.007 -0.007 -0.007 -0.007 -0.007 -0.007 -0.007 -0.007 -0.007 -0.007 -0.007 -0.007 -0.007
-0.004 0.001 -0.009 0.009 -0.008 -0.008 0.000 -0.007 1.000 -0.008 -0.008 -0.008 -0.008 -0.008 -0.008 -0.008 -0.008 -0.008 -0.008 -0.008 -0.008 -0.008 -0.008 -0.008 -0.008 -0.008 -0.008 -0.008 -0.008 -0.008 -0.008 -0.008 -0.008 -0.008 -0.008 -0.008 -0.008 -0.008 -0.008 -0.008 -0.008 -0.008 -0.008 -0.008 -0.008 -0.008 -0.008 -0.008 -0.008 -0.008
-0.004 0.001 -0.009 0.009 -0.008 -0.008 0.000 -0.007 -0.008 1.000 0.001 0.001 0.001 0.001 0.001 0.001 0.001 0.001 0.001 0.001 0.001 0.001 0.001 0.001 0.001 0.001 0.001 0.001 0.001 0.001 0.001 0.001 0.001 0.001 0.001 0.001 0.001 0.001 0.001 0.001 0.001 0.001 0.001 0.001 0.001 0.001 0.001 0.001 0.001 0.001
-0.004 0.001 -0.009 0.009 -0.008 -0.008 0.000 -0.007 -0.008 0.001 1.000 -0.003 -0.003 -0.003 -0.003 -0.003 -0.003 -0.003 -0.003 -0.003 -0.003 -0.003 -0.003 -0.003 -0.003 -0.003 -0.003 -0.003 -0.003 -0.003 -0.003 -0.003 -0.003 -0.003 -0.003 -0.003 -0.003 -0.003 -0.003 -0.003 -0.003 -0.003 -0.003 -0.003 -0.003 -0.003 -0.003 -0.003 -0.003 -0.003
-0.004 0.001 -0.009 0.009 -0.008 -0.008 0.000 -0.007 -0.008 0.001 -0.003 1.000 -0.010 -0.010 -0.010 -0.010 -0.010 -0.010 -0.010 -0.010 -0.010 -0.010 -0.010 -0.010 -0.010 -0.010 -0.010 -0.010 -0.010 -0.010 -0.010 -0.010 -0.010 -0.010 -0.010 -0.010 -0.010 -0.010 -0.010 -0.010 -0.010 -0.010 -0.010 -0.010 -0.010 -0.010 -0.010 -0.010 -0.010 -0.010
-0.004 0.001 -0.009 0.009 -0.008 -0.008 0.000 -0.007 -0.008 0.001 -0.003 -0.010 1.001 -0.002 -0.002 -0.002 -0.002 -0.002 -0.002 -0.002 -0.002 -0.002 -0.002 -0.002 -0.002 -0.002 -0.002 -0.002 -0.002 -0.002 -0.002 -0.002 -0.002 -0.002 -0.002 -0.002 -0.002 -0.002 -0.002 -0.002 -0.002 -0.002 -0.002 -0.002 -0.002 -0.002 -0.002 -0.002 -0.002 -0.002
-0.004 0.001 -0.009 0.009 -0.008 -0.008 0.000 -0.007 -0.008 0.001 -0.003 -0.010 -0.002 1.001 -0.002 -0.002 -0.002 -0.002 -0.002 -0.002 -0.002 -0.002 -0.002 -0.002 -0.002 -0.002 -0.002 -0.002 -0.002 -0.002 -0.002 -0.002 -0.002 -0.002 -0.002 -0.002 -0.002 -0.002 -0.002 -0.002 -0.002 -0.002 -0.002 -0.002 -0.002 -0.002 -0.002 -0.002 -0.002 -0.002
-0.004 0.001 -0.009 0.009 -0.008 -0.008 0.000 -0.007 -0.008 0.001 -0.003 -0.010 -0.002 -0.002 1.001 -0.004 -0.004 -0.004 -0.004 -0.004 -0.004 -0.004 -0.004 -0.004 -0.004 -0.004 -0.004 -0.004 -0.004 -0.004 -0.004 -0.004 -0.004 -0.004 -0.004 -0.004 -0.004 -0.004 -0.004 -0.004 -0.004 -0.004 -0.004 -0.004 -0.004 -0.004 -0.004 -0.004 -0.004 -0.004
-0.004 0.001 -0.009 0.009 -0.008 -0.008 0.000 -0.007 -0.008 0.001 -0.003 -0.010 -0.002 -0.002 -0.004 1.001 0.003 0.003 0.003 0.003 0.003 0.003 0.003 0.003 0.003 0.003 0.003 0.003 0.003 0.003 0.003 0.003 0.003 0.003 0.003 0.003 0.003 0.003 0.003 0.003 0.003 0.003 0.003 0.003 0.003 0.003 0.003 0.003 0.003 0.003
-0.004 0.001 -0.009 0.009 -0.008 -0.008 0.000 -0.007 -0.008 0.001 -0.003 -0.010 -0.002 -0.002 -0.004 0.003 1.001 -0.007 -0.007 -0.007 -0.007 -0.007 -0.007 -0.007 -0.007 -0.007 -0.007 -0.007 -0.007 -0.007 -0.007 -0.007 -0.007 -0.007 -0.007 -0.007 -0.007 -0.007 -0.007 -0.007 -0.007 -0.007 -0.007 -0.007 -0.007 -0.007 -0.007 -0.007 -0.007 -0.007
-0.004 0.001 -0.009 0.009 -0.008 -0.008 0.000 -0.007 -0.008 0.001 -0.003 -0.010 -0.002 -0.002 -0.004 0.003 -0.007 1.001 -0.012 -0.012 -0.012 -0.012 -0.012 -0.012 -0.012 -0.012 -0.012 -0.012 -0.012 -0.012 -0.012 -0.012 -0.012 -0.012 -0.012 -0.012 -0.012 -0.012 -0.012 -0.012 -0.012 -0.012 -0.012 -0.012 -0.012 -0.012 -0.012 -0.012 -0.012 -0.012
-0.004 0.001 -0.009 0.009 -0.008 -0.008 0.000 -0.007 -0.008 0.001 -0.003 -0.010 -0.002 -0.002 -0.004 0.003 -0.007 -0.012 1.001 0.011 0.011 0.011 0.011 0.011 0.011 0.011 0.011 0.011 0.011 0.011 0.011 0.011 0.011 0.011 0.011 0.011 0.011 0.011 0.011 0.011 0.011 0.011 0.011 0.011 0.011 0.011 0.011 0.011 0.011 0.011
-0.004 0.001 -0.009 0.009 -0.008 -0.008 0.000 -0.007 -0.008 0.001 -0.003 -0.010 -0.002 -0.002 -0.004 0.003 -0.007 -0.012 0.011 1.001 -0.004 -0.004 -0.004 -0.004 -0.004 -0.004 -0.004 -0.004 -0.004 -0.004 -0.004 -0.004 -0.004 -0.004 -0.004 -0.004 -0.004 -0.004 -0.004 -0.004 -0.004 -0.004 -0.004 -0.004 -0.004 -0.004 -0.004 -0.004 -0.004 -0.004
-0.004 0.001 -0.009 0.009 -0.008 -0.008 0.000 -0.007 -0.008 0.001 -0.003 -0.010 -0.002 -0.002 -0.004 0.003 -0.007 -0.012 0.011 -0.004 1.001 -0.008 -0.008 -0.008 -0.008 -0.008 -0.008 -0.008 -0.008 -0.008 -0.008 -0.008 -0.008 -0.008 -0.008 -0.008 -0.008 -0.008 -0.008 -0.008 -0.008 -0.008 -0.008 -0.008 -0.008 -0.008 -0.008 -0.008 -0.008 -0.008
-0.004 0.001 -0.009 0.009 -0.008 -0.008 0.000 -0.007 -0.008 0.001 -0.003 -0.010 -0.002 -0.002 -0.004 0.003 -0.007 -0.012 0.011 -0.004 -0.008 1.001 0.006 0.006 0.006 0.006 0.006 0.006 0.006 0.006 0.006 0.006 0.006 0.006 0.006 0.006 0.006 0.006 0.006 0.006 0.006 0.006 0.006 0.006 0.006 0.006 0.006 0.006 0.006 0.006
-0.004 0.001 -0.009 0.009 -0.008 -0.008 0.000 -0.007 -0.008 0.001 -0.003 -0.010 -0.002 -0.002 -0.004 0.003 -0.007 -0.012 0.011 -0.004 -0.008 0.006 1.001 -0.005 -0.005 -0.005 -0.005 -0.005 -0.005 -0.005 -0.005 -0.005 -0.005 -0.005 -0.005 -0.005 -0.005 -0.005 -0.005 -0.005 -0.005 -0.005 -0.005 -0.005 -0.005 -0.005 -0.005 -0.005 -0.005 -0.005
-0.004 0.001 -0.009 0.009 -0.008 -0.008 0.000 -0.007 -0.008 0.001 -0.003 -0.010 -0.002 -0.002 -0.004 0.003 -0.007 -0.012 0.011 -0.004 -0.008 0.006 -0.005 1.001 -0.009 -0.009 -0.009 -0.009 -0.009 -0.009 -0.009 -0.009 -0.009 -0.009 -0.009 -0.009 -0.009 -0.009 -0.009 -0.009 -0.009 -0.009 -0.009 -0.009 -0.009 -0.009 -0.009 -0.009 -0.009 -0.009
-0.004 0.001 -0.009 0.009 -0.008 -0.008 0.000 -0.007 -0.008 0.001 -0.003 -0.010 -0.002 -0.002 -0.004 0.003 -0.007 -0.012 0.011 -0.004 -0.008 0.006 -0.005 -0.009 1.001 0.009 0.009 0.009 0.009 0.009 0.009 0.009 0.009 0.009 0.009 0.009 0.009 0.009 0.009 0.009 0.009 0.009 0.009 0.009 0.009 0.009 0.009 0.009 0.009 0.009
-0.004 0.001 -0.009 0.009 -0.008 -0.008 0.000 -0.007 -0.008 0.001 -0.003 -0.010 -0.002 -0.002 -0.004 0.003 -0.007 -0.012 0.011 -0.004 -0.008 0.006 -0.005 -0.009 0.009 1.001 0.017 0.017 0.017 0.017 0.017 0.017 0.017 0.017 0.017 0.017 0.017 0.017 0.017 0.017 0.017 0.017 0.017 0.017 0.017 0.017 0.017 0.017 0.017 0.017
-0.004 0.001 -0.009 0.009 -0.008 -0.008 0.000 -0.007 -0.008 0.001 -0.003 -0.010 -0.002 -0.002 -0.004 0.003 -0.007 -0.012 0.011 -0.004 -0.008 0.006 -0.005 -0.009 0.009 0.017 1.002 0.003 0.003 0.003 0.003 0.003 0.003 0.003 0.003 0.003 0.003 0.003 0.003 0.003 0.003 0.003 0.003 0.003 0.003 0.003 0.003 0.003 0.003 0.003
-0.004 0.001 -0.009 0.009 -0.008 -0.008 0.000 -0.007 -0.008 0.001 -0.003 -0.010 -0.002 -0.002 -0.004 0.003 -0.007 -0.012 0.011 -0.004 -0.008 0.006 -0.005 -0.009 0.009 0.017 0.003 1.002 0.021 0.021 0.021 0.021 0.021 0.021 0.021 0.021 0.021 0.021 0.021 0.021 0.021 0.021 0.021 0.021 0.021 0.021 0.021 0.021 0.021 0.021
-0.004 0.001 -0.009 0.009 -0.008 -0.008 0.000 -0.007 -0.008 0.001 -0.003 -0.010 -0.002 -0.002 -0.004 0.003 -0.007 -0.012 0.011 -0.004 -0.008 0.006 -0.005 -0.009 0.009 0.017 0.003 0.021 1.002 -0.011 -0.011 -0.011 -0.011 -0.011 -0.011 -0.011 -0.011 -0.011 -0.011 -0.011 -0.011 -0.011 -0.011 -0.011 -0.011 -0.011 -0.011 -0.011 -0.011 -0.011
-0.004 0.001 -0.009 0.009 -0.008 -0.008 0.000 -0.007 -0.008 0.001 -0.003 -0.010 -0.002 -0.002 -0.004 0.003 -0.007 -0.012 0.011 -0.004 -0.008 0.006 -0.005 -0.009 0.009 0.017 0.003 0.021 -0.011 1.002 -0.008 -0.008 -0.008 -0.008 -0.008 -0.008 -0.008 -0.008 -0.008 -0.008 -0.008 -0.008 -0.008 -0.008 -0.008 -0.008 -0.008 -0.008 -0.008 -0.008
-0.004 0.001 -0.009 0.009 -0.008 -0.008 0.000 -0.007 -0.008 0.001 -0.003 -0.010 -0.002 -0.002 -0.004 0.003 -0.007 -0.012 0.011 -0.004 -0.008 0.006 -0.005 -0.009 0.009 0.017 0.003 0.021 -0.011 -0.008 1.002 0.011 0.011 0.011 0.011 0.011 0.011 0.011 0.011 0.011 0.011 0.011 0.011 0.011 0.011 0.011 0.011 0.011 0.011 0.011
-0.004 0.001 -0.009 0.009 -0.008 -0.008 0.000 -0.007 -0.008 0.001 -0.003 -0.010 -0.002 -0.002 -0.004 0.003 -0.007 -0.012 0.011 -0.004 -0.008 0.006 -0.005 -0.009 0.009 0.017 0.003 0.021 -0.011 -0.008 0.011 1.002 0.008 0.008 0.008 0.008 0.008 0.008 0.008 0.008 0.008 0.008 0.008 0.008 0.008 0.008 0.008 0.008 0.008 0.008
-0.004 0.001 -0.009 0.009 -0.008 -0.008 0.000 -0.007 -0.008 0.001 -0.003 -0.010 -0.002 -0.002 -0.004 0.003 -0.007 -0.012 0.011 -0.004 -0.008 0.006 -0.005 -0.009 0.009 0.017 0.003 0.021 -0.011 -0.008 0.011 0.008 1.002 -0.001 -0.001 -0.001 -0.001 -0.001 -0.001 -0.001 -0.001 -0.001 -0.001 -0.001 -0.001 -0.001 -0.001 -0.001 -0.001 -0.001
-0.004 0.001 -0.009 0.009 -0.008 -0.008 0.000 -0.007 -0.008 0.001 -0.003 -0.010 -0.002 -0.002 -0.004 0.003 -0.007 -0.012 0.011 -0.004 -0.008 0.006 -0.005 -0.009 0.009 0.017 0.003 0.021 -0.011 -0.008 0.011 0.008 -0.001 1.002 0.016 0.016 0.016 0.016 0.016 0.016 0.016 0.016 0.016 0.016 0.016 0.016 0.016 0.016 0.016 0.016
-0.004 0.001 -0.009 0.009 -0.008 -0.008 0.000 -0.007 -0.008 0.001 -0.003 -0.010 -0.002 -0.002 -0.004 0.003 -0.007 -0.012 0.011 -0.004 -0.008 0.006 -0.005 -0.009 0.009 0.017 0.003 0.021 -0.011 -0.008 0.011 0.008 -0.001 0.016 1.002 0.001 0.001 0.001 0.001 0.001 0.001 0.001 0.001 0.001 0.001 0.001 0.001 0.001 0.001 0.001
-0.004 0.001 -0.009 0.009 -0.008 -0.008 0.000 -0.007 -0.008 0.001 -0.003 -0.010 -0.002 -0.002 -0.004 0.003 -0.007 -0.012 0.011 -0.004 -0.008 0.006 -0.005 -0.009 0.009 0.017 0.003 0.021 -0.011 -0.008 0.011 0.008 -0.001 0.016 0.001 1.002 -0.005 -0.005 -0.005 -0.005 -0.005 -0.005 -0.005 -0.005 -0.005 -0.005 -0.005 -0.005 -0.005 -0.005
-0.004 0.001 -0.009 0.009 -0.008 -0.008 0.000 -0.007 -0.008 0.001 -0.003 -0.010 -0.002 -0.002 -0.004 0.003 -0.007 -0.012 0.011 -0.004 -0.008 0.006 -0.005 -0.009 0.009 0.017 0.003 0.021 -0.011 -0.008 0.011 0.008 -0.001 0.016 0.001 -0.005 1.003 0.017 0.017 0.017 0.017 0.017 0.017 0.017 0.017 0.017 0.017 0.017 0.017 0.017
-0.004 0.001 -0.009 0.009 -0.008 -0.008 0.000 -0.007 -0.008 0.001 -0.003 -0.010 -0.002 -0.002 -0.004 0.003 -0.007 -0.012 0.011 -0.004 -0.008 0.006 -0.005 -0.009 0.009 0.017 0.003 0.021 -0.011 -0.008 0.011 0.008 -0.001 0.016 0.001 -0.005 0.017 1.003 -0.002 -0.002 -0.002 -0.002 -0.002 -0.002 -0.002 -0.002 -0.002 -0.002 -0.002 -0.002
-0.004 0.001 -0.009 0.009 -0.008 -0.008 0.000 -0.007 -0.008 0.001 -0.003 -0.010 -0.002 -0.002 -0.004 0.003 -0.007 -0.012 0.011 -0.004 -0.008 0.006 -0.005 -0.009 0.009 0.017 0.003 0.021 -0.011 -0.008 0.011 0.008 -0.001 0.016 0.001 -0.005 0.017 -0.002 1.003 -0.018 -0.018 -0.018 -0.018 -0.018 -0.018 -0.018 -0.018 -0.018 -0.018 -0.018
-0.004 0.001 -0.009 0.009 -0.008 -0.008 0.000 -0.007 -0.008 0.001 -0.003 -0.010 -0.002 -0.002 -0.004 0.003 -0.007 -0.012 0.011 -0.004 -0.008 0.006 -0.005 -0.009 0.009 0.017 0.003 0.021 -0.011 -0.008 0.011 0.008 -0.001 0.016 0.001 -0.005 0.017 -0.002 -0.018 1.003 -0.021 -0.021 -0.021 -0.021 -0.021 -0.021 -0.021 -0.021 -0.021 -0.021
-0.004 0.001 -0.009 0.009 -0.008 -0.008 0.000 -0.007 -0.008 0.001 -0.003 -0.010 -0.002 -0.002 -0.004 0.003 -0.007 -0.012 0.011 -0.004 -0.008 0.006 -0.005 -0.009 0.009 0.017 0.003 0.021 -0.011 -0.008 0.011 0.008 -0.001 0.016 0.001 -0.005 0.017 -0.002 -0.018 -0.021 1.004 -0.005 -0.005 -0.005 -0.005 -0.005 -0.005 -0.005 -0.005 -0.005
-0.004 0.001 -0.009 0.009 -0.008 -0.008 0.000 -0.007 -0.008 0.001 -0.003 -0.010 -0.002 -0.002 -0.004 0.003 -0.007 -0.012 0.011 -0.004 -0.008 0.006 -0.005 -0.009 0.009 0.017 0.003 0.021 -0.011 -0.008 0.011 0.008 -0.001 0.016 0.001 -0.005 0.017 -0.002 -0.018 -0.021 -0.005 1.004 -0.002 -0.002 -0.002 -0.002 -0.002 -0.002 -0.002 -0.002
-0.004 0.001 -0.009 0.009 -0.008 -0.008 0.000 -0.007 -0.008 0.001 -0.003 -0.010 -0.002 -0.002 -0.004 0.003 -0.007 -0.012 0.011 -0.004 -0.008 0.006 -0.005 -0.009 0.009 0.017 0.003 0.021 -0.011 -0.008 0.011 0.008 -0.001 0.016 0.001 -0.005 0.017 -0.002 -0.018 -0.021 -0.005 -0.002 1.004 0.005 0.005 0.005 0.005 0.005 0.005 0.005
-0.004 0.001 -0.009 0.009 -0.008 -0.008 0.000 -0.007 -0.008 0.001 -0.003 -0.010 -0.002 -0.002 -0.004 0.003 -0.007 -0.012 0.011 -0.004 -0.008 0.006 -0.005 -0.009 0.009 0.017 0.003 0.021 -0.011 -0.008 0.011 0.008 -0.001 0.016 0.001 -0.005 0.017 -0.002 -0.018 -0.021 -0.005 -0.002 0.005 1.004 -0.023 -0.023 -0.023 -0.023 -0.023 -0.023
-0.004 0.001 -0.009 0.009 -0.008 -0.008 0.000 -0.007 -0.008 0.001 -0.003 -0.010 -0.002 -0.002 -0.004 0.003 -0.007 -0.012 0.011 -0.004 -0.008 0.006 -0.005 -0.009 0.009 0.017 0.003 0.021 -0.011 -0.008 0.011 0.008 -0.001 0.016 0.001 -0.005 0.017 -0.002 -0.018 -0.021 -0.005 -0.002 0.005 -0.023 1.005 0.014 0.014 0.014 0.014 0.014
-0.004 0.001 -0.009 0.009 -0.008 -0.008 0.000 -0.007 -0.008 0.001 -0.003 -0.010 -0.002 -0.002 -0.004 0.003 -0.007 -0.012 0.011 -0.004 -0.008 0.006 -0.005 -0.009 0.009 0.017 0.003 0.021 -0.011 -0.008 0.011 0.008 -0.001 0.016 0.001 -0.005 0.017 -0.002 -0.018 -0.021 -0.005 -0.002 0.005 -0.023 0.014 1.005 -0.001 -0.001 -0.001 -0.001
-0.004 0.001 -0.009 0.009 -0.008 -0.008 0.000 -0.007 -0.008 0.001 -0.003 -0.010 -0.002 -0.002 -0.004 0.003 -0.007 -0.012 0.011 -0.004 -0.008 0.006 -0.005 -0.009 0.009 0.017 0.003 0.021 -0.011 -0.008 0.011 0.008 -0.001 0.016 0.001 -0.005 0.017 -0.002 -0.018 -0.021 -0.005 -0.002 0.005 -0.023 0.014 -0.001 1.005 0.023 0.023 0.023
-0.004 0.001 -0.009 0.009 -0.008 -0.008 0.000 -0.007 -0.008 0.001 -0.003 -0.010 -0.002 -0.002 -0.004 0.003 -0.007 -0.012 0.011 -0.004 -0.008 0.006 -0.005 -0.009 0.009 0.017 0.003 0.021 -0.011 -0.008 0.011 0.008 -0.001 0.016 0.001 -0.005 0.017 -0.002 -0.018 -0.021 -0.005 -0.002 0.005 -0.023 0.014 -0.001 0.023 1.005 0.016 0.016
-0.004 0.001 -0.009 0.009 -0.008 -0.008 0.000 -0.007 -0.008 0.001 -0.003 -0.010 -0.002 -0.002 -0.004 0.003 -0.007 -0.012 0.011 -0.004 -0.008 0.006 -0.005 -0.009 0.009 0.017 0.003 0.021 -0.011 -0.008 0.011 0.008 -0.001 0.016 0.001 -0.005 0.017 -0.002 -0.018 -0.021 -0.005 -0.002 0.005 -0.023 0.014 -0.001 0.023 0.016 1.005 0.002
-0.004 0.001 -0.009 0.009 -0.008 -0.008 0.000 -0.007 -0.008 0.001 -0.003 -0.010 -0.002 -0.002 -0.004 0.003 -0.007 -0.012 0.011 -0.004 -0.008 0.006 -0.005 -0.009 0.009 0.017 0.003 0.021 -0.011 -0.008 0.011 0.008 -0.001 0.016 0.001 -0.005 0.017 -0.002 -0.018 -0.021 -0.005 -0.002 0.005 -0.023 0.014 -0.001 0.023 0.016 0.002 1.005
