0.00000 -0.00005 -0.00009 -0.00027 0.00000 0.00002 -0.00000 0.00000 0.00000 0.00000 -0.00000 -0.00000 0.00000 0.00015 0.00008 0.00007 -0.00000 0.00000 -0.00007 0.00000 -0.00000 0.00000 0.00000 0.00020 -0.00004 0.00000 -0.00000 0.00002 0.00000 0.00022 0.00012 -0.00000 0.00000 -0.00004 0.00011 -0.00000 0.00000 -0.00000 -0.00000 -0.00000 0.00000 -0.00000 -0.00000 -0.00013 0.00005 -0.00000 0.00000 -0.00000 -0.00000 -0.00000
-0.00013 -0.00000 0.00000 -0.00000 0.00124 -0.06720 0.00000 -0.00006 0.00017 0.00000 -0.00067 0.00048 0.57596 0.00000 0.00019 0.00000 -0.00009 -0.00000 -0.00015 -0.00000 -0.00027 -0.00000 0.00010 0.00007 0.00029 0.00000 0.00007 -0.00000 -0.00000 0.02496 -0.00000 -0.00020 0.00000 0.00001 0.00006 -0.00000 -0.00000 0.00026 0.00000 -0.00029 -0.14511 -0.00000 0.00167 -0.00025 0.00000 0.00016 0.00034 0.00001 0.00000 0.00000
-0.00000 0.55366 0.00000 0.00008 0.02341 -0.32354 -0.00007 0.00000 0.00184 0.00034 -0.00054 -0.00000 0.13224 0.00000 0.00015 0.00003 0.00040 0.00001 -0.00030 0.00000 -0.00039 -0.00000 0.00000 -0.00031 0.00000 -0.00000 0.00005 -0.00000 -0.00015 0.00269 -0.00000 -0.00010 0.00000 0.00011 -0.00000 -0.00000 -0.00001 -0.00000 0.00000 -0.00029 -0.00000 -0.00002 0.00081 -0.00019 -0.00002 0.00017 0.00000 0.00000 0.00000 0.00001
-0.00004 -0.00000 0.00012 -0.00000 0.00001 -0.00000 0.00000 -0.00000 0.00017 0.00000 -0.00000 -0.00000 -0.00000 -0.00000 0.00067 0.00000 0.00006 0.00000 -0.00018 -0.00001 0.00002 -0.00000 0.00000 -0.00000 -0.00031 -0.63183 0.00000 0.00000 -0.00004 0.00004 0.00000 0.00000 0.00000 0.00000 -0.00000 0.00000 -0.00000 -0.00033 -0.00004 0.00000 -0.00001 0.00000 -0.00024 -0.00000 0.00000 0.00000 -0.00020 0.00000 0.00005 -0.00000
-0.00000 0.00000 0.00038 -0.00000 -0.00000 0.54458 0.00000 -0.00000 -0.00000 -0.00000 0.00012 -0.00000 -0.00000 -0.00000 0.00000 -0.00000 0.00000 -0.00000 -0.00000 0.00000 0.00000 0.00000 -0.00000 0.00000 0.00000 0.00000 -0.00001 -0.00003 -0.00000 0.00000 -0.00000 -0.00000 0.00000 0.00000 0.00000 -0.00000 -0.00000 -0.00026 -0.00000 0.00008 0.00000 -0.00000 -0.00144 -0.00009 -0.00000 -0.00000 0.00003 0.00000 -0.00000 0.00005
-0.00017 0.00000 -0.00000 -0.00019 -0.00000 0.00000 0.00000 -0.00010 -0.00000 0.00077 0.00010 -0.00008 -0.00032 0.00017 -0.00000 -0.00000 0.00029 0.00029 -0.00002 -0.00018 -0.00000 -0.00000 0.00082 -0.00055 0.00004 -0.00020 0.00000 -0.00851 -0.00025 -0.00051 -0.00018 -0.02483 -0.00010 0.00002 -0.00028 -0.00072 0.00029 0.00005 0.00000 -0.00030 -0.00013 -0.00007 -0.00000 0.00000 -0.00005 0.00401 -0.00000 -0.00010 0.00000 -0.00008
0.00000 -0.00000 0.00000 0.00000 0.00011 0.00000 -0.00000 0.00000 0.00000 0.00000 -0.00000 -0.00000 -0.00000 -0.00000 -0.00000 -0.00003 0.00008 -0.00012 -0.00000 -0.00004 -0.00004 0.00000 0.00000 0.00000 -0.00000 -0.00009 -0.00005 -0.00003 0.00000 0.00028 0.00000 0.00000 -0.00000 0.00000 -0.00000 -0.00000 0.00000 -0.00037 0.00000 0.00005 -0.00000 -0.00012 -0.00017 0.00006 0.00000 -0.00000 -0.00010 0.00000 -0.00004 0.00000
-0.00000 -0.00016 0.00000 -0.00006 0.00000 0.00000 -0.00000 -0.00000 -0.00000 -0.00000 0.00022 -0.00000 0.00000 -0.00000 -0.00000 0.00018 0.00000 0.00000 0.00000 0.00000 0.00002 0.00000 -0.00000 -0.00001 -0.00009 0.00004 -0.00009 -0.00000 -0.00000 0.00000 0.00000 0.00013 -0.00002 -0.00000 -0.00000 0.00000 -0.00000 -0.00004 0.00001 -0.16145 -0.00025 0.00000 0.00016 0.00000 -0.00023 -0.00002 -0.00000 0.00000 0.00000 -0.00000
-0.00000 0.00000 0.00000 0.00011 -0.05552 0.35560 0.00000 0.00000 -0.00000 0.00010 -0.00000 0.00000 0.00000 0.00000 0.00000 0.00006 0.00017 -0.00000 -0.00000 -0.00008 0.00000 0.00000 0.00003 -0.00016 0.00025 -0.00000 -0.00000 -0.00000 0.00003 0.00000 0.00003 -0.00000 -0.00000 0.00000 -0.00001 -0.00005 -0.00000 0.00063 0.00000 0.00000 0.00014 0.00000 0.00000 0.00010 -0.00000 0.00000 -0.44026 -0.00000 0.00001 0.00000
0.00000 -0.00000 0.00048 -0.00010 0.00000 -0.00000 0.00014 -0.00000 0.00008 0.00000 0.00000 -0.00000 0.00000 0.00000 -0.00000 -0.00000 0.00012 -0.00000 -0.00018 0.00020 0.00000 -0.00000 -0.00000 -0.00007 0.00011 0.00029 -0.00010 0.00000 -0.00013 0.00014 -0.00000 0.00006 -0.00051 0.00000 0.00000 0.00008 0.00008 0.00000 0.00008 0.00004 0.00000 -0.00000 -0.00000 0.00000 -0.00018 -0.00000 -0.00001 -0.00000 0.00009 0.00000
-0.00010 -0.00041 -0.00040 -0.00000 0.00000 0.00001 -0.00000 0.00000 -0.00000 -0.00020 -0.00000 -0.00000 -0.00000 0.00002 0.00000 0.00000 0.00007 -0.00006 0.00020 0.00000 0.00000 0.00000 0.00000 -0.00005 0.00058 -0.00000 0.00018 -0.00006 0.00014 0.00003 -0.00000 0.00000 0.00015 -0.00000 0.00000 0.00000 -0.00000 0.00025 -0.00000 0.50833 0.00000 -0.00000 0.00064 0.00019 0.00000 0.00000 -0.00000 -0.00000 0.00000 -0.00000
-0.00000 -0.00000 0.00008 0.00000 -0.00000 -0.00006 0.00000 -0.00000 -0.00000 -0.00000 -0.00004 -0.00000 -0.00000 0.00000 0.00000 0.00000 0.00004 -0.00000 -0.00000 -0.00004 -0.00000 -0.00000 -0.00000 -0.00003 0.00000 -0.00000 0.00000 0.00000 -0.00003 0.00000 -0.00000 -0.00000 -0.00000 -0.00000 -0.00000 -0.00000 0.00000 -0.00002 0.00001 -0.00001 -0.00000 0.00000 0.00000 0.00000 -0.00000 0.00000 0.00000 0.00000 -0.00000 0.00000
0.00000 -0.00000 0.00000 0.00000 0.00000 -0.04279 0.00000 0.00000 0.00000 -0.00009 -0.00067 -0.00005 0.00000 -0.00000 0.00029 0.00000 -0.00028 -0.00000 0.00000 0.00000 -0.00000 -0.00018 0.00017 0.00028 0.00006 0.00008 0.00043 -0.00015 0.00000 -0.10574 -0.00022 0.00000 0.00000 -0.00000 -0.00000 0.00288 0.00014 -0.00153 0.00000 -0.00010 -0.00000 -0.00000 0.00083 -0.00019 0.00012 0.00017 -0.01765 0.00024 -0.00000 -0.00002
0.00005 0.00009 -0.00000 -0.00000 -0.00000 0.00000 -0.00000 0.00000 -0.00000 -0.00012 0.00000 0.00000 0.00000 -0.00000 0.00004 -0.00008 0.00021 -0.00000 -0.00000 -0.00000 0.00004 -0.00000 0.00000 -0.00018 -0.00005 0.00000 0.00000 0.00000 0.00000 -0.00007 -0.00000 -0.00000 -0.00001 -0.00000 0.00001 0.00000 0.00003 0.00013 0.00009 0.00000 0.00036 -0.00000 -0.00052 -0.00000 0.00000 0.00000 0.00000 0.00002 0.00000 -0.00001
0.00000 0.00009 0.00000 0.00000 -0.00009 -0.00010 0.00000 -0.00000 -0.00031 0.00003 0.00001 0.00000 -0.00000 -0.00000 0.00000 0.00000 -0.00011 -0.00000 0.00000 -0.00000 -0.00000 0.00000 -0.00000 0.00007 0.00000 -0.00000 0.00028 -0.00000 0.00018 -0.00008 0.00000 0.00000 -0.00011 0.00005 -0.00000 0.00005 -0.00000 0.00024 0.00000 0.00000 0.00035 -0.00000 0.00000 -0.00006 0.00004 0.00014 -0.00000 0.00010 0.00011 0.00002
0.00010 -0.00000 0.00000 0.00000 0.00005 -0.00017 -0.00007 -0.00000 -0.00007 0.00002 -0.00000 0.00000 0.00000 -0.00000 0.00000 -0.00000 -0.00055 0.00000 0.00000 0.00000 0.00000 0.00015 0.00000 0.00028 -0.00050 -0.00000 -0.00051 -0.00000 0.00000 0.00016 -0.00004 -0.00000 -0.00000 -0.00000 0.00000 -0.00000 0.00000 -0.00041 0.00000 0.00000 -0.00023 0.00000 -0.00041 0.00000 0.00002 -0.00002 -0.00000 0.00000 -0.00000 0.00000
-0.00000 -0.00004 -0.00010 0.00000 -0.00000 0.00043 -0.00000 -0.00000 -0.00000 -0.00000 0.00000 -0.00000 0.00000 0.00029 -0.00000 0.00000 -0.00000 -0.00000 -0.00000 0.00000 0.00000 0.00060 0.00000 -0.75652 0.00047 0.00027 -0.00000 0.00000 0.00021 -0.00047 -0.00019 -0.00000 -0.00000 0.00011 -0.00000 0.00003 0.00000 0.00005 -0.00000 -0.00000 -0.00004 0.00000 0.00135 0.26521 0.00000 0.00000 0.00000 0.00000 -0.00009 0.00000
0.00001 -0.00007 0.00000 -0.00000 0.00001 0.00091 -0.00007 0.00000 -0.00000 -0.00006 -0.00012 0.00000 -0.00003 0.00000 -0.20495 0.00000 -0.00004 0.00000 0.00000 -0.00000 0.00001 0.00000 -0.00002 0.00000 0.00084 -0.00004 0.00009 0.00000 -0.00000 0.00000 -0.00000 0.00000 0.00003 0.00000 -0.00000 -0.00014 -0.00000 -0.00007 -0.00001 0.00000 -0.00023 0.00000 0.00050 -0.00000 0.00000 -0.00006 0.00000 -0.00000 -0.00000 -0.00000
-0.00000 -0.00004 -0.00028 0.00000 -0.00000 -0.00000 0.00000 -0.00000 0.00018 -0.00001 0.00014 0.00003 0.11308 0.00003 0.00000 -0.00000 0.00000 -0.00000 -0.00000 0.00000 0.00000 -0.00000 -0.00000 0.00000 0.00015 -0.00000 0.00031 -0.00000 0.20609 -0.35184 -0.00024 0.00000 0.00000 0.00000 0.00000 0.00000 0.00000 -0.00000 -0.00000 0.00000 -0.00000 0.00000 -0.00021 -0.00000 -0.00000 0.00000 -0.00068 -0.00000 -0.00000 -0.00000
0.00000 0.00005 0.00009 -0.00001 -0.00006 -0.00023 -0.00003 0.00000 0.00000 0.00007 -0.00000 -0.00000 -0.00000 -0.00000 -0.00000 -0.00007 -0.00000 0.00000 -0.00012 -0.00000 -0.00000 0.00000 -0.00007 0.00000 -0.00105 0.00003 -0.00050 0.00000 0.00000 0.00036 0.00000 -0.00000 0.00020 0.00000 0.00000 0.00000 0.00003 -0.00083 0.00000 0.00000 0.00000 0.00000 -0.00103 -0.00015 -0.00000 0.00000 0.00000 0.00000 0.00007 0.00003
0.00000 -0.00011 0.00000 0.00000 -0.00000 -0.00000 0.00000 0.00008 0.00000 0.00014 -0.00000 0.00000 0.00000 0.00000 0.00000 0.00000 -0.00014 0.00001 -0.00000 -0.00000 -0.00000 -0.00000 0.00000 0.00020 -0.00020 -0.00000 0.00003 -0.00000 0.00005 0.00000 0.00000 0.00000 -0.00000 0.00003 0.00000 0.00000 0.00000 -0.00013 -0.00000 -0.00000 0.00035 -0.00011 0.00000 0.00000 -0.00000 -0.00000 0.08476 0.00000 -0.00009 0.00000
-0.00000 -0.00053 -0.00029 -0.00000 0.00010 -0.00016 0.00000 -0.00000 0.00011 0.00000 -0.00000 -0.00000 -0.00029 0.00047 0.00005 0.00004 -0.00000 -0.00000 0.00000 0.00001 0.00000 0.00000 0.00030 -0.00000 0.00093 -0.00000 0.00727 -0.00001 0.00015 -0.00020 -0.00000 -0.00000 0.00000 -0.00001 -0.00000 0.00001 -0.00000 0.00040 -0.00061 -0.00011 -0.00021 0.00000 -0.00055 0.00000 0.00000 0.00000 -0.00025 0.00000 -0.00000 0.00002
0.00005 0.00009 0.00000 0.00000 0.00000 0.00004 -0.00000 -0.00000 -0.00002 -0.00000 0.00000 -0.00000 0.00002 0.00000 -0.00005 -0.00000 0.00007 -0.00000 0.00000 -0.00000 0.00000 -0.00000 -0.00000 -0.00013 0.00009 -0.00007 0.00005 -0.00000 0.00000 -0.00030 -0.00000 -0.00000 0.00000 -0.00000 -0.00000 0.00000 0.00000 0.00027 0.00000 0.00000 0.00041 0.00000 0.00101 0.00001 -0.00000 0.00000 0.00001 0.00000 -0.00000 0.00000
0.00002 0.00029 -0.00000 -0.00000 -0.00035 -0.00054 0.00000 -0.00000 -0.00043 -0.00003 0.00000 -0.00000 0.00000 -0.05534 0.00000 0.00039 0.00000 -0.00001 -0.00027 0.00002 0.00019 -0.20436 0.00029 0.00000 -0.00063 -0.00036 -0.00000 0.00004 -0.00010 0.00049 -0.00000 0.00000 0.00000 -0.00015 -0.00013 0.00006 0.00023 -0.00021 0.03972 0.00000 0.00035 -0.00000 -0.00121 -0.54323 0.00000 0.00000 0.00012 0.00015 0.00013 -0.00000
0.00000 0.00000 0.00007 0.00000 -0.00003 0.00093 0.00000 -0.00000 -0.00000 0.00000 0.00000 -0.00000 0.00000 0.00000 -0.00000 -0.00000 0.00000 -0.00000 0.00000 -0.00000 -0.00000 -0.00004 -0.00011 0.00001 -0.00000 0.00005 0.06621 -0.00028 0.00007 -0.00069 0.00002 -0.09548 -0.00000 -0.00000 0.00013 0.00000 0.00000 0.04304 -0.00000 -0.00034 0.00003 0.00000 0.48988 -0.00000 0.00008 -0.00000 0.00005 0.00004 0.00000 0.00000
-0.00007 -0.00014 -0.00000 -0.00000 0.00002 0.00000 -0.00001 0.00003 0.00000 0.00012 0.00000 0.00000 -0.00007 0.00000 -0.18666 -0.00003 0.00049 -0.00005 0.00000 0.00000 -0.00000 -0.00000 0.00000 -0.00022 0.00002 0.00000 -0.00001 0.00002 0.00004 -0.00003 0.00011 0.00014 0.00000 -0.00000 -0.00015 0.00000 0.00000 0.00014 -0.00000 -0.00004 0.00003 0.00000 -0.00092 0.00019 0.00003 -0.00005 0.00015 -0.00000 -0.00030 -0.00000
-0.00017 0.00399 0.01338 -0.00075 -0.01201 0.32738 -0.00001 -0.00000 -0.02610 0.00016 0.00023 -0.00000 0.00019 0.00016 0.00000 -0.00047 0.00000 0.00038 0.00003 -0.00049 -0.00005 0.00161 0.00050 -0.00023 0.00000 -0.00245 0.00000 -0.08366 0.00000 -0.07880 -0.00003 -0.12470 0.00000 -0.00000 0.00001 -0.00169 0.00042 0.11094 0.00044 -0.00065 0.00000 -0.00031 -0.00000 0.00000 -0.00000 0.00365 0.01246 -0.00017 0.00140 0.00000
0.00000 -0.00000 0.00016 0.00000 0.00001 -0.00027 -0.00000 0.00002 -0.00000 -0.00002 -0.00000 0.00000 -0.00000 -0.00000 -0.00000 -0.00001 -0.00011 0.00013 -0.00000 -0.00000 -0.00001 -0.00000 -0.00000 0.00000 -0.00096 0.00000 -0.00000 -0.00000 -0.00000 -0.00016 -0.00000 -0.00000 -0.00003 0.00000 -0.00000 -0.00006 0.00000 0.00085 0.00000 -0.00000 -0.00007 0.00000 -0.00045 -0.00013 -0.00000 0.00000 0.00000 -0.00000 -0.00000 0.00000
-0.00000 -0.00015 0.00000 -0.00000 -0.00000 -0.00021 -0.00004 -0.00000 0.00000 -0.00011 0.00000 0.00003 0.13042 0.00007 0.00004 -0.00006 0.00000 0.00000 0.00000 -0.00004 0.00000 0.00011 0.00003 -0.00013 -0.00000 0.00000 -0.00001 -0.00004 0.00000 -0.32133 0.00000 0.00008 -0.00004 -0.00000 -0.00000 0.00048 0.00002 -0.00000 -0.00021 -0.00000 0.00000 0.00000 0.00010 0.00005 0.00000 0.00038 -0.00003 -0.00000 -0.00010 0.00000
0.00000 -0.00002 0.00028 0.00012 -0.00021 -0.06758 0.00016 0.00096 -0.00064 0.00000 -0.00049 0.00065 -0.00003 -0.00020 -0.00012 0.00003 -0.00020 -0.00000 0.00000 0.00021 0.00001 -0.00012 -0.00011 0.00024 -0.00015 -0.00000 -0.00000 -0.00393 0.00000 0.00000 0.00002 0.01619 -0.00029 -0.00000 0.00050 0.06300 -0.00003 0.00000 -0.00031 -0.00085 -0.00000 0.00046 -0.00030 -0.00020 0.00040 0.02736 -0.08193 0.00009 0.00021 -0.00012
0.00000 0.00000 0.00000 0.00000 0.00000 0.00000 0.00000 0.00004 0.00019 0.60434 -0.00000 0.00000 0.00000 -0.00000 -0.00000 -0.00000 -0.00011 0.00000 -0.00007 0.00002 0.00000 -0.00000 -0.00000 0.00000 0.00000 0.00028 -0.00000 -0.00000 -0.00000 -0.00002 -0.00000 0.00000 -0.00043 -0.00000 0.00000 0.00004 0.00000 0.00011 0.00003 0.00000 -0.00001 -0.00000 0.00009 0.00000 0.00000 0.00000 -0.00018 -0.00000 0.00000 -0.00000
0.00000 -0.00000 -0.00000 0.00002 0.00000 -0.00074 -0.00004 -0.00000 0.00007 -0.00006 -0.00003 -0.00000 -0.00007 -0.00000 -0.00038 0.00033 -0.00040 0.00008 -0.00000 -0.00000 -0.00012 0.00000 -0.00000 0.00036 -0.00018 0.00000 -0.00000 0.00082 -0.00000 0.00023 0.00000 -0.00000 -0.00000 -0.00000 -0.00003 0.00000 -0.00000 -0.00021 -0.00000 0.00072 -0.00005 -0.00000 -0.00002 -0.00013 0.00002 0.00000 -0.00021 0.00002 -0.00016 -0.00000
-0.66308 -0.00000 0.00002 0.00000 -0.00000 -0.00007 0.00000 -0.00000 -0.00000 -0.00016 0.00005 0.00001 0.00000 0.00000 -0.00000 -0.00006 -0.00020 0.00000 -0.00017 -0.00000 -0.00000 -0.00003 0.00007 0.00014 0.00054 -0.00000 -0.00005 -0.00003 -0.00000 0.00001 0.00000 0.00000 -0.00000 -0.00000 -0.00000 0.00009 -0.00000 -0.00000 0.00000 0.00000 0.00000 -0.00000 0.00020 -0.00015 -0.00000 0.00000 0.00001 -0.00012 0.00006 0.00000
-0.00000 0.00000 0.00000 0.00000 0.00011 0.00007 -0.00000 -0.00010 -0.00000 -0.00004 -0.00002 0.00000 -0.00000 -0.00000 -0.00001 -0.00000 0.00027 -0.00000 -0.00006 0.00000 0.00000 -0.00011 -0.00000 -0.00038 0.00000 0.00000 -0.00024 -0.00000 0.00000 -0.00000 -0.00000 0.00000 0.00000 -0.00000 -0.00000 -0.00000 0.00002 0.00000 -0.00004 -0.00000 -0.00000 -0.00000 -0.00045 0.00035 -0.00008 -0.00000 -0.00000 -0.00000 0.00000 0.00002
0.00015 -0.00000 -0.00000 0.00003 0.00000 -0.00025 -0.00000 -0.00000 -0.00013 0.00013 0.00000 0.00000 0.00006 0.00000 -0.00000 0.00000 -0.00000 -0.00000 0.00003 0.00002 -0.00000 -0.00005 -0.00000 -0.00000 0.00007 -0.00013 0.00000 -0.00000 0.00003 0.00001 0.00000 -0.00009 -0.00000 -0.00000 -0.00000 -0.00000 -0.00000 -0.00019 -0.00000 -0.00009 0.00019 -0.00000 -0.00055 0.00000 0.00003 -0.00000 0.00000 -0.00000 -0.00000 -0.00000
-0.00000 -0.00000 0.00000 -0.00000 -0.00000 -0.00071 0.00001 0.00004 -0.00000 0.00000 -0.00000 -0.00000 -0.00003 -0.00000 0.00000 0.00000 0.00000 -0.00000 0.00015 0.00000 -0.00000 -0.00000 -0.00000 0.00020 0.00000 0.00000 0.00000 -0.00000 0.00013 0.00000 0.00000 0.00008 0.00022 0.00000 -0.00000 -0.00000 -0.00000 -0.00000 0.00001 -0.00000 0.00045 0.00000 0.00000 -0.00000 0.00002 -0.00000 -0.13434 0.00000 -0.00001 0.00000
0.00000 -0.00000 0.00000 -0.00000 0.00009 -0.00001 -0.00000 -0.00000 -0.00000 0.00013 0.00002 0.00000 0.00000 0.00000 0.00000 0.00000 0.00058 -0.00011 0.00000 0.00000 0.00013 0.00000 -0.00000 0.00017 0.00069 0.00000 0.00069 -0.00000 0.00001 0.00000 0.00028 -0.00000 0.00000 -0.00000 -0.00000 -0.00000 -0.00000 0.00018 -0.00000 -0.00000 0.00020 -0.00004 0.00066 0.00000 0.00000 -0.00000 -0.00007 0.00000 0.00015 -0.00000
0.00000 0.00022 -0.00000 -0.00007 0.00035 0.03386 -0.00000 -0.00011 0.00018 0.00000 -0.00022 -0.00009 -0.00000 0.00000 -0.00000 0.00000 0.00000 -0.00015 -0.11670 -0.00039 -0.00006 -0.00000 0.00001 -0.00024 0.00013 0.00000 0.00000 -0.00003 -0.06446 -1.32115 0.00000 -0.00161 -0.00000 -0.00005 0.00014 -0.12440 -0.00000 -0.00000 -0.00000 -0.00013 -0.00000 -0.00000 -0.00000 0.00018 0.00000 -0.00028 0.09609 -0.00000 0.00000 -0.00000
-0.00000 0.00007 0.00000 -0.00000 0.00000 -0.00000 0.00000 0.00000 -0.00018 0.00006 0.00001 0.00003 -0.00013 0.00000 0.00000 0.00000 0.00000 -0.00000 0.00000 0.00000 -0.00000 -0.00001 -0.00000 0.00005 -0.00000 0.00000 0.00000 -0.00000 -0.00000 -0.00000 0.00000 0.00000 0.00000 0.00000 0.00000 0.00000 -0.00000 0.00017 -0.00000 -0.00006 -0.00023 -0.00001 -0.00000 0.00000 0.00000 0.00000 -0.00000 0.00000 0.00000 -0.00000
-0.00000 -0.00039 -0.00066 -0.00000 0.00000 0.00007 0.00000 -0.00000 -0.00002 0.00000 -0.00000 -0.00010 -0.00025 -0.00013 -0.00000 -0.00000 -0.00002 -0.00006 -0.00000 -0.00029 0.00000 -0.00017 0.00003 0.00010 0.00025 -0.00015 -0.00000 -0.00000 0.00000 -0.00042 0.00000 0.00000 0.00004 -0.00000 -0.00014 0.00010 0.00000 0.00074 0.00000 0.00000 -0.00001 -0.00001 0.00016 -0.00000 0.00000 -0.00000 -0.00013 0.00000 -0.00026 -0.00007
0.00000 -0.00000 -0.00002 0.00002 0.00008 -0.00012 -0.00000 -0.00018 0.00029 -0.00000 0.00021 0.00000 1.00773 0.00008 0.00008 -0.00011 -0.00103 0.00003 0.12762 -0.00000 0.00000 0.00001 0.00019 0.00034 0.00000 -0.00010 0.00039 -0.00000 0.24238 -0.20647 -0.00000 -0.00000 -0.00000 0.00000 0.00013 0.00008 0.00007 -0.07817 -0.00000 0.00000 -0.00000 -0.00000 0.00032 -0.00001 0.00000 0.00000 -0.00044 0.00000 -0.00016 -0.00000
-0.00000 -0.00000 0.00010 0.00000 -0.00004 -0.00002 0.00000 0.00000 0.00000 -0.00000 -0.00001 -0.00000 0.00000 -0.00000 -0.21679 -0.00000 -0.00000 0.41343 -0.00028 -0.00000 0.00000 -0.00000 -0.00000 -0.00000 -0.00001 -0.00000 -0.00019 -0.00000 -0.00000 0.00022 -0.00000 -0.00000 0.00000 0.00002 0.00000 0.00000 0.00000 -0.00040 0.00000 -0.00000 -0.00026 -0.00000 -0.00000 -0.00000 -0.00000 -0.00000 -0.00008 -0.00000 -0.00001 0.00011
-0.00000 0.00061 0.00094 -0.00025 -0.01476 0.55231 -0.00000 -0.00000 -0.00586 0.00010 -0.00000 0.00000 -0.00003 0.00032 0.00027 -0.00038 0.00000 0.00014 -0.00000 -0.00001 -0.00000 -0.00000 -0.00000 -0.00020 0.00000 0.00002 1.42720 -0.00085 -0.00007 -0.00033 0.00031 -0.07905 -0.00000 -0.00000 0.00000 0.00000 0.00038 0.05281 0.00008 -0.00054 -0.00007 -0.00000 -0.00000 -0.00002 -0.07779 -0.00000 0.00052 -0.00017 0.00066 -0.00003
-0.00026 -0.00049 -0.00040 0.00000 0.00019 0.00036 -0.00000 -0.00000 0.00023 -0.00000 0.00000 0.00000 -0.00005 0.06692 -0.00010 -0.00000 -0.00000 0.00000 0.00000 0.00019 0.00000 0.21721 -0.00006 -0.00000 0.00109 0.00033 0.00006 -0.00000 -0.00000 -0.00045 0.00000 -0.00034 0.00000 0.00032 0.00001 -0.00005 -0.00000 0.00028 -0.05045 -0.00000 -0.00030 -0.00000 0.00061 0.00000 0.00000 -0.00000 -0.00019 -0.00000 -0.00005 0.00000
0.00000 0.00000 -0.00019 -0.00000 0.00015 -0.00315 0.00000 -0.00000 0.00002 -0.00005 0.00000 0.00000 0.00000 -0.00000 -0.00006 -0.00000 0.00012 0.00000 0.00005 -0.00000 0.00000 0.16591 -0.00000 -0.00000 0.00000 0.00000 0.31069 -0.00000 -0.00000 0.00022 -0.00000 0.00007 -0.00030 -0.00005 -0.00000 0.00000 0.00006 -0.00032 0.00000 0.00002 0.00038 0.00000 -0.00000 0.00003 -0.00000 0.00005 0.00000 0.00000 0.00000 0.00003
-0.00000 0.00000 -0.00000 -0.00000 -0.00000 0.00000 0.00000 -0.00000 0.00000 0.00000 0.00000 0.00000 -0.00000 -0.00001 -0.00000 0.00000 -0.00000 0.00000 -0.00004 0.00001 -0.00000 0.00000 0.00000 0.00005 0.00054 -0.00010 0.00028 0.00000 -0.00002 0.00033 0.00000 0.00000 -0.00026 -0.00000 -0.00000 0.00000 -0.00000 -0.00059 -0.00000 -0.00000 -0.00000 0.00000 0.00111 -0.00001 0.00000 0.00000 0.00056 0.00000 0.00003 0.00000
-0.00000 0.00000 0.00000 -0.00045 0.01328 -0.29827 -0.00003 -0.00000 -0.00000 0.00002 -0.00012 -0.00002 0.00000 -0.00000 0.00015 -0.00000 -0.00005 0.00000 -0.00049 -0.00000 0.00000 -0.00035 -0.00002 0.00003 0.00045 -0.00000 0.00018 0.00000 -0.00011 0.00000 -0.00002 -0.00014 -0.00004 -0.00000 0.00000 -0.00000 0.00000 -0.00000 -0.00000 -0.00019 -0.00031 -0.00000 0.00147 -0.00007 -0.00000 -0.00000 0.00000 0.00000 -0.00012 -0.00025
-0.00000 0.00000 0.00025 0.00000 -0.00000 -0.00036 0.00000 0.00000 0.00000 -0.00000 -0.00003 -0.00000 0.00009 -0.00000 0.00000 -0.00000 0.00000 0.00000 0.00000 0.00000 0.00000 -0.00000 -0.00000 -0.00000 -0.00004 0.00005 -0.00027 -0.00000 0.00000 -0.00000 0.00000 -0.00004 -0.00000 0.00000 -0.00000 -0.00000 0.00000 -0.00007 -0.00000 0.00000 0.00014 -0.00005 0.00012 0.00020 -0.00000 0.00000 -0.00001 0.00000 0.00000 0.00000
-0.00001 -0.00000 0.46875 0.00022 -0.00000 -0.00031 0.00000 -0.00000 0.00000 0.00004 0.00000 -0.00000 0.00000 -0.00000 -0.00000 0.00000 -0.00000 -0.00000 -0.00018 0.00000 0.00000 -0.00000 -0.00000 0.00000 -0.00000 -0.00000 -0.00000 -0.00000 -0.00001 0.00018 0.00000 0.00000 0.00000 0.00000 -0.00000 -0.00000 -0.00003 -0.00026 0.00000 0.00000 -0.00005 -0.00016 -0.00000 -0.00004 0.00000 0.00010 -0.00003 0.00003 -0.00000 -0.00000
0.00000 0.00000 0.00025 -0.00000 0.00000 -0.00028 0.00000 0.00000 0.00003 0.00000 -0.00000 -0.00000 -0.00000 -0.00000 0.00000 0.00000 0.00005 0.00000 -0.00000 0.00010 0.00000 0.00000 -0.00000 0.00000 0.00000 0.00000 -0.00013 -0.00000 0.00000 0.00000 0.00000 -0.00000 -0.00000 -0.00000 0.00000 0.00000 -0.00000 0.00012 0.00000 -0.00000 -0.00000 0.00001 -0.00006 -0.00001 0.00000 -0.00000 0.00000 0.00007 -0.00000 -0.00000
