-0.00000 -0.00000 -0.00000 0.00000 -0.00000 -0.00002 -0.00000 0.00000 -0.00000 0.00000 -0.00000 -0.00000 0.00000 -0.00000 -0.00000 -0.00000 -0.00000 -0.00000 -0.00000 -0.00313 -0.00000 0.00000 -0.00000 -0.00000 -0.00000 -0.00000 -0.00000 -0.06599 0.00000 -0.00000
-0.00000 -0.00000 -0.00000 -0.00000 -0.00000 -0.00006 -0.00000 -0.00000 -0.00000 -0.00000 -0.00000 -0.00000 -0.00000 -0.00000 -0.00000 -0.00001 -0.00000 -0.00000 -0.00000 -0.00000 -0.00000 -0.00000 -0.00000 -0.00000 -0.00000 -0.00000 -0.00000 -0.06686 -0.00000 -0.00000
-0.00000 -0.00000 -0.00000 -0.00000 -0.00000 -0.00000 0.00000 -0.00000 -0.00866 0.00000 -0.00000 -0.00000 0.00000 -0.00001 -0.00000 -0.00000 -0.00000 -0.00000 -0.00000 0.00000 -0.00000 -0.00000 -0.00000 -0.00000 -0.00000 -0.00000 0.00000 -0.06696 -0.00000 -0.00000
0.00000 -0.00000 0.00000 -0.00000 0.00000 -0.00000 -0.00000 -0.00000 -0.02235 -0.00000 -0.00000 -0.00000 -0.00000 -0.00000 -0.00000 -0.00763 0.00000 0.00000 -0.00000 0.00000 -0.00000 0.00000 -0.00000 -0.00001 -0.00000 -0.00000 -0.00000 -0.06723 -0.00000 -0.00000
-0.00000 -0.00000 -0.00000 -0.00001 -0.00000 -0.00004 -0.00000 -0.00000 -0.00000 -0.00000 -0.00000 -0.00000 -0.00000 -0.02013 -0.00000 -0.00000 -0.00000 -0.00000 -0.00000 -0.00705 -0.00000 -0.00000 -0.00000 -0.00000 -0.00000 -0.00000 -0.00000 -0.06888 -0.00000 -0.00000
-0.00000 0.00000 -0.00000 -0.00000 -0.00000 -0.00000 -0.00000 -0.00000 -0.01761 -0.00000 0.00000 -0.00000 -0.00000 0.00000 -0.00000 -0.00276 -0.00000 0.00000 -0.00000 0.00000 -0.00000 -0.00000 -0.00000 -0.00000 -0.00000 -0.00000 -0.00000 -0.06691 -0.00000 -0.00000
-0.00000 -0.00000 -0.00000 -0.00000 0.00000 -0.00004 -0.00000 0.00000 -0.00206 0.00000 -0.00000 -0.00000 -0.00000 -0.00000 -0.00000 -0.00000 0.00000 -0.00000 -0.00000 -0.00037 -0.00000 -0.00000 -0.00000 0.00000 -0.00000 -0.00000 -0.00000 -0.06614 -0.00000 -0.00000
-0.00000 -0.00000 0.00000 -0.00000 -0.00000 -0.00266 -0.00000 0.00000 -0.01265 -0.00000 -0.00000 -0.00000 -0.00000 -0.00000 -0.00000 -0.00062 -0.00000 -0.00000 -0.00000 0.00000 -0.00000 -0.00000 -0.00000 -0.00002 -0.00000 -0.00000 -0.00000 -0.06597 -0.00000 0.00000
-0.00000 -0.00000 0.00000 -0.00000 0.00000 -0.00000 -0.00000 0.00000 0.00564 -0.00000 -0.00000 -0.00000 -0.00000 -0.00000 -0.00000 -0.00000 -0.00000 -0.00000 -0.00000 -0.01201 -0.00000 -0.00000 -0.00000 -0.00000 0.00000 0.00000 -0.00000 -0.06775 -0.00000 -0.00000
-0.00000 -0.00000 -0.00000 0.00000 -0.00000 -0.00000 -0.00000 -0.00000 -0.00000 0.00000 0.00000 -0.00000 -0.00000 -0.00001 -0.00000 -0.00000 -0.00000 -0.00000 0.00000 -0.00000 -0.00000 -0.00000 -0.00000 -0.00000 -0.00002 0.00000 -0.00000 -0.06801 -0.00000 -0.00000
-0.00000 -0.00000 -0.00000 -0.00000 0.00000 -0.00000 -0.00000 -0.00000 0.00342 0.00000 -0.00000 -0.00000 -0.00000 -0.00000 -0.00000 -0.00000 -0.00000 -0.00000 -0.00000 -0.01591 -0.00000 -0.00000 -0.00000 0.00000 -0.00001 0.00000 -0.00000 -0.06761 0.00000 -0.00000
0.00000 -0.00000 -0.00000 -0.00000 -0.00000 -0.00000 0.00000 -0.00000 -0.00000 0.00000 -0.00000 0.00000 0.00000 -0.00000 -0.00000 -0.00000 -0.00000 0.00000 -0.00000 0.00000 -0.00000 -0.00000 -0.00000 -0.00000 -0.00000 -0.00000 -0.00000 -0.06662 -0.00000 -0.00000
-0.00000 -0.00000 -0.00000 -0.00000 -0.00000 -0.00009 -0.00000 0.00000 -0.00011 0.00000 -0.00000 -0.00000 -0.00000 -0.00002 -0.00000 -0.00000 -0.00000 0.00000 -0.00000 -0.04057 -0.00000 -0.00000 -0.00000 -0.00000 -0.00000 -0.00000 0.00000 -0.07080 -0.00000 -0.00000
-0.00000 -0.00000 -0.00000 -0.00000 -0.00874 -0.00000 0.00000 -0.00000 -0.00212 0.00000 -0.00000 -0.00000 -0.00000 -0.00000 -0.00000 -0.00000 0.00000 -0.00000 -0.00000 0.00000 -0.00000 -0.00000 0.00000 0.00000 -0.00000 -0.00000 -0.00000 -0.06488 -0.00000 -0.00000
0.00000 -0.00000 -0.00000 -0.00000 -0.00000 -0.01669 0.00000 -0.00000 -0.00723 -0.00000 -0.00000 0.00000 -0.00000 -0.00000 -0.01732 -0.02187 0.00000 -0.00000 -0.00000 0.00000 -0.00000 -0.00000 -0.00000 -0.00000 -0.00004 -0.00000 0.00000 -0.06497 -0.00000 -0.00000
-0.00000 -0.00000 -0.00000 -0.00000 -0.00000 -0.00000 -0.00000 -0.00000 -0.00057 0.00000 -0.00000 -0.00000 0.00000 -0.00000 -0.00000 -0.02520 -0.00000 0.00000 -0.00000 0.00000 -0.00000 -0.00000 -0.00000 -0.00000 -0.00000 -0.00000 0.00000 -0.06766 -0.00000 -0.00000
-0.00000 -0.00000 -0.00000 -0.00000 -0.00000 -0.00003 -0.00000 -0.00000 -0.00000 0.00000 0.00000 0.00000 -0.00000 -0.00000 -0.00000 -0.00000 -0.00000 0.00000 -0.00000 0.00000 -0.00000 -0.00000 -0.00000 0.00000 -0.00000 -0.00000 -0.00000 -0.06845 0.00000 -0.00000
-0.00000 -0.00000 -0.00000 -0.00000 0.00000 -0.00000 -0.00000 0.00000 -0.00000 -0.00000 0.00000 -0.00000 0.00000 -0.00006 -0.00000 -0.00000 0.00000 0.00000 -0.00000 -0.00591 -0.00000 0.00000 -0.00000 -0.00000 0.00000 0.00000 -0.00000 -0.06863 -0.00000 -0.00000
-0.00000 -0.00000 -0.00000 -0.00000 -0.00000 -0.00005 -0.00000 -0.00000 0.00000 -0.00000 -0.00000 -0.00000 -0.00000 -0.00024 -0.00000 -0.00308 -0.00000 -0.00000 0.00000 -0.00000 -0.00000 -0.00000 -0.00000 -0.00005 -0.00000 -0.00000 -0.00000 -0.06756 -0.00000 -0.00000
-0.00000 -0.00000 -0.00000 -0.00000 -0.00000 -0.00000 -0.00000 -0.00000 -0.01316 -0.00000 -0.00000 -0.00000 0.00000 -0.00000 -0.00000 -0.00270 -0.00000 -0.00000 -0.00000 0.00000 -0.00000 0.00000 -0.00000 -0.00000 -0.00000 -0.00000 -0.00000 -0.06975 -0.00000 0.00000
0.00000 -0.00000 -0.00000 -0.00000 -0.00000 -0.00010 0.00000 -0.00000 -0.02096 -0.00000 0.00000 -0.00000 -0.00000 -0.00000 -0.00000 -0.00696 -0.00000 -0.00000 -0.00000 0.00000 0.00000 -0.00000 -0.00000 -0.00008 -0.00000 0.00000 -0.00000 -0.06798 -0.00000 -0.00000
-0.00000 -0.00000 -0.00000 -0.00000 -0.00000 -0.00001 -0.00000 0.00000 0.00000 -0.00000 -0.00000 -0.00000 -0.00000 -0.00002 -0.00000 -0.00000 0.00000 0.00000 -0.00000 -0.01386 -0.00000 -0.00000 -0.00000 -0.00000 -0.00000 -0.00000 -0.00000 -0.06901 -0.00000 0.00000
-0.00000 -0.00000 -0.00000 -0.00000 -0.00000 -0.00000 -0.00000 -0.00000 -0.00000 -0.00000 -0.00000 -0.00000 -0.00000 -0.00015 -0.00000 -0.00000 -0.00000 -0.00000 -0.00000 -0.00000 -0.00000 -0.00000 -0.00000 -0.00000 -0.00000 -0.00000 -0.00000 -0.06937 -0.00000 -0.00000
0.00000 -0.00000 -0.00000 -0.00000 0.00000 -0.00000 0.00000 0.00000 -0.01704 0.00000 -0.00000 -0.00000 -0.00000 -0.00004 -0.00000 -0.00840 -0.00000 -0.00000 -0.00455 0.00000 -0.00000 -0.00000 -0.00000 -0.00000 0.00000 -0.00000 0.00000 -0.06923 -0.00000 -0.00000
-0.00000 -0.00000 -0.00000 -0.00000 -0.00000 -0.00002 0.00000 -0.00000 -0.00000 -0.00000 -0.00000 -0.00000 -0.00000 -0.00005 -0.00000 -0.00000 -0.00000 0.00000 -0.00000 -0.00578 -0.00000 -0.00000 -0.00000 -0.00000 0.00000 -0.00000 -0.00000 -0.06897 -0.00000 -0.00000
-0.00000 -0.00000 -0.00000 -0.00000 0.00000 0.00000 -0.00000 0.00000 -0.00000 -0.00000 -0.00000 -0.00000 -0.00000 -0.00000 -0.00000 -0.00000 -0.00000 -0.00000 -0.00000 -0.00746 -0.00000 0.00000 -0.00000 -0.00000 -0.00000 -0.00000 -0.00137 -0.07044 0.00000 -0.00000
-0.00000 -0.00000 -0.00000 -0.00000 0.00000 -0.00001 0.00000 -0.01811 -0.00000 0.00000 0.00000 0.00000 0.00000 -0.00000 -0.00000 -0.00000 0.00000 -0.00000 -0.00000 -0.02325 -0.00000 -0.00000 -0.00000 -0.00000 -0.00000 -0.00368 0.00000 -0.07240 -0.00000 0.00000
-0.02640 -0.00000 -0.00000 -0.00000 -0.00000 -0.00000 -0.00000 -0.00210 0.00235 0.00000 -0.01331 -0.00015 -0.01548 0.00000 -0.04178 -0.00000 -0.00000 -0.00000 -0.00000 0.00000 -0.00000 -0.01780 0.00000 -0.00000 -0.00000 -0.00000 -0.00000 -0.06368 -0.00250 -0.00544
-0.00000 -0.00000 -0.00000 -0.00000 -0.00000 -0.00000 0.00000 0.00000 -0.02616 -0.00000 -0.00000 -0.00000 -0.00000 -0.00000 -0.00000 -0.00725 -0.00000 0.00000 -0.00000 0.00000 -0.00000 -0.00000 -0.00000 -0.00415 -0.00326 -0.00000 -0.00189 -0.06958 -0.00000 0.00000
-0.00000 -0.00000 -0.00000 -0.00000 -0.00000 -0.00000 -0.00000 -0.00000 -0.00830 -0.00000 -0.00000 -0.00000 -0.00000 -0.00000 -0.00000 -0.00000 -0.00000 -0.00000 -0.00000 0.00000 -0.00000 -0.00000 -0.00000 -0.00000 -0.00164 -0.00000 -0.00736 -0.06939 -0.00097 -0.00000
