0.00403 -0.00031 0.17168 0.01162 -0.00845 0.00869 -0.01336 0.00612 -0.00127 -0.00101 -0.00009 -0.01115 -0.41057 -0.00623 -0.03501 0.12183 -0.03059 -0.00775 -0.45525 0.01548 -0.00055 -0.37693 0.13981 -0.09962 -0.40940 -0.00311 -0.28838 -0.22466 -0.09474 -0.00217
-0.44133 -0.00090 -0.25019 0.01454 -0.01301 -0.00003 -0.00990 -0.01453 -0.03843 -0.00494 -0.29952 0.02111 -0.28633 -0.00686 -0.03908 0.13065 -0.00863 -0.00519 -0.20963 -0.04865 0.00342 -0.10767 0.04507 -0.06211 -0.14956 -0.00683 -0.06514 -0.07917 -0.01063 -0.00564
-0.02412 0.00320 0.00203 0.01712 -0.00696 0.01501 -0.00120 0.00682 -0.00100 -0.00619 0.00300 -0.01206 -0.00642 -0.01217 -0.00492 0.02662 0.00849 -0.01470 -0.01204 0.03709 0.00080 -0.00266 0.12062 -0.00258 -0.01477 -0.00692 -0.00088 -0.00250 0.00731 0.00306
-0.03131 -0.05836 -0.06192 0.00132 -0.00367 -0.00192 0.00055 -0.14965 0.01578 -0.24200 -0.03552 -0.01265 -0.01239 -0.00448 0.00886 -0.04071 -0.00403 -0.08276 -0.01918 -0.13873 -0.13449 -0.01048 -0.16478 -0.00003 -0.01461 0.12155 -0.01194 -0.00179 -0.00939 -0.03352
-0.03258 -0.00613 -0.19394 -0.35067 0.00076 -0.01616 0.00145 -0.34239 -0.36102 -0.21960 -0.07446 -0.00729 -0.03523 -0.36230 0.00183 -0.00718 -0.00502 -0.27190 -0.02903 -0.31261 -0.32682 -0.01326 -0.21784 -0.00126 -0.01082 -0.13728 -0.01141 -0.00532 -0.00283 -0.14293
-0.00568 -0.01241 -0.12550 -0.24973 -0.08558 -0.00045 -0.15079 -0.02941 -0.04857 -0.03625 -0.00573 -0.02828 -0.00276 -0.05992 -0.24808 -0.01188 -0.27036 -0.08690 -0.00545 0.03689 -0.04223 0.00267 0.11102 -0.00087 -0.00019 0.00022 -0.00177 -0.00249 0.00017 -0.01954
-0.01200 -0.02767 -0.27554 -0.51582 -0.74732 -0.00467 0.00028 -0.47719 -0.57096 -0.20306 -0.06353 0.00490 -0.03288 -0.53661 0.00082 0.00642 -0.00400 -0.39612 -0.01028 -0.47234 -0.38539 -0.00490 -0.37492 -0.00368 -0.01156 -0.11290 -0.00431 -0.00813 -0.00683 -0.12950
-0.00645 -0.02613 -0.03790 0.00880 -0.00067 0.00916 0.00029 0.00009 -0.01405 -0.42481 -0.15396 0.01159 -0.10277 0.00084 -0.01442 0.04620 -0.00947 0.01069 -0.05602 -0.00649 -0.26229 -0.02699 0.02690 -0.01010 -0.02984 -0.26863 0.00654 -0.01588 -0.01245 -0.25893
-0.05564 -0.10660 -0.30382 -0.33713 -0.00101 -0.00471 -0.00256 -0.28370 -0.00253 0.39365 -0.11900 0.00867 -0.06613 -0.24213 -0.00063 0.01234 -0.00884 -0.15849 -0.03717 -0.21076 -0.40219 -0.01377 -0.19362 -0.01057 -0.02099 -0.19885 -0.01495 -0.01444 -0.00834 -0.24234
-0.26455 -0.45696 -0.37017 0.01822 -0.00069 -0.01208 -0.00572 0.00565 -0.01695 -0.00166 -0.51884 0.01698 -0.30300 -0.00016 -0.02256 0.01805 -0.01400 0.01453 -0.18561 -0.00279 -0.00213 -0.06971 0.00505 -0.03323 -0.12098 -0.73591 -0.06390 -0.04721 -0.02778 -0.86846
-0.29416 -0.00405 -0.00521 -0.01149 -0.00619 -0.03117 -0.01133 -0.00140 -0.01023 -0.00576 -0.00352 -0.00785 -0.47908 -0.00460 -0.00932 -0.02706 -0.02701 -0.00729 -0.42508 0.01498 0.00430 -0.31049 0.42300 -0.02929 -0.36220 0.00120 -0.26897 -0.15455 -0.09819 0.00099
-0.01974 -0.06651 0.14548 0.56107 -0.26910 -0.01443 -0.35640 -0.22468 -0.36082 -0.14208 -0.01149 0.00478 -0.00715 -0.28650 0.00180 -0.01943 -0.00426 -0.23380 -0.00963 -0.16816 -0.10344 0.00053 -0.17609 -0.00379 -0.00618 0.06136 -0.00469 -0.00239 -0.00394 -0.03605
0.01058 -0.00743 -0.03392 -0.02232 -0.01141 -0.12255 -0.02234 -0.00702 -0.01942 -0.00725 -0.00346 -0.02246 -0.00491 -0.01540 -0.03224 -0.11281 -0.08776 -0.02543 -0.49369 -0.03528 0.00021 -0.39031 0.02670 -0.06926 -0.49163 -0.00220 -0.39126 -0.31361 -0.21032 0.00038
-0.07548 -0.16260 -0.13192 -0.25611 0.00122 -0.00262 -0.00287 -0.31142 -0.01168 -0.32651 -0.10009 0.00065 -0.06384 0.00060 -0.00193 0.01557 -0.00386 -0.21699 -0.03820 -0.25518 -0.33144 -0.01813 -0.01699 -0.00724 -0.03173 0.02545 -0.00964 -0.01506 -0.00723 -0.15891
0.00129 -0.00322 0.18192 -0.30871 -0.42820 -0.00015 -0.52281 -0.09797 -0.49044 -0.12938 -0.03009 -0.61172 -0.01618 -0.34294 0.00149 0.00503 -0.00178 -0.32892 -0.00424 -0.34028 -0.12584 -0.00327 -0.46903 -0.00035 -0.00290 -0.06931 -0.00014 -0.00331 -0.00311 -0.04869
-0.00778 0.00847 -0.10807 -0.05225 -0.05612 -0.15876 -0.07395 -0.00226 -0.02726 -0.00170 0.00455 -0.08240 -0.00090 -0.02873 -0.12861 0.00474 -0.13878 0.35253 -0.00353 0.00752 -0.01194 -0.00206 -0.07766 -0.23718 -0.00062 -0.01788 -0.00222 -0.00287 -0.00062 -0.00438
-0.00963 -0.08757 -0.19622 -0.25142 -0.28810 0.00130 -0.39029 -0.14136 -0.28723 -0.07327 -0.01762 -0.30156 -0.01414 -0.24513 -0.40796 -0.00191 -0.00337 -0.23656 -0.00718 -0.05645 -0.08553 0.00050 -0.61195 -0.00296 -0.00007 -0.03277 -0.00099 -0.00488 -0.00371 -0.04284
-0.05157 -0.01162 0.02867 -0.01712 -0.00489 -0.00485 -0.00144 -0.11867 -0.00362 -0.12021 -0.02155 -0.00986 -0.01694 0.00184 0.00459 0.00351 -0.00329 0.00416 -0.02201 -0.14067 -0.14729 -0.01619 0.00565 0.00173 -0.01291 -0.06615 -0.01618 -0.00240 -0.00537 -0.07627
0.00554 -0.00552 -0.05858 -0.02767 -0.02784 -0.12306 -0.02664 -0.00803 -0.01366 -0.00502 -0.00472 -0.03603 -0.00322 -0.01521 -0.05069 -0.12717 -0.10853 -0.04370 0.00056 -0.04384 -0.00411 -0.48752 -0.00934 -0.12085 -0.47178 -0.00604 -0.43237 -0.38847 -0.25212 -0.00448
-0.02611 -0.01284 -0.03551 0.00575 -0.00194 0.00808 0.00073 -0.14971 -0.01029 -0.16090 -0.00880 0.00855 -0.01245 0.00575 -0.00787 0.00719 -0.00638 0.01158 -0.00987 -0.00038 -0.13985 -0.00385 0.00583 -0.00688 -0.00199 -0.04552 -0.01021 -0.01017 -0.00640 -0.04628
-0.13551 -0.18208 -0.21031 -0.01361 -0.00299 -0.00533 -0.00177 0.00171 0.00102 -0.81988 -0.28678 -0.01061 -0.16746 -0.00083 0.00347 0.01582 -0.00914 -0.00433 -0.10466 -0.00365 0.00215 -0.05410 -0.01830 -0.00242 -0.07879 -0.42264 -0.04287 -0.02544 -0.01561 -0.46488
0.00408 -0.00531 -0.10974 -0.06489 -0.03599 -0.25125 -0.09398 -0.01785 -0.02991 -0.00873 -0.00369 -0.12109 -0.00440 -0.03686 -0.14619 -0.35844 -0.24082 -0.06325 -0.00090 -0.06997 -0.00683 0.00248 -0.12144 -0.29955 0.00141 -0.00789 -0.30674 -0.41125 -0.43567 -0.00283
0.00471 0.03142 -0.01432 -0.00037 -0.00904 -0.00172 -0.00144 -0.01881 -0.00711 -0.01219 -0.00475 0.00065 -0.00091 -0.04135 -0.00394 0.00523 -0.00203 -0.05072 0.00170 0.28283 -0.00911 -0.00323 0.00126 -0.00280 0.00162 0.00087 -0.00147 -0.00248 -0.00245 -0.00078
0.00368 0.00947 0.59060 -0.47395 -0.41439 -0.62103 -0.55903 -0.17083 -0.26931 -0.05028 -0.01758 -0.75798 -0.01330 -0.29427 -0.74252 0.01256 -0.54671 -0.44617 -0.00262 -0.35109 -0.07067 -0.00061 -0.55030 -0.00518 0.00074 -0.04102 -0.00025 -0.00142 -0.00375 -0.01167
0.00152 -0.00325 -0.07219 -0.03282 -0.03063 -0.16479 -0.04548 -0.01061 -0.02318 -0.00776 -0.00393 -0.05573 -0.00372 -0.03048 -0.07704 -0.20854 -0.13655 -0.04822 0.00174 -0.04074 -0.00399 -0.45119 -0.04700 -0.18311 0.00190 -0.00380 -0.47079 -0.42696 -0.33272 -0.00276
-0.60188 -0.97138 -0.29395 -0.01367 -0.00281 -0.00086 -0.00443 0.00390 0.01339 -0.00121 -0.41290 -0.01914 -0.35761 -0.00259 -0.00223 0.01054 -0.02552 -0.01016 -0.28650 0.00966 0.00261 -0.15210 0.06378 -0.01424 -0.22883 0.00231 -0.15400 -0.06688 -0.04637 0.00259
0.00304 -0.00663 -0.09772 -0.04784 -0.04916 -0.21321 -0.07080 0.00774 -0.04325 -0.01191 -0.00601 -0.11006 -0.00490 -0.02004 -0.06792 -0.37938 -0.21315 -0.05081 -0.00212 -0.08220 -0.00623 0.00170 -0.10469 -0.32930 0.00367 -0.00138 -0.00070 -0.48700 -0.41470 -0.00637
0.00457 -0.01216 -0.26004 -0.11347 -0.10272 -0.54683 -0.17639 -0.04468 -0.07628 -0.02551 -0.01264 -0.24514 -0.00768 -0.06879 -0.34239 -1.25161 -0.45959 -0.09515 -0.00014 -0.16979 -0.01591 0.00288 -0.27470 -0.70345 0.00258 -0.00306 0.00398 -0.00258 -0.73807 -0.00700
-0.00120 -0.01016 -0.15171 -0.15863 -0.14942 -0.46913 -0.21386 -0.06005 -0.09213 -0.02434 -0.00674 -0.26998 -0.00605 -0.08690 -0.35367 -0.57495 -0.45095 -0.14314 -0.00290 -0.16924 -0.03374 -0.00171 -0.25055 -0.55315 0.00000 -0.01364 0.00011 -0.00163 -0.00110 -0.01366
-0.43255 -0.47627 -0.36611 -0.02334 -0.00725 -0.00009 0.00079 -0.00416 0.00041 -0.00886 -0.48463 -0.01297 -0.32557 -0.00697 0.00853 0.01095 -0.01379 -0.02116 -0.25153 -0.01647 0.00037 -0.12030 -0.01174 0.00952 -0.18383 -0.66519 -0.10371 -0.05907 -0.04228 -0.00149
