0.00000 -0.00007 0.00001 -0.01062 -0.00006 0.00004 0.03471 -0.01922 0.00852 0.00474 -0.00540 0.01192 -0.00267 0.01324 0.51109 0.00265 0.00000 -0.00038 -0.00000 0.00000 -0.00000 0.00027 -0.00362 0.05472 -0.00006 -0.00007 -0.00006 0.00046 0.00000 -0.01812
-0.00755 0.00000 0.00006 0.00310 0.00035 -0.00004 -0.00520 -0.00258 -0.02025 -0.00002 -0.00914 -0.03479 0.04513 0.01089 -0.01496 -0.05072 0.00774 -0.01923 -0.00000 0.00006 0.01124 0.00003 -0.01941 -0.00056 -0.00001 0.00001 0.00004 0.00000 -0.00001 0.03789
0.05979 0.01732 0.00000 0.01487 0.00348 -0.02343 0.00555 -0.00878 -0.02396 0.05334 -0.02035 -0.05907 0.01609 0.08111 -0.00843 0.08166 0.94688 -0.03844 -0.03524 -0.00055 -0.13910 -0.00048 0.01435 0.07282 0.00880 0.00289 -0.01053 0.00971 -0.04963 0.01259
0.00013 -0.00000 0.00008 0.00000 -0.00002 0.00000 -0.05304 0.07587 -0.06378 -0.00874 0.63028 -0.00000 0.18779 0.01654 0.00013 -0.02685 -0.00152 -0.09293 -0.00000 -0.00035 0.00001 0.00009 -0.06784 -0.01494 -0.00002 0.00003 0.00004 -0.00000 -0.00000 -0.06710
-0.01023 0.01765 0.00112 -0.01203 0.00000 -0.02087 -0.00056 0.01497 -0.02364 0.00405 -0.02447 -0.06210 0.00329 0.01914 -0.00266 -0.02488 0.01927 -0.03988 -0.00994 -0.00020 0.02671 -0.00015 0.01430 -0.01487 0.00754 0.01317 0.00012 -0.01114 -0.05353 0.02587
-0.00346 0.05157 -0.00013 1.50407 -0.00006 0.00000 0.09554 -0.10945 0.04225 0.00341 0.23679 -0.07808 -0.19279 -0.02403 -0.00128 -0.00107 0.00261 0.08559 -0.00000 -0.00021 0.05559 0.00004 0.11518 0.06673 -0.00001 -0.00021 -0.00026 -0.34668 -0.00000 -0.04937
0.00033 0.00037 -0.00005 -0.00006 -0.00005 0.00001 0.00000 -0.01929 -0.01941 -0.00162 0.01215 0.00000 -0.00000 -0.00038 -0.00002 -0.00413 0.00163 0.00180 -0.00008 -0.00002 0.00004 -0.00011 0.10965 -0.00025 0.00001 0.00020 -0.00012 0.00004 -0.00006 -0.07972
-0.00061 -0.00007 0.00012 0.00002 0.00002 -0.00000 0.00026 0.00000 -0.10103 -0.00103 0.02927 -0.00000 0.00003 0.01395 0.00018 -0.06843 0.00051 -0.16021 0.00002 -0.00037 0.00002 0.00003 0.00020 -0.06107 0.00002 -0.00010 0.00009 -0.00001 -0.00001 0.01728
-0.00028 0.00023 0.00000 -0.00001 -0.00010 0.00002 0.00012 -0.00002 0.00000 0.00002 -0.22440 0.00001 -0.00003 -0.00001 -0.00008 1.04343 -0.00020 0.00001 -0.00001 0.00010 -0.00001 0.00001 0.00015 -0.00005 0.00004 0.00001 -0.00009 -0.00000 0.00000 -0.22934
-0.00029 0.00088 -0.00004 -0.00005 0.00004 0.00012 0.00175 0.00006 -0.04997 0.00000 -0.07216 -0.00000 0.00002 0.57713 0.00000 0.17835 -0.00006 0.00000 0.00003 -0.00000 0.00001 0.00005 0.00011 -0.00002 0.00021 -0.00001 0.00008 0.00004 -0.00000 -0.01094
0.00083 0.00003 -0.00000 0.00000 0.00011 0.00000 0.00064 0.00003 -0.00000 0.00000 0.00000 -0.00001 0.00013 0.00006 0.00023 -0.00000 0.00001 -0.00000 0.00003 -0.00022 0.00002 -0.00012 -0.00033 0.00014 -0.00004 -0.00010 0.00000 -0.00004 -0.00001 0.14130
-0.00004 0.00003 -0.00006 -1.53607 0.00000 -0.00000 0.11189 -0.91942 0.19873 0.06839 -0.08772 0.00000 -1.35070 -0.08591 0.00001 0.16695 0.00032 0.74675 -0.00001 0.00014 -0.00000 -0.00004 0.18796 0.09827 -0.00003 0.00004 -0.00002 0.00001 -0.00000 -0.09224
0.00003 -0.00002 0.00016 0.00001 0.00000 -0.00000 -0.52222 0.10282 -0.08771 -0.02259 0.05649 -0.00000 0.00000 -0.00681 -0.00003 -0.06267 -0.00114 -0.12528 0.00001 -0.00027 0.00001 0.00005 -0.91777 -0.06423 -0.00000 -0.00004 0.00004 -0.00000 -0.00000 1.06770
-0.00023 0.00014 0.00006 0.00013 0.00007 0.00008 -0.00204 0.00002 -0.05322 0.00000 0.03652 -0.00001 0.00007 0.00000 -0.00002 -0.13050 -0.00009 -0.00000 0.00005 0.00000 -0.00001 0.00006 0.00017 -0.00001 0.00009 -0.00008 -0.00003 -0.00003 0.00000 0.05798
0.00001 -0.00059 0.00002 0.01118 -0.00018 -0.00010 -0.03854 0.01733 -0.02203 -0.01441 0.00311 -0.03182 0.02235 0.04092 0.00000 0.01293 -0.00000 -0.01513 0.00005 0.00000 -0.00000 0.00046 -0.00085 -0.09924 -0.00001 -0.00012 0.00003 0.00190 0.00001 0.02528
-0.00015 0.00003 0.00000 -0.00008 -0.00005 -0.00000 -0.00024 -0.00000 0.00000 0.00000 -1.18189 0.00001 -0.00006 -0.00002 -0.00010 0.00000 -0.00001 0.00000 -0.00002 0.00008 -0.00000 0.00011 0.00003 -0.00005 -0.00010 -0.00000 0.00006 0.00002 0.00000 -0.88514
-0.04518 -0.00027 0.00000 -0.00125 0.00001 0.00006 -0.00027 0.01492 -0.00820 -0.04254 0.03549 0.00747 -0.00070 -0.05303 0.00874 -0.12535 0.00000 -0.00081 -0.00001 -0.00009 0.17564 -0.00004 -0.00561 -0.10709 0.00001 0.00002 -0.00003 -0.00008 -0.00000 0.01215
-0.00027 0.00003 -0.00012 -0.00003 -0.00002 -0.00001 0.00058 -0.00000 0.04114 0.31100 -0.14770 0.00000 -0.00002 -1.03027 -0.00008 0.73178 0.00129 0.00000 -0.00001 0.00009 0.00000 0.00000 -0.00002 0.96374 -0.00001 0.00004 0.00001 0.00001 -0.00000 -0.09709
-0.01157 -1.66364 0.00001 0.04980 -0.00000 0.17643 0.01290 0.04298 -0.05833 0.04136 -0.00977 -0.06215 0.04539 0.07491 -0.02715 -0.03315 -0.12155 -0.05794 0.00000 -0.00002 -0.08274 0.00004 -0.05049 0.03616 1.00580 0.00000 -0.00000 -0.23473 -0.05103 0.06573
0.67028 0.02646 0.00250 0.00418 0.01922 -0.01330 0.04749 0.00831 0.01010 -0.12986 -0.01380 -0.01510 -0.02451 0.38982 0.36926 0.03596 0.01799 -0.02283 -0.04895 0.00000 0.02392 0.04710 0.00747 -0.37629 0.01624 0.00129 0.00133 0.01650 -0.03918 -0.02993
-1.03520 0.00012 -0.00000 0.00664 -0.00002 0.00001 0.00396 0.00957 -0.06943 -0.05762 0.03441 -0.05313 0.03633 0.00844 -0.55445 -0.14143 0.00000 -0.05075 -0.00001 -0.00015 0.00000 -0.00008 0.00250 -0.15578 0.00002 0.00002 0.00000 -0.00022 -0.00000 0.05474
-0.01047 0.03447 -0.00362 -0.01433 -0.00368 -0.00617 -0.02334 0.00080 -0.04158 -0.00583 0.00984 -0.05998 0.02273 0.02164 -0.00231 -0.03192 0.02696 -0.04086 -0.03766 0.00002 0.03511 0.00000 0.01687 -0.02954 0.00032 -0.00215 -0.02441 0.01186 -0.07292 0.04901
-0.00083 0.00007 -0.00029 -0.00003 0.00002 -0.00000 0.00001 0.01151 0.01899 -0.01362 0.00375 0.00000 -0.00000 -0.00792 0.00001 -0.01053 0.00167 0.05918 -0.00006 0.00059 0.00002 -0.00018 0.00000 -0.00485 0.00000 0.00014 -0.00011 0.00001 -0.00001 -0.15008
0.00008 -0.00043 -0.00003 -0.00007 -0.00002 -0.00006 0.00203 -0.00001 -0.06507 -0.32218 -0.00211 0.00001 -0.00005 -0.57138 -0.00002 -0.00281 -0.00001 0.00000 -0.00006 -0.00000 0.00001 0.00006 -0.00022 0.00000 -0.00024 0.00001 -0.00000 0.00006 0.00000 0.03860
-0.02010 -0.14850 -0.00005 -0.01950 -0.00006 -0.21415 -0.02465 -0.00614 -0.00685 -0.03460 0.02073 -0.03268 0.03755 -0.05654 0.00016 -0.08803 0.12649 0.01153 0.00000 -0.00007 0.10824 -0.00003 0.01289 -0.03272 0.00000 -0.00001 -0.00000 0.26349 -0.00000 0.02662
-0.00378 0.01937 0.00071 -0.03625 -0.00018 -0.01790 0.02268 0.00310 -0.03319 -0.00903 -0.01421 -0.04496 0.03390 -0.00524 -0.01233 -0.02980 0.00236 -0.05035 -0.05090 -0.00152 0.05037 -0.00078 -0.01280 -0.00090 -0.02374 0.00000 -0.02576 -0.00016 -0.07996 0.02038
-0.00856 0.03610 -0.00056 0.01057 0.02262 -0.01573 0.01756 -0.00946 -0.00749 -0.00949 0.86501 -0.05841 0.01291 -0.00035 -0.01091 -0.02839 -0.03320 -0.05879 -0.04079 0.00366 0.05021 0.00001 -0.01566 -0.06425 -0.00813 -0.00002 0.00000 0.01771 -0.05623 -1.23800
0.00189 0.17095 -0.00001 -0.21325 -0.00029 -0.00001 0.02477 0.03221 -0.08195 0.00571 -0.02498 -0.08748 0.11287 0.03564 -0.00137 -0.01989 -0.07734 -0.10103 0.00000 0.00009 -0.00479 0.00014 -0.02422 0.03417 0.00001 -0.00006 0.00007 0.00000 -0.00000 0.03168
0.15107 -0.13435 0.00005 -0.03538 0.00000 -0.19938 0.00217 0.04356 -0.04946 0.16602 -0.07312 -0.05955 0.05890 0.40465 0.13837 0.60243 -1.64103 -0.05504 0.00000 0.00009 -0.98504 0.00003 0.00137 0.75590 -1.00079 -0.00001 0.00000 0.24428 0.00000 -0.10323
-0.00031 -0.00006 0.00002 0.00003 0.00005 0.00000 0.00001 -0.00002 -0.00000 -0.00003 0.00000 -0.00001 0.00000 0.00010 0.00016 -0.00000 -0.00001 -0.00001 0.00002 0.00007 0.00001 -0.00006 -0.00001 0.00041 -0.00001 -0.00003 -0.00000 -0.00003 -0.00001 0.00000
