-0.00032 -0.05443 0.10502 -0.21987 -0.89938 1.39795 0.06290 0.21416 0.07691 -0.25403 0.04273 0.02876 -0.05009 0.02897 -0.00093 0.03130 0.02667 0.03043 0.22352 0.02850
0.13874 0.00177 0.08385 -0.04176 0.03461 -0.00235 -0.03500 0.03910 0.02386 0.02106 0.01711 -0.09091 -0.02631 0.25890 -0.11928 0.39663 0.17696 -0.58858 -0.07633 1.38404
0.05683 0.77275 -0.00155 -0.02298 0.04743 -0.03951 -0.87594 -0.03921 -1.25191 0.01974 -0.01242 -0.19215 -0.07343 -0.04035 0.02899 0.08649 0.00467 -0.16018 1.71016 -0.29873
0.04293 -0.33418 -0.44259 0.00178 -0.00885 -0.00052 0.35499 0.03691 -0.20661 0.92325 0.00506 -0.04522 0.08031 -0.01219 0.02522 -0.08182 -0.00741 0.07520 -0.22285 -0.14789
-0.07570 0.11122 0.15931 -0.27971 0.00313 -1.01170 0.01965 0.67003 0.07261 0.01127 0.54099 0.97673 0.00008 0.12413 -0.03977 0.02243 -0.00381 -0.00083 0.34429 0.38678
-0.02042 -0.03065 -0.20274 0.23208 0.03539 0.00443 0.01142 -0.78262 -0.02208 0.31381 -0.47984 0.01262 -0.01019 -0.02485 -0.02457 0.00027 0.04893 0.04421 -0.02221 -0.00462
-0.02785 -0.95028 -0.02058 -0.02096 0.00867 0.04302 0.00149 0.04860 -0.01026 -0.02853 0.01369 0.26530 -0.04280 -0.22497 0.13892 -0.18315 -0.11251 0.45130 -0.01664 -0.24956
-0.01884 0.04379 0.15717 -0.28980 -0.00335 -0.00138 -0.00812 -0.00158 0.04712 -0.16847 1.07631 -0.01691 -0.04136 -0.04687 -0.01024 -0.00663 -0.00381 0.01341 0.09528 0.06455
-0.03462 -0.48194 0.02000 -0.03410 -0.00820 0.02831 0.80096 0.02768 0.00256 -0.00145 0.02409 0.16089 -0.00594 -0.18780 0.05999 -0.08229 -0.12704 0.28297 -0.01401 -0.17297
0.00149 -0.39843 -1.41522 0.03608 -0.05324 0.03493 0.10851 -0.01822 0.13888 -0.00309 -0.02536 -0.56450 -0.05177 -0.04236 0.01444 -0.25072 -0.02551 0.02150 -0.49173 0.85565
-0.02553 0.43555 0.26325 -2.18876 -0.00191 0.01085 -0.54825 -0.02707 -0.50279 -0.81558 -0.00282 -0.27022 0.07717 -0.00401 0.00704 -0.09398 0.00756 -0.09661 0.81016 -0.16971
-0.08435 -0.14045 0.01724 0.07048 -0.02599 -0.02365 -0.03070 -0.00529 -0.12598 -0.07775 -0.00791 -0.00409 -0.20673 -0.05080 -0.07834 -0.08783 0.09391 -0.12362 -0.22672 -0.28749
0.01074 -0.16385 0.14396 0.10153 0.08113 0.31091 0.57358 0.14550 1.04515 0.57105 0.29123 0.23257 0.00676 -0.21316 0.11513 -0.17229 -0.11249 0.44449 -1.08755 0.34438
0.26741 0.02268 -0.02675 0.06141 -0.06413 0.16117 -0.00497 -0.15136 0.03354 -0.00976 -0.10714 -0.25323 -0.01564 0.00178 -0.37104 0.00783 1.10805 0.01530 -0.04847 -0.09910
-1.03685 -0.02222 -0.00049 -0.05445 0.60002 -0.26927 0.02011 0.21228 -0.10586 -0.02875 0.13404 0.18059 -0.11300 0.02558 -0.00129 -0.04280 0.04668 -0.04349 0.05518 0.04425
0.02646 -0.05149 0.06100 0.04364 0.30712 -0.11440 0.03574 0.08446 0.02956 0.03891 0.07272 0.04311 -0.05781 0.55601 0.18851 -0.00137 0.70267 -0.06731 0.18845 0.06668
1.34654 -0.04856 0.01468 0.05932 -0.17923 -0.29730 0.04452 -0.15462 0.08268 0.02743 -0.04666 0.00014 -0.06557 0.01561 -1.40100 0.04079 0.00007 -0.06039 0.05932 -0.20524
-0.27099 -0.02323 0.04889 0.02721 0.26560 0.05872 0.02084 0.00606 -0.05222 0.04162 0.00619 0.25659 -0.04965 -0.73275 0.06286 -0.72495 -0.48829 -0.00277 -0.05591 0.04657
-0.01537 0.46737 -0.01844 -0.01752 -0.01268 0.03266 -0.46065 -0.00368 -0.78395 0.02147 -0.01270 0.21550 0.00352 0.04943 0.09998 0.04997 0.02427 -0.00603 -0.00236 0.29090
0.04596 0.03122 0.08943 0.01051 0.01960 0.10078 -0.01129 -0.06181 0.07523 -0.00046 -0.03656 0.17295 -0.08226 0.20534 -0.02113 0.08714 0.13538 -0.29309 -0.21242 -0.00463
