0.53240 0.06570 -0.35076 1.36508 1.52007 -0.07220 -0.50284 -0.11101 0.14351 0.74138 -0.26757 -1.03745 0.34206 -0.41345 0.82048 -0.46964 0.66047 0.70121 0.13802 0.06988 -1.20411 -0.30839 1.04411 -0.55466 -0.55084 0.15453 0.61789 0.45863 -0.00236 -0.06113 1.03929 -1.57510 0.13651 -0.43024 0.47344 -0.45580 -0.00040 0.02324 0.85932 -1.01584 0.07891 0.97134 -0.07930 -1.39118 0.15633 -0.57295 0.80043 0.24477 -0.28733 0.08994
0.17349 -0.76363 -1.11514 1.07136 1.29755 -0.76526 -1.66907 -0.54251 0.55644 1.18132 -0.69310 -2.07657 0.81829 -0.65960 1.86929 -0.29819 0.24667 0.21979 0.84934 0.69829 -0.14474 -1.09685 1.08687 0.05575 -0.06073 0.80740 0.10662 1.06945 0.09198 -0.92011 1.58278 -1.34444 0.99642 -0.29314 2.44832 -0.10011 0.31730 0.40530 2.03506 -1.63780 -0.01255 0.96548 -0.90562 -0.94192 0.41681 -1.06314 0.00417 1.03722 -0.66273 -0.14232
-0.57506 0.04990 0.23229 -0.30942 -0.18378 0.13395 0.36668 -0.07747 -0.06883 -0.39522 0.05211 0.10357 -0.56699 0.31613 -0.10152 0.33000 -0.87518 -0.59467 -0.10862 0.02789 0.48422 0.91063 -0.10466 0.51961 0.75608 -0.43685 0.17076 0.16403 0.01924 -0.06052 -0.27205 0.67667 -0.52062 0.41028 -0.08530 0.27682 0.03021 -0.09690 -0.39475 0.45682 0.24387 -0.09742 0.62992 0.31072 -0.08110 0.23965 -0.47719 -0.90972 0.00415 0.25103
-1.46478 0.79820 1.54799 -0.81020 -1.57933 0.95855 1.06729 0.17058 -0.17485 -1.60339 0.67847 0.07268 -0.21880 1.59476 -0.81784 0.62846 -0.59963 -0.80068 0.10706 -0.50956 2.08487 0.38422 -0.40410 0.85830 1.82818 -0.21434 0.15681 -1.30746 -0.05591 0.16939 -1.47829 1.98241 -0.93112 1.37506 -0.68307 0.94653 0.06422 -0.05065 -0.62035 0.99837 -0.04501 -1.04601 0.60308 2.59499 -0.06841 0.95819 -0.63074 -0.14762 0.81385 0.69456
0.13860 -0.03664 -0.24065 0.37056 0.72214 -0.11422 -0.51695 -0.00085 0.00485 0.27042 -0.06424 -1.82856 0.43047 -0.19978 1.05514 -0.17723 0.66479 0.07992 0.19568 0.00218 -0.29572 -0.45460 0.45442 -0.10645 -0.06505 0.33110 0.19549 0.14612 -0.00145 -0.04465 0.67661 -0.55211 0.59695 -0.21513 0.39297 -0.14971 -0.00224 -0.00073 1.50374 -0.56495 0.00801 0.18204 -0.41338 -0.55707 0.00385 -0.50499 0.59818 0.78461 -0.06046 0.11838
-0.90065 0.52529 0.32592 -0.72323 -0.70401 0.44225 0.29029 0.34502 0.01930 -0.58086 0.43917 0.01036 -0.80671 0.80855 -0.18268 0.71389 -1.16588 -1.23887 -0.32991 -0.19545 1.54391 1.05151 -0.61164 0.82075 1.09503 -0.51386 0.13769 -0.42464 -0.11815 0.12260 -0.69616 0.98817 -0.80843 0.47908 -0.29121 0.33378 0.21037 0.10363 -0.12510 0.07533 0.09934 -0.49974 0.82999 0.65304 -0.13306 0.46687 -1.21156 -1.09107 0.26893 0.36987
-0.34399 0.25476 0.11073 -0.14321 -0.53800 0.28360 0.24594 0.04611 -0.00507 -0.19722 0.07890 0.75038 -0.46561 0.25964 -0.67525 0.26071 -0.63309 -0.48462 -0.15062 -0.15180 0.57928 1.00935 -0.22902 0.29155 0.34904 -0.45061 0.58964 -0.02497 -0.00294 -0.00701 -0.18958 0.22461 -0.83628 0.07884 -0.04111 0.02786 -0.07048 -0.05634 -0.40031 0.37241 0.00058 -0.14494 0.31746 0.09585 -0.00589 0.12424 -0.23137 -0.94817 -0.00122 -0.16943
0.49882 -0.47644 -0.28149 0.22295 0.16811 -0.40787 -0.37938 -0.55176 0.08826 0.20574 -0.54163 -1.09803 0.72729 -0.37929 0.61722 -0.60898 0.90970 0.69119 0.42429 0.21569 -0.16258 -1.23116 0.75944 -0.50424 -0.59879 0.43150 0.26832 0.21255 0.15323 -0.34456 0.34055 -0.11657 1.67040 -0.25488 0.52123 -0.24870 -0.28104 -0.07991 0.85385 -0.74941 0.06366 0.54526 -1.09882 -0.04883 0.01781 -0.60096 0.92918 1.77736 -0.31068 -0.22104
0.40572 -0.11742 -1.10597 1.27936 2.29720 -0.43554 -0.84536 -0.32647 0.83635 2.05451 -1.86490 -1.00734 0.55934 -0.92247 0.92955 -0.81955 0.94719 1.12279 0.29356 0.23011 -1.98613 -0.26961 1.94296 -0.35626 -0.69458 0.76785 0.94727 1.70550 0.04794 -0.64414 2.04423 -2.01389 0.18424 -1.43666 0.88461 -0.92130 -0.17991 0.12137 1.04041 -1.66248 0.01460 1.49946 -0.46552 -2.21353 0.56932 -0.74340 0.65080 0.09988 -1.69192 -0.70337
0.54559 -0.07552 -0.78276 0.85163 0.24118 -0.23551 -1.22021 -0.83570 0.23418 0.90574 -0.71759 -1.69331 0.02710 -0.62804 1.69911 -0.35124 1.68433 0.18215 0.56055 0.26419 -0.29455 -0.26286 0.69835 -0.85180 -0.72062 1.21688 0.80150 0.52637 -0.00111 -0.44734 1.55222 -1.77791 0.70697 -0.71963 0.98795 -0.25471 -0.01966 0.12317 1.88029 -1.23084 -0.06266 0.16724 -0.79984 -0.96915 0.19538 -0.85216 1.12815 0.74822 -0.36894 -0.33514
1.72667 -0.12526 -0.50254 1.06394 0.97736 -0.22334 -0.17094 -0.64038 0.65143 0.63471 -1.34120 -0.42258 1.01184 -0.60108 0.20109 -1.92693 2.14638 1.59758 0.75181 0.23972 -0.65499 -1.05809 1.95681 -1.83474 -1.47533 0.97161 0.84385 0.58020 0.03711 -0.70532 0.80241 -0.96706 0.11523 -0.47181 0.05598 -1.23321 -0.05907 0.29107 0.45067 -0.47154 -0.06923 0.89934 -0.89040 -0.76602 0.39887 -0.78996 2.63595 0.85882 -0.55533 -0.69317
0.35991 -0.08130 -0.15371 0.21672 0.30859 -0.28917 -0.28488 -0.13583 -0.00097 0.07656 -0.11030 -0.82397 0.84933 -0.19267 0.46650 -0.31012 0.48613 0.47229 0.07137 0.00499 -0.10129 -1.01697 0.49520 -0.63147 -0.32158 0.23225 0.17453 0.05457 -0.00075 -0.04196 0.02193 -0.02875 1.06752 -0.11899 0.21461 -0.15587 -0.01516 0.00287 0.65859 -0.59055 0.00569 0.13035 -0.80343 -0.07826 -0.00068 -0.30911 0.40893 1.01673 -0.04664 0.01644
0.02650 -0.03278 -0.01662 0.19291 0.21847 0.03012 0.19087 0.09806 0.08414 -0.02793 -0.14236 -0.65654 0.13234 0.10938 0.17939 -0.24343 0.25736 0.18607 -0.08889 0.00951 -0.20745 -0.30204 0.16327 -0.16039 -0.11989 -0.07583 0.80387 0.07303 -0.01246 0.11804 0.35844 -0.45012 0.09561 -0.03936 0.12550 -0.18052 -0.12513 -0.02068 0.36067 -0.29165 -0.13346 0.17834 -0.40711 -0.28173 0.09878 -0.10412 0.65629 0.50945 -0.01900 0.21214
-0.55269 0.13189 0.23391 -0.40625 -0.61846 0.17862 0.23873 0.05105 -0.04316 -0.20143 0.07935 0.66790 -0.69464 0.34418 -1.02009 0.40453 -0.29439 -0.76906 -0.11990 0.00392 0.65646 1.26350 -0.46065 0.29523 0.39923 -0.29323 0.63095 0.01428 0.00327 -0.00136 -0.36866 0.09032 -1.35927 0.34569 -0.15929 0.54957 -0.09303 0.00683 -0.28390 0.60888 -0.03297 -0.56566 0.43724 0.40478 -0.03272 0.24509 -0.41780 -0.70708 0.05416 0.19120
0.01418 -0.00396 0.13577 0.06937 0.17634 -0.08752 0.06659 -0.24514 -0.00061 0.01839 -0.00392 -0.59628 0.29813 -0.02618 0.17622 -0.00736 0.19743 0.17315 0.21925 0.00013 -0.07902 -0.35116 0.10793 -0.04044 -0.04251 0.08062 0.23850 0.07984 -0.00053 -0.00064 0.14033 -0.10762 0.87223 -0.09907 0.09535 0.09142 -0.00226 -0.00513 0.57898 -0.54114 0.00310 0.15473 -0.45002 -0.12704 0.00091 -0.21140 0.56324 0.89927 -0.01502 0.03504
-1.12361 0.50061 0.22432 -0.86851 -0.82537 0.50448 0.27319 0.33838 -0.02874 -0.73141 0.45948 0.04710 -0.82789 1.03110 -0.32088 0.85355 -1.54363 -1.58091 -0.40436 -0.25745 1.36914 1.38351 -0.56332 0.66571 1.08952 -0.27554 0.09754 -0.50951 -0.11179 0.11395 -0.86864 0.92103 -1.13124 0.81441 -0.31330 0.46128 -0.15858 0.00797 -0.11556 0.06438 0.06967 -1.11773 0.96858 0.78349 0.01935 0.58494 -0.40969 -1.11146 0.48596 0.17647
0.48566 -0.12648 -0.53284 0.83489 1.61875 -0.23164 -0.18309 -0.12951 0.24638 0.91649 -0.63720 -0.99664 0.76807 -0.63090 0.58739 -0.88458 1.34585 0.76018 0.30542 0.06122 -0.80902 -1.01085 1.00289 -0.78314 -0.61210 0.50427 0.64924 0.52388 0.00520 -0.06076 1.15648 -1.62762 0.05302 -0.56815 0.51077 -0.58000 -0.02356 0.04146 0.65720 -0.28901 0.00118 0.47478 -0.30860 -1.82312 0.18452 -0.79385 1.18735 0.18940 -0.29135 0.10123
0.39167 -0.06010 -0.36650 0.65180 0.91879 -0.24375 -0.53989 -0.19181 0.00504 0.35905 -0.61494 -0.95637 0.79886 -0.53616 0.65274 -0.63174 1.14137 1.07588 0.24612 0.05746 -0.92943 -1.17064 0.56454 -0.64279 -0.49931 0.38901 0.50257 0.48432 -0.00104 -0.08997 1.06384 -1.66782 0.02704 -0.50155 0.12592 -0.35642 -0.02463 0.00226 0.60329 -0.28040 -0.05615 0.50857 -0.74775 -1.22024 -0.01685 -0.68459 0.67117 0.48429 -0.22648 -0.05207
-1.41829 0.49366 0.63547 -0.92730 -0.49769 0.51674 0.68211 0.21181 -0.28926 -1.24749 0.40683 0.28991 -0.07829 0.80173 -1.15911 0.76453 -0.85131 -0.82523 -0.48821 -0.25213 1.44065 0.43354 -0.74461 0.09830 1.20429 -0.38288 -0.01181 -0.52387 0.04767 0.16758 -1.74293 1.63055 -1.32020 0.98024 -0.66666 0.59487 -0.26589 -0.14308 -0.85610 1.01655 -0.22496 -1.20427 0.89209 1.25866 -0.26613 0.55914 -0.70745 -0.11515 0.50024 -0.19227
0.78250 -0.19686 -0.41196 1.87113 2.00582 -0.21226 -0.03290 -0.80026 1.00259 0.69094 -1.40927 -1.49912 1.07760 -0.59553 1.11112 -1.94416 2.28297 1.87378 0.90127 0.11016 -0.76927 -0.91583 2.07558 -1.99941 -0.70643 0.89030 0.82808 1.22336 -0.11937 -0.61896 0.71443 -0.75625 0.15832 -0.63371 0.04437 -0.67996 -0.30523 0.13438 1.02876 -0.63053 0.17352 0.87996 -0.14113 -0.93859 0.75590 -1.11858 2.45523 0.08766 -0.66907 -0.62967
-0.28469 0.28210 0.44297 -0.66205 -0.61745 0.25395 0.83227 0.11840 -0.01499 -0.43786 0.02251 2.12748 -0.48062 0.51158 -1.49992 0.15913 -0.22245 -0.16636 -0.17808 -0.15145 0.74493 0.61695 -0.20595 0.25854 0.24658 -0.40266 0.71269 -0.23441 -0.00018 0.09886 -0.73861 0.89867 -0.83384 0.43812 -0.49282 0.15958 -0.00183 -0.00043 -1.26851 1.18408 0.00982 -0.51129 0.50566 0.52933 -0.01012 0.26373 -0.30214 -0.66606 0.12568 0.05711
0.54478 -0.12789 -0.24421 0.00951 0.21980 -0.14563 -0.51782 -0.23593 0.00005 0.28932 -0.53485 -0.68372 0.53966 -0.55469 -0.04789 -0.98057 0.96914 0.92023 0.14782 0.04872 -0.52271 -0.86452 0.51867 -0.74242 -0.91767 0.36342 0.30630 0.32760 0.00092 -0.12395 0.45091 -0.73370 0.00218 -0.33860 0.08583 -0.08230 -0.03756 0.01156 0.57064 -0.62039 0.01016 0.07859 -0.97175 -0.41641 0.00210 -0.50044 0.64471 1.30270 -0.15434 -0.13764
-0.53094 0.25783 0.27461 -0.25782 -0.47619 0.41072 0.23583 0.14460 -0.03238 -0.16747 0.05729 0.65457 -0.86116 0.37112 -0.71218 0.42050 -0.68931 -0.62416 -0.27336 -0.01468 0.60500 1.25001 -0.51405 0.42908 0.52573 -0.63495 0.49663 -0.14146 -0.00106 -0.03491 -0.36609 0.24814 -1.44134 0.42534 -0.26909 0.38811 -0.03296 0.00828 -0.20235 0.47619 -0.05686 -0.18585 0.58621 0.44289 -0.03574 0.30838 -1.02375 -0.77230 0.10731 -0.06480
-0.21711 -0.57286 -0.48525 0.68671 0.79814 -0.56046 -0.33848 -0.69907 0.06277 0.20101 -0.58553 -2.22316 1.48562 0.00847 0.75793 -0.76832 1.17134 1.02249 0.75091 0.23063 0.13833 -1.39177 0.92243 -0.95303 -0.00377 0.80950 0.31881 0.19697 0.01698 -0.47691 0.24447 0.26506 1.13440 -0.56102 0.49740 -0.47296 -0.05752 0.02559 0.71055 -1.07070 -0.08312 0.09502 -0.77184 -0.59290 0.00916 0.08450 1.22387 2.12371 -0.08677 -0.23381
-1.13832 0.33541 0.34239 -0.74440 -0.53139 0.40390 0.21795 0.23169 -0.06804 -0.58177 0.27516 0.23731 -0.72403 0.80476 -0.42942 0.96570 -1.43874 -1.36725 -0.32643 -0.14622 1.33420 0.79935 -0.63165 0.92548 1.09251 -0.64669 -0.01367 -0.33675 -0.00107 0.10195 -0.73471 0.94584 -1.11689 0.80641 -0.21357 0.60940 0.07004 -0.01317 -0.21056 0.10843 0.03154 -0.65454 0.74051 0.45775 -0.03246 0.24802 -1.43058 -0.83229 0.46519 0.14540
0.55234 -0.16345 -0.48654 1.13416 1.86136 -0.27780 -0.24045 0.14939 0.43730 0.54618 -0.45317 -1.01460 0.90530 -0.36404 0.06767 -0.85862 1.33552 1.17920 0.37982 0.10243 -0.75431 -0.89771 1.04746 -0.80492 -0.70346 0.56630 0.65157 0.29399 0.01873 -0.04585 0.51555 -0.79479 0.07546 -0.72389 0.23138 -1.05314 -0.00167 0.12549 0.07684 -0.26022 0.04127 0.57648 -0.20977 -0.99270 0.47311 -1.29527 1.64935 1.06159 -0.16805 0.27677
1.40885 -0.33875 -0.20730 0.27159 0.27952 -0.97511 -0.60675 -0.51054 0.18374 0.18499 -0.48484 -0.70445 2.05478 -1.17059 0.68584 -0.67118 0.88190 0.93055 0.51224 0.18020 -0.17265 -1.03417 0.82373 -1.14933 -1.35854 0.96587 0.04452 0.16369 -0.00218 -0.15488 0.56276 -0.16124 1.62889 -0.06899 0.94991 -0.73797 -0.00034 0.19618 0.96571 -1.04348 -0.04381 0.00927 -1.84240 -0.49324 0.17750 -0.92438 1.02860 1.30681 -0.42715 -0.36133
-0.59349 0.25331 0.24054 -0.59149 -0.87430 0.24299 0.40751 0.09766 0.07124 -0.48760 0.24701 0.08004 -0.32140 0.46950 -0.40578 0.42358 -0.62551 -0.63107 -0.17000 -0.07630 1.05329 0.60029 -0.66988 0.14507 0.45127 -0.25143 -0.08768 -0.19008 -0.27616 0.13396 -0.27860 1.00610 -0.94102 0.03728 -0.27241 0.08711 0.13005 0.07130 -0.44315 0.64313 0.12067 -0.81143 0.50075 0.34036 -0.03385 0.20927 -0.76399 -1.67523 0.08106 0.11678
-0.28060 0.99687 1.08219 -1.00264 -1.18803 0.82933 2.11957 0.74307 -0.70674 -1.18293 0.12436 2.12491 -0.95202 0.32103 -2.19655 0.13610 -0.27641 -0.29931 -0.85215 -1.60248 1.15384 0.55756 -0.38474 0.29254 0.24790 -0.88651 0.82774 -1.20548 -0.24444 1.13144 -1.16824 1.30319 -1.01924 0.99681 -2.43754 0.25592 0.56400 -0.52790 -2.01784 1.68340 -0.17213 -1.23753 0.82091 0.79322 -0.16928 0.36876 -0.27999 -1.04930 1.46127 0.20511
-1.25792 1.04565 0.36134 -0.38674 -0.14668 0.88315 0.91311 0.79112 -0.09322 -0.12189 0.69635 0.86733 -1.24384 0.76984 -1.80298 0.72487 -0.98581 -1.01326 -0.90152 -0.46458 0.10524 1.39242 -0.34786 0.97516 0.86740 -1.42207 0.47048 -0.25236 0.17734 0.39437 -0.46315 0.12015 -2.08939 0.76359 -0.85367 0.26113 0.35089 -0.25530 -1.02559 0.41386 -0.12597 -0.48674 1.55167 -0.04066 -0.20256 0.92824 -1.30008 -2.03409 0.07894 0.28849
-0.35595 0.44695 0.49506 -1.43868 -1.66973 0.09749 0.70656 0.10905 -0.00284 -1.02939 0.32197 1.07136 -0.22871 0.67061 -1.18085 0.60919 -0.94316 -0.81273 -0.37188 -0.22639 1.45214 0.03866 -0.80434 0.37287 0.62082 -0.27300 -0.03775 -0.76029 -0.04768 0.26318 -1.17802 1.14623 -0.39606 0.71248 -0.49811 0.23575 0.03499 -0.00178 -0.99742 0.93049 -0.06982 -1.17194 0.24717 1.41224 -0.00193 0.44740 -0.75751 -0.03762 0.31090 0.33142
0.08940 -0.03705 0.01688 0.21536 0.69592 -0.03977 -0.14140 -0.15775 -0.00135 0.03134 -0.07201 -1.25850 0.48529 -0.15616 0.31730 -0.11702 0.33552 0.35780 0.05116 0.00295 -0.31129 -0.82098 0.39716 -0.09071 -0.12729 0.03600 -0.03094 0.16409 0.00172 -0.10767 0.18373 -0.27279 0.41726 0.24844 0.29912 -0.38504 0.00833 -0.00217 0.26365 -0.12319 0.01424 0.46544 -0.16159 -0.68318 0.00174 -0.46156 0.90056 0.90129 -0.05956 -0.22103
-0.74118 0.48588 0.71365 -0.21969 -0.63541 0.60415 0.57124 0.23278 -0.04649 -0.56947 0.07069 1.01897 -0.49421 0.68637 -0.46026 0.21149 -0.28179 -0.16009 -0.31792 -0.25496 0.93840 0.49804 -0.27144 0.19578 0.70579 -0.59044 0.59058 -0.21678 -0.00044 0.10403 -0.99508 0.98308 -1.78768 0.63683 -0.76286 0.48759 0.01454 -0.01124 -1.81860 1.35707 -0.00048 -0.77744 0.62026 0.52602 -0.03629 0.42807 -0.36485 -0.70481 0.28501 0.17037
0.31249 -0.52202 -0.01605 0.47714 0.69189 -0.37708 -0.21807 -0.32886 -0.01849 0.18215 -0.57976 -0.81589 0.68729 -0.48374 0.08690 -0.55211 0.58352 1.02344 0.24674 0.08478 -0.82254 -1.24397 0.79875 -0.39107 -0.50042 0.15373 -0.12685 0.23053 0.10156 -0.34507 0.12620 -0.95909 0.77843 -0.28266 0.21801 -0.36503 0.05465 0.00199 0.07962 -0.18927 0.02783 0.56299 -1.08932 -1.07438 -0.03721 -1.48586 1.29499 0.58503 -0.24855 -0.58710
0.13920 -0.53510 -0.70909 0.90376 1.05418 -0.58570 -1.14484 -0.53106 0.12311 0.59607 -0.60462 -2.45244 0.90323 -0.35942 1.81562 -0.36136 0.29905 0.22632 0.24053 0.32381 -0.10518 -0.45269 1.03241 -0.89029 -0.16617 0.56846 0.22802 0.56897 0.03103 -0.61796 0.71070 -1.03960 0.72041 -0.11578 1.04909 -0.18347 -0.06336 0.05020 1.92286 -2.05285 -0.05950 0.31333 -0.59477 -0.89421 0.01203 -0.78183 1.20171 0.90578 -0.45675 -0.40363
0.30283 -0.20476 -0.12015 0.17399 0.34891 -0.36453 -0.16213 -0.12702 0.08549 0.20362 0.02793 -0.79170 0.50828 -0.12726 0.52174 -0.17347 0.51200 0.41275 0.04115 -0.08650 -0.26639 -0.85392 0.29700 -0.44640 -0.30493 0.24621 -0.02687 0.19881 0.00103 0.09229 -0.07543 -0.33812 1.06616 -0.20619 0.31230 -0.21272 -0.14185 0.11346 0.55851 -0.63010 -0.11315 0.10115 -0.90817 -0.41437 -0.04891 -0.47820 0.68869 1.35240 -0.14055 0.22268
-0.68419 0.76000 0.37649 -0.58654 -0.77685 0.57837 0.39133 0.52255 0.33349 -0.76368 0.69017 0.16925 -0.79991 0.79777 -0.19096 1.01063 -1.62853 -1.50979 -0.57660 -0.42290 0.96002 0.76680 -0.68080 0.71052 1.39532 -0.55427 0.23678 -0.10516 0.23489 0.14332 -0.33430 0.72756 -0.69016 -0.27496 -0.15434 -0.28727 -0.30615 -0.19353 -0.20321 0.11591 0.13806 -0.37407 0.46681 0.43467 -0.13919 0.33055 -0.81858 -1.10372 0.02417 0.37760
-1.21162 1.57257 0.51418 -0.19779 -0.11449 1.74351 1.15652 1.28709 -0.10098 -0.69298 0.22482 0.48980 -2.06598 1.16032 -0.80028 0.87142 -0.80614 -0.99307 -1.39568 -1.30801 1.31789 2.12340 0.06713 0.85638 1.36050 -2.06418 0.73435 -0.45778 0.16916 0.61162 -0.31607 0.46204 -2.12073 1.02255 -1.21868 0.93312 0.46425 -0.77384 -0.82741 0.55609 0.13461 -1.15762 2.08405 -0.01582 -0.26724 0.38937 -0.14495 -2.91883 1.05158 0.13771
-0.47682 -0.14695 0.21840 -0.91702 -1.04591 0.06829 0.34117 0.15192 -0.00106 -0.41538 0.19509 0.88317 -0.24778 0.33259 -0.87419 0.36347 -0.55431 -0.61623 -0.10302 -0.05083 1.02460 0.21117 -0.57083 0.36009 0.41624 -0.13949 0.21801 -0.41317 -0.04974 0.09630 -0.81330 1.36935 -0.30447 0.08317 -0.46494 -0.00405 0.04151 -0.00175 -0.73298 0.68020 0.00816 -0.59156 0.41226 1.18615 -0.00460 0.25703 -0.21616 -0.00621 0.06383 0.19026
0.90871 -0.21630 -0.36326 0.72305 1.41523 -0.26999 -0.61751 -0.11419 0.05386 0.60273 -0.26231 -1.06337 0.13751 -0.49307 0.48219 -0.46970 0.45694 0.49276 0.06428 0.04214 -1.38668 -0.40637 0.90715 -0.55654 -0.57094 0.05768 0.59966 0.44627 -0.00059 -0.06401 0.80746 -2.16857 -0.13932 -0.58748 0.30559 -0.45637 -0.02563 0.00312 0.45782 -0.91792 -0.01646 0.54947 -0.48021 -1.99766 0.00695 -0.30212 0.38256 -0.20970 -0.51975 -0.12775
0.11708 -0.63914 -0.28958 0.69981 1.03790 -0.41962 -0.48582 -0.45730 -0.46133 0.17203 -0.70282 -1.80511 0.89396 -0.24422 1.04810 -0.61775 0.89435 0.92298 0.47379 0.29748 -0.25406 -1.55310 0.77112 -0.67765 -0.23814 0.53065 0.00399 0.57920 0.29822 -0.49445 0.04562 -0.27978 0.62739 -0.17671 0.61594 -0.32519 -0.48404 0.11025 0.67782 -0.83080 0.39337 0.08564 -0.80800 -0.45997 0.30733 -0.93211 0.85303 1.85481 -0.51744 -0.16986
-1.09403 0.34795 0.40306 -0.68478 -0.72987 0.45888 0.31221 0.14155 -0.12840 -0.68249 0.32693 -0.08747 -0.77949 0.83017 -0.12847 0.80664 -1.17250 -1.24446 -0.37001 -0.11539 0.85231 1.05622 -0.55885 0.87887 1.24334 -0.64384 0.16637 -0.32045 0.00605 0.05650 -0.74141 1.03746 -0.92560 1.02338 -0.30150 0.85490 -0.03538 -0.03103 -0.19106 0.03023 -0.07311 -0.53661 0.82305 0.65173 -0.13520 0.86370 -1.26132 -1.14051 0.23169 0.22527
0.06868 -0.41854 -0.75923 0.63149 1.17348 -0.52202 -1.80023 -0.34725 0.19327 0.71071 -0.32725 -2.22303 0.67936 -0.27473 1.37315 -0.30138 0.25387 0.23043 0.41285 0.40152 -1.02924 -0.78888 0.86669 -0.24285 -0.29333 0.48727 0.02803 0.57235 0.00044 -0.32789 0.61536 -1.03822 0.63842 -0.30461 0.98641 -0.23343 -0.00170 0.09244 1.59021 -1.75948 0.02181 0.68238 -0.79691 -1.24985 0.14332 -0.76978 0.04764 0.61879 -0.80967 -0.20422
-0.17801 0.13615 0.18886 -0.35040 -0.94600 0.05373 0.28191 0.00587 -0.00001 -0.20805 0.04720 1.27110 -0.39537 0.22860 -0.89253 0.08344 0.00412 -0.15564 -0.03128 -0.07410 0.61519 0.66699 -0.33525 0.11457 0.18502 -0.15329 0.91231 0.02127 0.00013 0.06978 -0.27418 0.74830 -0.47709 0.08665 -0.23535 0.12207 -0.00045 0.00046 -0.62376 0.62131 0.04277 -0.16196 0.19238 0.59224 0.00005 0.42561 -0.32182 -0.12791 0.01458 -0.14247
0.17507 -0.75835 -0.50582 0.75690 1.12499 -0.84483 -0.72316 -0.75509 0.41677 0.10807 -0.93207 -1.79076 1.87708 -0.33622 0.65310 -0.93953 1.05708 0.94428 0.99552 0.55557 -0.17809 -2.30276 0.83315 -0.86941 -0.38090 1.19021 0.07401 0.27196 0.21013 -0.63410 0.05608 -0.24749 0.73428 -0.22306 0.78222 -0.76082 -0.46443 0.37548 0.65063 -0.89420 0.28820 0.12229 -0.90899 -0.50926 0.32662 -1.90294 0.77452 1.97381 -0.84062 -0.29751
1.41592 -0.58755 -0.19232 0.80254 0.81659 -0.61500 -0.11910 -0.67465 0.05334 0.49649 -1.03834 -0.36473 0.85573 -1.23106 0.28751 -1.39452 1.89580 1.65606 0.65763 0.06580 -0.67790 -0.95515 1.72986 -1.29130 -1.26665 0.71239 0.87588 0.52612 0.05482 -0.26278 0.79790 -0.64573 0.97986 -0.60328 0.04930 -0.60166 -0.03561 0.04271 0.26198 -0.38334 0.02169 0.82332 -0.75777 -0.87635 0.12744 -0.83617 1.80931 0.66389 -0.41881 -0.62335
-0.93110 0.76249 0.78464 -0.47217 -0.60973 0.77433 0.78754 0.38679 -0.06128 -0.74749 0.00239 0.89730 -0.62377 0.67897 -1.88973 0.26472 -0.24670 -0.25015 -0.44465 -0.29058 0.87905 0.75924 -0.74720 0.32648 0.78934 -0.63303 1.01458 -0.56922 0.00356 0.29577 -0.99460 0.93888 -1.99287 0.67753 -1.28409 0.15994 0.03225 -0.02679 -0.97926 1.72913 -0.09231 -0.85340 0.17663 1.19897 -0.00855 0.43345 -0.88854 -0.24440 0.38101 0.32902
-0.89857 0.82451 0.55214 -0.24415 -0.30036 1.10677 1.63233 0.40416 -0.05540 -0.32927 0.20298 0.65703 -0.89899 0.98101 -0.89288 0.06441 -0.05433 -0.93250 -0.45297 -0.62419 1.13348 1.12997 -0.05022 0.00365 0.98745 -0.65876 0.79027 -0.31005 0.00029 0.29836 -0.19808 0.34097 -1.91646 0.90295 -0.74204 0.79465 0.05647 -0.27492 -0.79640 1.52795 -0.00464 -0.80567 1.82893 0.18387 -0.07309 0.36188 -0.18100 -2.13207 0.54687 0.21809
-1.77593 0.82036 0.70269 -0.88882 -0.64180 0.86077 0.33423 0.39527 -0.48617 -0.97714 0.51748 0.25874 -0.95278 1.75865 -0.50175 1.70302 -1.99862 -1.90918 -0.79824 -0.69213 2.24341 1.19327 -0.84242 1.34343 1.67715 -0.40024 0.04067 -0.76177 -0.13503 0.21910 -1.19514 0.96957 -1.54526 1.79584 -0.22431 1.33509 0.17246 -0.34981 -0.35647 0.10394 0.05323 -1.87862 0.99877 0.60790 -0.38434 0.51388 -0.92500 -0.96103 0.74490 0.30942
-0.24514 0.29646 -0.19421 -0.57471 -0.56314 0.04542 0.25940 0.11754 -0.24155 -0.16441 0.22134 1.39811 -0.35326 0.27725 -0.54068 0.22370 -0.27652 -0.24370 0.02269 -0.22384 0.73583 0.50148 -0.24506 0.26026 0.28470 -0.03289 0.81487 0.11498 0.24904 0.06004 -0.35522 -0.03528 0.20943 -0.01849 -0.23739 -0.25286 0.11829 -0.19093 -0.12562 -0.03580 0.28375 0.16307 -0.28444 -0.31427 0.21699 0.18309 -0.24402 0.02390 -0.20926 0.32144
