-0.00000 -0.02346 0.00014 -0.03453 0.00002 -0.00849 0.00000 0.00653 -0.00000 -0.07705 -0.03255 -0.00001 0.02980 0.00098 -0.00081 -0.00002 0.02219 -0.06513 0.22188 -0.00004 -0.02803 -0.00000 0.00000 -0.06067 0.02919 0.28694 -0.00000 -0.00904 -0.02399 -0.00004
-0.00000 0.00000 -0.00126 0.01794 0.00000 0.00000 0.00000 0.16676 -0.00005 0.00001 -0.05612 -0.00000 -0.65572 0.35904 0.08285 -0.00000 0.00000 -0.01785 -0.00000 -0.00001 0.00000 -0.00003 0.00000 0.03713 -0.00000 0.00000 -0.00020 0.00000 -0.00000 -0.00035
-0.00047 -0.00004 0.00000 -0.05684 0.00000 0.00001 -0.00024 -0.00011 -0.02404 0.00003 -0.00019 -0.00098 0.00001 -0.00001 -0.00000 -0.00002 0.00000 -0.70801 0.00011 -0.00661 -0.00007 -0.14829 -0.00000 -0.02699 0.00048 0.00103 -0.41082 0.00001 0.00026 0.00000
-0.00001 -0.00002 -0.00001 0.00000 0.00001 0.00001 -0.00007 -0.00008 -0.00000 0.00001 -0.00000 -0.00000 0.00001 -0.00002 0.00000 -0.00000 0.00001 -0.00005 0.00001 -0.00000 -0.00000 -0.00000 -0.00000 -0.00179 0.00009 0.00005 -0.00000 0.00000 0.00013 -0.00001
-0.02650 0.02008 -0.04773 -0.02109 0.00000 0.53266 -0.04404 2.03529 -0.00043 -0.00910 -0.01958 -0.00001 0.02064 -0.01310 0.56454 0.00000 -0.00647 0.02549 0.28113 -0.00004 -0.00772 -0.00068 0.00000 0.27634 -0.00928 0.22914 -0.00663 -0.09763 -0.05240 -0.03166
-0.00012 0.35565 -0.01377 -0.04143 0.00000 0.00000 0.00006 0.12783 -0.00023 0.90440 -0.00774 0.00000 0.00632 -0.42469 -0.43152 0.00000 0.00000 -0.07014 0.00001 -0.00001 -0.01767 -0.00044 0.00000 -0.12004 -1.67352 0.00030 -0.00272 0.00000 0.00001 0.00313
0.22852 -0.04782 0.00001 -0.03574 0.00000 -0.02366 0.00000 -0.01642 -0.00000 -0.04999 -0.00921 0.00001 0.01741 -0.01205 -0.00529 0.00000 0.00129 -0.02779 0.27216 -0.00002 -0.00738 -0.00001 0.00000 -0.01947 0.01562 0.23105 -0.00001 -0.03457 -0.05454 -0.00016
-0.00000 0.00000 -0.00261 -0.00658 0.00000 0.00000 0.00000 0.00000 -0.00006 0.00014 -0.00003 -0.00000 -0.00001 -0.00000 -0.26807 -0.00000 0.00000 -0.02540 -0.00000 -0.00002 -0.00000 -0.00005 0.00000 -0.15236 -0.00007 0.00000 -0.00031 0.00000 0.00000 -0.00031
-0.42169 -0.01038 0.00001 -0.01977 0.00004 -0.00022 0.22905 0.00066 -0.00000 -0.02633 -0.01079 -0.14409 0.00582 -0.00071 -0.00007 0.01572 0.00046 -0.04961 0.10564 -0.18296 -0.00148 -0.00000 -0.00615 -0.04749 0.05618 0.14567 -0.00000 -0.00025 -0.00111 0.00000
-0.00001 0.02458 -0.00120 -0.02364 0.00000 0.00000 -0.00000 0.00362 -0.00008 0.00000 0.00096 -0.00000 0.00616 -0.00234 -0.07558 0.00000 0.00000 -0.02661 0.00000 -0.00003 -0.00143 -0.00012 0.00000 -0.01962 -0.16692 0.00002 -0.00030 0.00000 0.00006 0.00317
-0.00000 -0.00000 -0.00135 -0.03721 0.00000 0.00000 -0.00000 0.00996 -0.00009 0.00002 -0.00000 -0.00000 0.17272 -0.01632 -0.02162 0.00000 0.00000 -0.13288 0.00000 -0.00002 -0.00000 -0.00003 -0.00000 -0.15649 0.00002 0.00000 -0.00021 -0.00000 0.00000 -0.00569
-0.03718 -0.10677 0.00008 -0.03673 -0.00074 -0.01333 -0.04391 -0.00818 -0.00001 -0.06688 0.21027 0.00000 0.01939 -0.00823 -0.00120 -0.36168 0.01729 -0.03716 0.31999 -0.00000 0.11699 -0.00000 -0.11213 -0.03377 -0.58803 -0.66768 0.00004 -0.01838 -0.03508 -0.00010
-0.00000 -0.00000 -0.00310 -0.03528 0.00000 0.00000 0.00000 -0.01361 -0.00005 0.00000 0.00000 -0.00000 0.00000 -0.00013 -0.04376 0.00000 0.00000 -0.09448 0.00000 -0.00001 -0.00000 -0.00007 -0.00000 -1.16086 -0.00000 0.00000 -0.00033 0.00000 0.00000 -0.01064
-0.00001 0.00000 -0.00381 -0.02898 -0.00000 0.00000 0.00000 -0.12126 -0.00006 0.00007 -0.00005 -0.00000 0.02479 0.00000 -0.08424 0.00000 0.00000 -0.05827 0.00000 -0.00001 -0.00000 -0.00001 -0.00000 -0.06660 0.00000 0.00000 -0.00039 0.00000 0.00000 -0.00984
-0.00006 -0.00000 -0.06899 -0.02672 0.00000 -0.00000 0.00000 -0.00000 -0.00048 0.00000 -0.00002 0.00001 0.00000 0.00000 0.00000 -0.00000 0.00000 -0.05759 -0.00000 -0.00007 -0.00000 -0.00073 0.00000 -0.27115 0.00002 0.00004 -0.00550 0.00000 0.00005 -0.34132
-0.07108 -0.05966 -0.00002 -0.67886 -0.00657 -0.02687 -0.08211 -0.04252 -0.00004 -0.07767 -0.00857 0.00000 0.00634 -0.00230 -0.03731 0.00000 -0.05508 -0.63840 0.67497 -0.00000 0.02855 -0.00001 -0.44847 0.00865 0.02999 0.56285 0.00009 -0.07066 -0.11101 -0.00006
-0.00002 -0.10847 -0.01182 -0.07590 0.00000 -0.11974 -0.00000 0.85894 -0.00014 -0.18557 -0.03777 -0.00000 0.02738 -0.01898 0.44687 -0.00000 0.00000 -0.12368 -0.00000 -0.00005 -0.06440 -0.00021 0.00000 -0.11946 0.34078 0.00001 -0.00090 0.00000 -0.00000 -0.04241
-0.00000 0.00000 -0.00000 0.00714 0.00000 0.00000 -0.00000 -0.00006 -0.00005 0.00001 -0.00000 -0.00000 -0.00000 0.00000 -0.00000 0.00000 0.00000 0.00000 0.00000 -0.00000 0.00000 -0.00001 -0.00000 0.07759 -0.00000 0.00000 0.00006 0.00000 -0.00000 -0.00000
-0.00000 -0.61122 0.00015 -0.00961 0.00000 -0.03474 0.00000 -0.62392 -0.00001 -0.10754 -0.00554 -0.00000 -0.01518 0.49563 -0.06144 0.00000 -0.36175 -0.05887 0.00000 -0.00000 0.05074 -0.00001 -0.00000 -0.17330 2.44776 0.00000 0.00011 -0.00000 -0.00000 0.00014
-0.02831 -0.01370 0.00003 1.18854 0.00009 -0.00252 -0.02805 -0.00057 -0.00000 -0.03222 -0.04498 -0.34727 0.00622 -0.00084 -0.00011 -0.22334 0.00273 -0.03481 0.09525 -0.00000 -0.01028 -0.00000 -0.02121 -0.03447 0.03676 0.15101 -0.00000 -0.00117 -0.00353 0.00001
-0.00002 0.48792 -0.00117 -0.10245 0.00001 0.00000 0.00002 -0.16589 -0.00014 -0.00005 -0.42628 -0.00000 -0.00197 -0.37655 -0.15252 0.00000 0.00000 1.96585 0.00001 -0.00000 0.00000 -0.00006 -0.00000 0.84621 0.00002 0.00000 -0.00031 0.00000 -0.00000 0.00185
-0.02697 -0.00335 0.00000 -0.02835 0.00014 -0.00003 -0.01464 0.00012 -0.33517 -0.00527 -0.00519 -0.08563 0.00110 -0.00067 -0.00001 -0.01588 0.00018 -0.03426 0.00940 -0.31627 -0.00046 -0.00000 -0.00067 -0.04088 0.02028 0.09068 -0.00000 0.00005 -0.00029 -0.00000
-0.20202 -0.43037 -0.00506 -0.18573 -0.58103 -0.76014 -0.60259 -0.96126 -0.00027 -0.51492 -0.05974 0.00000 0.03984 -0.00857 0.07763 -0.00000 0.36295 0.19705 -1.96503 -0.00002 -0.89441 -0.00008 0.00000 -0.42959 1.43762 -1.19187 -0.00060 -0.30657 -0.30802 -0.02380
-0.00000 0.00000 0.00005 0.00034 0.00000 0.00000 -0.00000 -0.00000 -0.00005 0.00001 -0.00000 -0.00000 -0.00000 -0.00000 -0.00000 0.00000 -0.00000 -0.00002 0.00000 -0.00001 0.00000 0.00001 -0.00000 -0.00000 0.00000 0.00000 0.00013 0.00000 0.00001 0.00001
-0.00000 -0.29876 0.00006 -0.01397 -0.00000 -0.00000 -0.00000 -0.04985 -0.00000 0.00000 -0.03735 -0.00000 -0.34812 -0.02275 -0.01783 0.00000 -0.00000 -0.05020 0.00000 -0.00000 -0.02959 -0.00000 -0.00000 -0.03605 0.00000 0.00000 0.00002 -0.00000 0.00000 -0.00072
-0.00000 -0.11002 0.00008 -0.00569 0.00000 -0.00478 -0.00000 -0.03920 -0.00000 -0.03776 0.26706 -0.00000 0.02705 -0.01166 -0.00674 0.00000 -0.02958 0.06071 0.24448 -0.00000 0.22209 -0.00000 -0.00000 0.04716 -0.72603 0.00000 0.00004 -0.00000 -0.00000 0.00009
-0.00420 -0.00032 0.00000 -0.02857 0.00003 0.00008 -0.00277 -0.00013 -0.22709 -0.00027 -0.00044 -0.01084 0.00010 -0.00002 -0.00000 -0.00162 0.00002 -0.05390 0.00092 -0.08137 -0.00011 -0.41997 -0.00007 -0.04164 0.00195 0.01216 0.00000 0.00004 -0.00014 0.00000
-0.00019 0.30404 -0.06272 -0.19369 0.00000 -0.09318 0.00001 -1.75594 -0.00045 -0.22345 -0.05663 -0.00001 0.03601 -0.53115 -0.51195 -0.00000 -0.55519 -0.36441 -1.14024 -0.00009 -0.12084 -0.00102 -0.00000 1.23406 -1.87491 0.20223 -0.00818 0.00000 -0.00000 -0.08221
-0.00006 0.04260 -0.02527 -0.03498 0.00001 -0.03339 -0.00000 -0.00238 -0.00028 -0.07736 -0.24918 -0.00001 -0.01490 0.00605 -0.04095 -0.00001 0.01233 -0.04278 0.28982 -0.00005 0.17486 -0.00062 0.00000 -0.07475 0.03645 -0.63989 -0.00339 -0.04973 0.00000 -0.04635
-0.00017 -0.00000 -0.33551 -0.03607 0.00000 0.00000 -0.00009 -0.00001 -0.00107 0.00002 -0.00008 -0.00020 0.00002 0.00000 -0.00000 0.00002 0.00000 -0.06847 0.00001 -0.00073 -0.00001 -0.01757 0.00000 -0.02809 0.00026 0.00038 -0.14656 0.00000 0.00014 0.00000
