0.00000 -0.00270 -0.00000 -0.00019 -0.00000 -0.12950 -0.51236 -0.44417 -0.94356 -0.00001
0.00003 -0.00000 0.00024 -0.44397 -0.00049 -0.00000 -0.00000 1.35279 -0.44426 -0.02026
-0.64197 -0.00032 0.00000 -0.00003 0.00000 -0.00964 0.04218 -0.54532 -0.09318 -0.00000
0.00033 0.00000 -0.00141 -0.00000 -0.02218 -0.00000 -0.00006 -0.16462 0.35099 -0.44636
0.16677 -0.00003 -0.42059 -0.00000 0.00000 -0.00027 0.00057 -0.13031 -0.26862 -0.00000
0.00000 -0.38731 -0.00002 -0.02164 -0.00011 -0.00000 0.00000 -0.14143 -0.29404 -0.00033
0.00000 -0.07808 0.00000 -0.00153 -0.00000 -0.32939 0.00000 -0.23227 -0.43436 -0.00020
0.00000 0.00000 -0.00000 -0.00000 0.00000 -0.00000 0.00000 0.00000 1.93526 -0.00000
0.00000 0.00000 -0.00000 -0.00000 0.00000 0.00000 0.00000 0.00000 0.00000 -0.00000
0.00445 0.00000 -0.04718 -0.00000 -0.44478 0.00002 0.00019 -0.16434 -0.27786 -0.00000
