0.00000 -0.00114 0.00001 0.00004 -0.00001 -0.00002 0.00030 -0.00026 -0.00000 -0.00003
-0.00052 0.00000 0.00000 -0.00020 -0.24914 -0.00062 -0.00002 0.00019 -0.00023 0.65479
-0.00010 -0.51445 -0.00000 0.00043 -0.19350 0.00019 -0.00018 -0.00016 -0.00006 -0.02293
-0.00011 0.00023 0.00030 -0.00000 -0.00045 -0.14605 0.00042 -0.66108 -0.00023 -0.00042
-0.00005 -0.00009 0.00000 -0.00126 0.00000 -0.00016 -0.00000 -0.00011 -0.00019 -0.00022
-0.00006 -0.00013 0.00000 0.00000 -0.00044 -0.00000 -0.00041 -0.34972 0.00069 -0.00009
0.00024 0.00118 -0.00086 0.00054 -0.00010 -0.00069 0.00000 0.00000 0.00003 0.00078
-0.00016 -0.00037 -0.00034 0.00000 -0.00000 -0.00000 -0.00076 0.00000 -0.59782 0.00015
-0.00014 -0.00023 -0.00005 -0.00008 0.00013 0.00010 0.00019 -0.00004 0.00000 -0.00006
0.00000 0.00000 -0.00001 0.00003 -0.05803 -0.00077 0.00018 0.00028 -0.00008 0.00000
