0.00000 0.00000 0.00000 0.00000 0.00000 0.00000 0.00000 0.00000 0.00000 0.00000 0.00000 0.00000 0.00000 0.00000 0.00000 0.00000 0.00000 0.00000 0.00000 0.00000
0.00000 0.00000 0.00000 0.00000 0.00000 -0.87801 0.00000 0.00000 0.00000 0.00000 0.00000 0.50253 0.00000 0.40148 0.51532 0.00000 0.00000 0.00000 0.52528 0.00000
0.00000 -0.33480 0.00000 0.00000 -0.34264 0.00000 0.00000 0.00000 0.00000 -0.36649 -0.39802 0.00000 0.00000 -0.56644 -0.47025 0.00000 0.00000 0.00000 -0.54707 -1.15128
0.00000 0.00000 0.00000 0.00000 0.00000 0.00000 0.00000 0.00000 0.00000 0.00000 0.00000 0.00000 0.00000 0.00000 0.00000 0.00000 0.00000 0.00000 0.00000 0.00000
0.00000 0.00000 0.00000 0.00000 0.00000 0.00000 0.00000 0.00000 0.00000 0.00000 0.00000 0.00000 0.00000 0.00000 0.00000 0.00000 0.00000 0.00000 0.00000 0.00000
0.00000 0.00000 0.00000 0.00000 0.00000 0.00000 0.00000 0.00000 0.00000 0.00000 0.00000 0.00000 0.00000 0.53249 0.00000 0.00000 0.00000 0.00000 0.00000 0.00000
0.00000 0.00000 0.00000 0.00000 0.00000 0.00000 0.00000 0.00000 0.00000 0.00000 0.00000 0.00000 0.00000 0.00000 0.00000 0.00000 0.00000 0.00000 0.00000 0.00000
0.00000 -0.34576 0.58220 0.00000 0.82310 0.00000 0.00000 0.00000 0.00000 0.00000 -0.30612 0.00000 0.00000 0.00000 0.00000 0.00000 0.00000 0.00000 -0.46395 0.00000
0.30888 0.00000 0.31538 0.00000 0.00000 0.00000 0.00000 0.44374 0.00000 0.00000 0.00000 0.00000 0.00000 0.00000 0.00000 0.00000 0.00000 0.00000 0.00000 0.00000
0.00000 0.00000 0.00000 0.00000 0.00000 0.00000 0.00000 0.00000 0.00000 0.00000 0.00000 0.00000 0.00000 0.00000 0.00000 0.00000 0.00000 0.00000 0.00000 0.00000
0.00000 0.00000 0.00000 0.00000 0.35291 0.00000 0.00000 0.00000 0.00000 0.00000 0.00000 -0.83899 0.00000 1.08223 0.70133 0.00000 0.00000 0.00000 0.95479 0.51861
0.00000 0.00000 0.00000 0.00000 0.00000 0.00000 0.00000 0.00000 0.00000 0.00000 0.00000 0.00000 0.00000 0.00000 0.00000 0.00000 0.00000 0.00000 0.00000 0.00000
0.00000 -0.36861 0.38298 0.00000 0.00000 0.00000 0.00000 0.00000 0.00000 0.00000 0.00000 0.00000 0.00000 0.00000 0.00000 0.00000 -0.76253 -0.85922 0.00000 0.00000
0.00000 0.00000 0.00000 0.00000 0.00000 0.00000 0.00000 0.00000 0.00000 0.00000 0.00000 0.00000 0.00000 0.00000 0.44290 0.00000 0.00000 0.00000 0.00000 0.00000
0.00000 0.00000 0.00000 0.00000 0.00000 0.00000 0.00000 0.00000 0.00000 0.00000 0.00000 0.00000 0.00000 0.00000 0.00000 0.00000 0.00000 0.00000 0.91376 0.00000
0.00000 0.00000 0.00000 0.00000 0.44119 0.00000 0.00000 0.00000 0.00000 0.00000 0.00000 0.00000 0.00000 -0.84103 -0.60320 0.00000 0.00000 0.00000 -0.59059 0.00000
0.00000 0.00000 -0.42629 0.00000 0.00000 0.00000 0.00000 -0.47030 -0.31132 0.00000 0.00000 0.00000 0.00000 0.00000 0.00000 0.00000 0.00000 0.00000 0.00000 0.55815
0.00000 0.00000 0.00000 0.00000 0.00000 0.00000 0.00000 0.00000 0.00000 0.00000 0.00000 0.00000 0.00000 0.00000 0.00000 0.00000 0.88489 0.00000 0.00000 0.00000
0.00000 0.00000 0.00000 0.00000 0.00000 0.00000 0.00000 0.00000 0.00000 -1.01352 0.00000 0.00000 0.00000 0.00000 0.00000 0.00000 0.00000 0.00000 0.00000 0.00000
0.00000 0.00000 0.00000 0.00000 0.00000 0.00000 0.00000 0.00000 0.00000 -1.15626 0.00000 0.00000 0.00000 0.00000 0.00000 -0.38915 0.00000 0.00000 0.00000 0.00000
