0.00000 -0.00000 -0.00165 0.00049 -0.00182 -0.00000 0.00018 -0.00000 -0.00000 -0.00028 0.00032 -0.00002 -0.06278 -0.03041 -0.00493 -0.00107 -0.00001 0.00002 -0.03140 0.00095
-0.14087 0.00000 0.06176 -0.04479 0.12207 -1.01682 0.00061 0.00009 0.45677 -0.00224 -0.02233 0.55373 -0.13022 0.43147 0.09905 0.13702 -0.01884 -0.00255 0.16414 -0.10623
-0.00128 0.00000 -0.00000 -0.00000 -0.15699 0.03439 -0.00057 0.00000 -0.00080 -0.20673 -0.00000 0.00000 0.00000 -0.45606 -0.02723 -0.18576 -0.00111 -0.00092 -0.08678 -0.36810
0.00018 -0.00000 -0.11723 0.00000 0.02646 -0.00314 -0.00007 -0.00034 -0.00059 -0.00713 0.00000 0.05836 -0.00100 0.06209 0.00713 0.01662 0.00054 0.00007 0.02543 0.15348
-0.00044 0.00000 0.00000 -0.00000 0.00000 -0.00000 -0.00052 -0.00000 0.00011 -0.00137 -0.00000 -0.08518 0.00003 -0.00000 0.00000 -0.00000 -0.00425 -0.00006 -0.00000 0.00000
0.04079 -0.00000 0.00000 -0.00000 -0.03557 0.00000 -0.00062 -0.00002 -0.11747 0.02748 0.00000 -0.16128 0.04708 0.56061 -0.35275 -0.00000 0.00299 0.00101 -0.23199 0.00001
-0.00059 0.00111 -0.00097 0.00011 -0.00005 -0.00011 0.00000 0.00020 -0.00016 -0.00164 -0.00017 0.00027 0.00023 0.00163 0.00050 -0.00089 0.00009 -0.00061 0.00025 0.00064
0.02525 -0.01058 0.02589 -0.00042 0.63054 -0.00109 -0.00016 -0.00000 0.02367 0.00005 -0.04496 0.00315 0.00013 0.01107 0.08875 -0.16761 -0.00093 -0.00027 -0.38620 0.00020
0.27558 0.00000 -0.00056 -0.00013 0.01913 -0.00000 0.00033 0.00000 -0.00000 -0.00283 -0.00007 0.06197 -0.13612 -0.01726 0.04249 0.00001 -0.00759 -0.00166 0.00840 -0.00014
-0.00004 -0.00000 -0.00000 -0.00000 0.00128 0.00000 0.00176 -0.00000 0.00016 0.00000 0.00000 0.00075 0.00049 -0.00000 0.00000 -0.00003 0.01158 0.01308 -0.00000 0.00000
0.00599 -0.00002 0.21476 -0.09281 0.34233 -0.11974 0.00064 -0.00000 -0.00144 -0.00019 -0.00000 -0.85437 -0.02001 1.11710 0.02116 0.38475 -0.19703 -0.08401 0.14789 -0.19952
-0.01347 0.00000 -0.00002 -0.00000 -0.00000 -0.00000 -0.00005 0.00000 0.00000 -0.00448 0.00000 0.00000 0.00050 -0.00004 -0.00000 -0.00003 0.10171 0.05480 -0.00000 0.00000
-0.00000 -0.00000 0.00006 0.00020 0.00081 0.00000 -0.00005 0.00010 -0.00000 -0.00055 -0.00003 -0.00020 -0.00000 0.05510 -0.01469 0.00043 0.00207 0.00188 -0.00210 0.00000
0.00002 -0.00000 0.00000 0.00000 -0.00445 -0.00000 0.00010 -0.00000 -0.00000 -0.06504 -0.00000 -0.04082 -0.00000 0.00000 0.52620 0.00000 0.00050 0.00012 0.34278 -0.00000
0.00007 0.00000 0.00000 0.00011 0.14529 -0.00000 0.00035 -0.00000 0.00000 -0.09122 -0.00000 -0.07442 -0.00001 0.00000 -0.00000 0.00000 -0.00434 -0.00071 1.05477 -0.00000
-0.00424 0.00000 0.00000 -0.00000 0.33908 0.14700 -0.00001 0.00000 -0.02202 -0.00156 -0.00000 -0.01360 0.00532 -0.79688 -0.02246 -0.00000 -0.00012 -0.00008 -0.05438 -0.00000
-0.00157 -0.00000 -0.00075 -0.00021 -0.00027 -0.00000 -0.00028 -0.00002 0.00001 -0.00041 0.00000 0.00000 0.00100 0.00117 -0.00020 -0.00707 -0.00000 0.00000 -0.00009 0.00064
-0.00067 -0.00005 -0.00014 -0.00036 -0.00085 0.00002 -0.00108 -0.00000 -0.00010 -0.00031 0.00000 0.00000 0.00000 0.00159 0.00000 -0.00862 0.13373 -0.00000 -0.00000 0.00038
-0.00000 0.00000 0.00000 0.00010 -0.21393 -0.00000 -0.00130 0.00000 -0.00000 -0.95265 -0.00000 -0.07270 -0.00005 0.00000 -0.00000 0.00000 -0.02542 -0.02278 0.00000 -0.00001
0.00530 -0.00000 0.00000 0.00000 0.10633 -0.02390 -0.00008 0.00006 -0.00201 -0.93891 0.00000 0.09325 -0.01478 0.28190 -0.03348 0.10603 0.00066 0.00040 -0.06050 -0.00000
