-0.65962 0.27794 -0.24884 -0.83477 -0.10888 -0.31128 0.00297 0.31377 0.24322 -0.24456 0.94510 -0.19017 -0.03731 0.55008 0.44311 -0.50621 -0.01960 -0.14934 0.17586 0.09831 0.54575 -0.16315 0.22267 -0.08073 0.47301 0.04411 0.22330 0.35200 -0.06794 0.00532
0.29279 -0.43274 0.29180 -0.07026 0.05397 -0.00210 0.00583 -0.44307 0.05456 0.33169 0.90840 -0.07480 0.34821 0.07189 -0.10757 0.37169 0.03538 0.26061 -0.31957 0.30169 -0.39633 -0.02134 0.35367 -0.23895 -0.46676 -0.47124 -0.10176 0.03978 -0.44144 -0.22656
0.38385 1.55860 -0.85833 -0.93513 -0.66772 -0.01802 0.58760 1.52229 0.12392 -0.20730 0.96303 -0.02976 -0.45028 1.66468 1.65057 -0.09526 0.23929 -0.80746 0.81383 -0.62298 1.57746 -0.90472 -0.13822 -0.09966 1.63608 0.63450 0.66582 1.45727 0.48770 0.53557
-0.26715 0.18187 0.01419 -0.48590 0.03421 -0.01167 -0.00334 -0.03410 -0.01599 -0.02395 1.29657 0.00770 0.00977 0.39506 0.04744 -0.16811 -0.00074 0.03676 0.00344 0.17058 0.16981 -0.01772 0.22398 0.05177 0.11270 -0.08166 -0.01717 -0.00341 0.01657 -0.00678
0.83737 -0.12360 0.66748 1.22081 0.44187 0.78152 -0.08401 -0.58485 -0.21890 0.58428 1.29070 0.43254 0.39348 0.07609 -0.85374 1.21338 0.22028 0.54219 -0.45650 0.19385 -0.55172 0.59164 0.69209 0.36342 -0.37945 -0.39342 -0.42851 -0.73838 -0.18836 -0.04536
-0.72141 0.35792 -0.36378 -0.81860 -0.20456 -0.37807 0.07891 0.34494 0.41612 -0.30210 0.94439 -0.31111 -0.08435 0.63749 0.56001 -0.57026 -0.06877 -0.16003 0.24146 0.11762 0.60398 -0.24806 0.36433 -0.11576 0.52549 -0.00906 0.34610 0.48772 -0.11304 0.03993
1.89027 -0.20472 0.79868 1.15685 0.48481 0.95964 -0.19161 -0.28015 -0.33240 0.71127 0.97732 0.63308 0.53333 -0.95964 -0.40623 1.41490 0.32527 0.51173 -0.68131 0.18909 -0.76351 0.60931 0.67437 0.49740 -0.39198 -0.19608 -0.64051 -0.55379 -0.10124 -0.08584
0.35981 -0.38950 -0.00313 0.65692 -0.19315 -0.16291 0.33743 0.24111 -0.40967 -0.24718 0.95439 -0.16427 -0.14725 -0.53397 -0.09440 0.03952 0.43799 -0.21393 0.27852 -0.45327 -0.10434 -0.20076 -0.07697 -0.04695 -0.03885 0.48809 0.23957 -0.00696 0.47861 0.42543
2.26314 -0.40753 0.65751 1.34209 0.28819 0.98774 -0.14607 -0.11009 -0.37896 0.51583 1.32278 0.62729 0.35015 -0.59694 0.02075 1.13548 0.29390 0.35208 -0.45797 -0.13908 -0.20608 0.37339 0.41897 0.37835 -0.40843 -0.14891 -0.37545 -0.37709 -0.09978 -0.08633
-0.29163 0.50587 -0.35027 -0.81101 -0.16458 -0.28486 0.08573 0.29441 0.33627 -0.30514 0.94754 -0.32445 -0.08677 0.62075 0.59405 -0.35530 0.01386 -0.17800 0.29303 0.09923 0.70115 -0.23972 0.51598 -0.16937 0.54909 0.05449 0.35481 0.45907 -0.07543 0.11676
-0.82653 0.84178 -0.12590 -0.93183 -0.51059 -0.53585 0.25156 0.77646 -0.00969 -0.57862 1.21208 -0.40190 0.12229 1.75049 0.59304 0.01472 0.10623 -0.58197 0.27677 -0.44645 1.11854 0.07734 -0.19047 -0.18412 1.34755 0.81090 0.55576 0.44279 0.45794 0.31306
-0.80729 0.59548 -0.57513 -0.87487 -0.30522 -0.54732 0.17895 0.44515 0.51175 -0.42533 0.90877 -0.30431 -0.24168 0.90442 0.67927 -0.67241 -0.07121 -0.27771 0.45258 0.07434 0.71667 -0.37844 0.31540 -0.32867 0.67948 0.08157 0.50026 0.62100 -0.03466 0.17959
-0.33589 1.11049 -0.75490 -0.94982 -0.54231 0.04280 0.39107 0.99188 0.21670 -0.62467 0.92686 -0.18824 -0.55188 1.27048 1.16376 -0.55009 0.02997 -0.59432 0.72735 -0.34270 1.22107 -0.69900 0.13659 -0.26602 1.14498 0.37605 0.77839 0.92947 0.21478 0.42432
0.45770 0.00010 0.04649 0.67390 -0.09932 0.02500 0.21035 0.15511 -0.12331 -0.15964 0.91877 -0.09766 -0.08749 -0.06044 -0.19576 0.14769 0.31468 -0.08628 0.11218 -0.27342 -0.19568 -0.12228 -0.08180 -0.17914 -0.13242 0.40141 0.12776 -0.10534 0.42559 0.31467
1.53602 -0.10668 0.56142 1.09556 0.39111 0.82146 -0.15786 -0.36966 -0.09524 0.57051 0.96971 0.54349 0.33292 0.15502 -0.77998 1.17443 0.13683 0.47576 -0.50989 0.29482 -0.73018 0.47845 0.52434 0.34583 -0.38729 -0.31812 -0.51128 -0.67221 -0.13761 -0.10461
-0.36504 0.47422 -0.25277 -0.80614 -0.11100 -0.31503 0.02464 0.25540 0.26753 -0.24920 0.91098 -0.25346 -0.03441 0.56646 0.45586 -0.51019 0.00115 -0.14425 0.19428 0.09823 0.58202 -0.16526 0.36427 -0.10538 0.47140 0.04388 0.24713 0.36715 -0.07085 0.03460
0.23680 0.91373 -0.78916 -0.91024 -0.42681 -0.16007 0.23810 0.84026 0.38850 -0.38756 0.94410 -0.18446 -0.42539 1.33757 1.20854 -0.30269 0.16900 -0.57199 0.79527 -0.15370 1.45212 -0.58685 0.36705 -0.13260 1.10889 0.43243 0.67828 1.10039 0.24568 0.50427
1.56924 -0.14480 0.51752 1.10096 0.29085 0.60139 0.02590 -0.46437 -0.22862 0.45574 1.32580 0.27513 0.31752 -0.07079 -0.52767 0.95218 0.21884 0.36168 -0.26870 0.05637 -0.20146 0.33697 0.40633 0.34300 -0.29257 -0.14897 -0.30253 -0.33141 0.05053 0.08396
1.37845 -0.16806 0.61785 1.12936 0.51168 0.76476 -0.18683 -0.43124 -0.19810 0.64883 1.18200 0.51563 0.46791 -0.18938 -0.67679 1.14517 0.20291 0.55865 -0.47243 0.23019 -0.44091 0.61671 0.53850 0.40551 -0.26354 -0.32196 -0.45823 -0.68052 -0.15949 -0.10999
0.61883 0.77835 -0.37647 -0.31473 -0.29448 -0.13437 0.19314 0.99468 0.36888 -0.15098 1.01218 0.01859 -0.11670 0.57933 0.74317 -0.49175 0.03326 -0.22180 0.47406 0.17822 1.02226 -0.14313 0.17558 -0.05577 0.57117 0.42778 0.35139 0.56401 -0.09417 0.15588
1.07523 -0.22601 0.28917 1.00743 0.16165 0.36130 0.04141 -0.35839 -0.16175 0.26242 0.93149 0.13363 0.09893 0.21675 -0.52376 0.61345 0.16727 0.25384 -0.16056 0.06486 -0.64774 0.20328 0.25463 0.13227 -0.50211 0.03961 -0.20915 -0.41805 0.13327 0.10507
-0.56263 0.64437 -0.51797 -0.87277 -0.14260 -0.48990 0.14828 0.36886 0.03915 -0.34966 1.10272 -0.37190 -0.25251 0.79147 0.67475 -0.67588 -0.05886 -0.27652 0.53528 -0.00156 0.80950 -0.27405 0.67754 -0.03841 0.62136 -0.03376 0.45357 0.56268 -0.10848 0.10908
0.92234 -0.30985 0.39772 1.06553 0.21820 0.36118 0.12001 -0.35569 -0.24757 0.19983 1.19974 0.12533 0.13699 -0.29041 -0.58947 0.65101 0.31629 0.17035 -0.07217 -0.12600 -0.48074 0.33576 0.60335 0.23768 -0.32725 0.08255 -0.23214 -0.51875 0.18177 0.20886
-0.80367 0.52569 -0.56284 -0.88239 -0.27369 -0.49108 0.13113 0.40053 0.59792 -0.38489 0.89632 -0.24320 -0.18344 0.67931 0.66933 -0.65601 -0.12637 -0.20188 0.39315 0.16137 0.70195 -0.33623 0.43272 -0.00535 0.62438 0.00136 0.47476 0.60740 -0.11370 0.13225
0.68424 -0.25864 0.17414 0.94914 0.09366 0.24006 0.04455 -0.27253 -0.22395 0.17383 1.18749 0.11531 0.00498 -0.05218 -0.38050 0.48592 0.08508 0.08802 -0.04033 -0.13031 -0.38319 0.09805 0.32829 0.13746 -0.40835 0.06492 -0.12250 -0.29015 0.10347 0.08057
0.73234 -0.07199 -0.01982 0.57660 0.01913 0.44115 0.06541 -0.38515 -0.18382 0.04371 1.25152 0.56126 -0.14829 -0.44219 -0.23073 0.04258 0.15915 -0.18276 0.12237 -0.31363 -0.32838 0.10482 0.32058 0.11144 -0.26848 0.35099 0.09465 -0.15104 0.08378 0.12735
2.37216 -0.04452 0.80735 1.15244 0.64990 1.43423 -0.29494 -0.08446 -0.08889 0.93461 1.23317 0.97132 0.71764 -0.02150 -0.29929 1.47229 0.00813 0.79897 -0.61103 0.50712 -0.16688 0.42732 0.84626 0.61974 -0.31835 -0.52365 -0.57669 -0.21803 -0.33361 -0.24113
1.77755 -0.12684 0.63146 1.12761 0.49684 0.79695 -0.24074 -0.39434 -0.06887 0.72935 0.96271 0.64739 0.41055 -0.12705 -0.62606 1.32809 0.13991 0.55659 -0.57857 0.40481 -0.68664 0.60917 0.67414 0.49454 -0.38259 -0.41859 -0.58913 -0.76205 -0.21010 -0.16871
0.22900 0.83330 -0.50785 -0.74261 -0.25672 0.02203 0.19984 1.25335 0.01309 -0.31763 1.21296 0.20436 -0.32105 1.30581 1.10619 -0.37322 0.05793 -0.39170 0.68008 -0.34869 1.44611 -0.43794 0.49090 -0.07513 0.94705 0.18682 0.64208 0.93460 0.07095 0.39231
2.73748 -0.10603 0.85155 1.42887 0.85404 1.85645 -0.38584 0.20349 -0.05546 1.09271 1.41363 1.16597 0.81083 0.54152 -0.05569 1.97753 -0.12456 0.83455 -0.72021 0.53569 -0.27936 0.93837 1.01285 0.77692 -0.12801 -0.52143 -0.62514 -0.16993 -0.40652 -0.29880
