-0.00000 0.00000 -0.00042 -0.00000 0.00000 -0.00000 0.00080 -0.00007 0.00001 -0.00000 0.00129 0.00000 -0.00030 0.00021 -0.00105 0.00000 -0.01351 0.00105 -0.00000 0.01596 0.00023 -0.00000 0.00005 0.00000 -0.00000 0.00096 -0.00000 0.00000 0.00000 0.00047 0.00000 0.00000 -0.00000 -0.00000 0.00000 -0.00179 -0.00007 -0.00197 -0.01424 -0.00000 -0.00000 0.00011 -0.00000 0.03359 -0.00000 -0.00000 -0.00002 0.00004 -0.00036 0.00032
0.00519 -0.00000 -0.00000 0.00000 -0.00000 0.00000 0.00000 0.00007 -0.00000 0.00000 -0.00000 0.00000 0.00000 0.00000 0.00000 0.00000 -0.00085 0.00000 -0.00001 0.00000 0.00000 -0.00000 0.00951 0.00000 0.00000 0.00005 -0.00000 -0.00000 -0.00000 0.00000 0.00000 0.00000 -0.00000 -0.00108 0.00001 0.00003 -0.00000 0.00000 -0.00598 -0.00001 -0.00004 -0.00000 -0.00000 0.00001 -0.00000 0.00000 -0.00001 0.00000 -0.00015 -0.00000
0.00329 -0.15085 -0.00000 0.00000 0.00000 -0.00000 -0.00000 -0.00000 0.00000 0.00000 0.00000 0.00000 0.00000 -0.00000 -0.00028 0.00000 -0.19094 0.00000 -0.00000 0.00000 0.00000 0.00001 0.17962 -0.00000 0.00000 0.00000 0.00000 0.00000 0.00000 0.00000 0.00000 0.00000 -0.00002 -0.00000 0.00030 0.00000 0.00000 0.00000 -0.02887 -0.08974 -0.00000 -0.00005 0.00000 0.00000 0.00000 0.00000 -0.00000 -0.00000 0.00068 -0.20647
0.04314 -0.02117 -0.02446 -0.00000 0.00032 0.00043 -0.00004 0.00076 -0.00018 0.00355 0.00001 0.00000 -0.00002 0.00184 0.00222 0.00014 -0.00305 0.00000 0.00000 0.01074 0.00372 0.00034 -0.00269 0.00000 0.00002 0.00695 -0.00005 0.01754 0.00723 0.00005 0.00035 0.00407 -0.00009 -0.00011 0.00004 -0.00000 -0.00098 -0.00015 -0.01201 -0.01257 -0.00167 0.00499 -0.00017 0.01584 -0.00007 0.00924 0.00108 0.00782 -0.01007 -0.00274
0.01561 0.02308 0.38591 0.00062 0.00000 -0.00011 -0.00007 0.00039 0.00020 0.00026 0.00305 -0.00007 -0.00005 0.00000 0.00980 -0.00088 0.03265 0.00082 -0.00037 0.00142 0.01272 -0.00039 -0.03449 0.00156 0.00115 0.00036 0.00006 0.00550 -0.00028 0.00009 0.00061 0.00009 -0.00012 -0.00424 0.00029 0.00004 0.00802 0.00011 -0.00000 0.00042 -0.00592 0.00007 -0.00083 0.03551 -0.00000 0.00018 -0.00147 0.00040 0.00149 0.05167
0.01978 -0.13171 -0.07575 0.00066 0.00943 -0.00000 -0.00014 0.00000 -0.00000 0.00017 -0.00015 -0.00000 0.00000 0.00571 0.00801 -0.00032 -0.00728 0.00024 -0.00021 0.00398 0.11942 0.00030 0.00435 0.00000 -0.00007 0.00257 -0.00061 0.00534 0.00024 0.00000 0.00015 0.00074 -0.04550 -0.00010 0.00000 0.00000 0.00424 0.00007 -0.00854 -0.00688 -0.00202 -0.00001 -0.01670 0.04339 -0.00010 0.01625 -0.00550 0.00000 -0.00487 -0.01460
0.00178 -0.00003 -0.07430 0.00354 0.00198 0.00443 -0.00000 0.00017 -0.00013 0.00219 -0.00011 0.00001 0.01774 0.00038 -0.31318 -0.00009 -0.00331 0.00146 -0.00069 0.00422 0.00062 0.00145 0.01914 -0.00009 0.00000 0.00406 -0.00010 0.00983 0.00022 0.00827 -0.00562 0.00043 -0.00001 -0.00199 0.01486 0.00258 0.00375 0.01065 -0.00557 0.00039 -0.00151 0.00618 -0.00045 0.00776 0.00473 0.00218 -0.00516 0.00236 -0.01640 -0.01031
-0.00005 -0.00885 -0.00432 0.00117 0.00000 0.00913 0.00004 0.00000 -0.00000 0.00209 -0.00000 -0.00181 -0.00000 0.01285 0.00000 0.00000 -0.01650 -0.00000 -0.00051 0.00007 0.00226 0.00000 0.03676 -0.00017 0.00033 0.00003 -0.00000 0.00670 -0.00000 0.00000 0.00081 0.00093 -0.00129 -0.01217 -0.00000 0.00070 -0.33497 0.00077 -0.00209 0.00099 -0.00297 0.00001 -0.00347 0.00252 0.00053 0.01662 -0.00062 0.00000 0.00000 0.00004
0.01432 0.00299 -0.14857 0.00159 0.00010 -0.10634 0.00000 0.00049 -0.00000 0.00303 0.00414 0.00604 0.00016 0.00012 0.00165 0.00001 -0.03001 -0.00000 -0.00029 0.00184 -0.06134 0.00002 0.00742 0.00000 0.00070 0.00296 -0.00038 0.00423 -0.00012 0.00146 0.00453 0.00006 -0.00094 -0.00125 0.00151 0.00078 0.00097 0.00029 -0.02090 -0.00309 -0.00604 0.00111 -0.00001 0.03650 0.00007 0.00062 -0.00943 -0.50474 -0.15960 0.00007
0.04538 -0.01173 -0.06330 -0.00000 0.00082 -0.00016 -0.00013 0.00006 -0.00000 -0.00000 -0.00008 0.00012 -0.00038 -0.00027 -0.00025 0.00000 -0.01604 0.00360 0.00006 0.00748 0.00181 -0.00006 0.00060 0.00069 0.00026 0.00103 -0.00033 -0.22876 -0.00000 0.00154 0.00124 0.00698 -0.00049 0.00000 0.00050 0.00828 0.00202 -0.00025 -0.01337 -0.02333 -0.00046 -0.00024 -0.00002 0.01921 0.00202 0.00488 -0.00242 0.00801 -0.00137 -0.00411
0.00065 -0.01806 -0.16366 0.01039 0.00000 0.00045 0.00581 0.00033 -0.00010 0.00605 -0.00000 0.00033 0.00022 0.00010 0.04270 -0.00012 -0.01102 -0.00000 -0.00135 0.00325 0.00017 0.00003 0.00804 0.00000 -0.00003 -0.01721 -0.00069 0.01587 0.00000 0.00007 0.00137 0.00000 0.00053 -0.00050 0.00020 0.00120 0.01810 0.00557 -0.03485 -0.04624 -0.00146 0.00047 -0.00014 -0.49436 -0.00000 0.00370 -0.01152 0.01401 -0.01173 -0.00349
0.03455 -0.01191 -0.05804 0.00573 0.00239 -0.00005 0.00763 -0.00000 -0.00009 0.00060 -0.00001 -0.00000 -0.00005 0.00030 0.01953 0.00856 -0.00519 0.00303 -0.00066 0.00526 0.01573 0.00003 0.00010 0.00453 0.00010 0.00029 -0.00000 0.00056 0.00006 0.00226 0.00037 0.00019 -0.00016 -0.00000 0.00014 0.00007 0.00194 0.00205 -0.03091 -0.00006 -0.00031 0.00257 -0.00011 0.00289 -0.00000 0.00144 -0.00192 0.00960 -0.00059 0.03763
0.00381 -0.01437 -0.07904 0.00509 0.00451 0.00046 -0.00000 0.00487 -0.00018 0.00291 -0.00146 0.00675 -0.00000 -0.00000 0.00700 -0.00024 -0.00764 -0.00000 -0.00013 0.00062 0.00001 0.00000 -0.00103 -0.00099 -0.00029 0.00009 -0.00021 0.01817 0.00010 0.00124 0.00093 -0.35860 -0.00012 0.00026 0.00225 0.00396 0.02264 0.00093 -0.00575 0.00232 -0.00391 0.00113 -0.00002 0.00132 0.00003 0.01020 -0.02589 0.01550 -0.17452 -0.00104
0.00196 -0.13640 -0.08134 0.00004 0.00091 0.00003 0.00115 0.00000 -0.00010 0.00000 0.00000 0.00085 0.00000 0.00000 -0.00169 0.00132 -0.01676 -0.00007 -0.00127 0.00000 0.15800 -0.00000 0.01221 0.00008 -0.00000 0.00097 -0.00005 0.00449 -0.00000 0.00014 0.00002 0.00165 -0.07425 -0.04947 -0.00000 0.00000 -0.00000 -0.00000 -0.00324 0.00242 0.00000 -0.00004 -0.00369 0.03390 -0.00001 0.00000 -0.01414 0.00005 0.00182 0.01652
0.00042 -0.02245 -0.01051 0.00037 0.00000 0.00000 -0.00000 0.02942 -0.00000 -0.00029 0.00000 0.00000 -0.00000 0.00036 0.00000 -0.00000 -0.00040 0.00220 -0.00000 0.00013 -0.00000 0.00000 0.00387 0.00000 0.00000 0.00039 -0.00000 0.00001 0.00182 -0.00000 0.04183 0.00000 -0.00005 0.06834 0.00000 0.00000 0.00403 0.00000 -0.00064 -0.00032 0.00000 -0.00003 0.00001 0.00870 0.00183 0.00106 -0.00064 -0.00000 -0.00035 -0.25212
0.01156 0.00022 -0.09874 0.00019 0.00108 0.00031 0.00794 -0.05636 -0.00026 0.00575 -0.00041 0.00000 0.00020 0.00032 0.00772 -0.00000 -0.00390 0.00465 0.00000 0.01071 0.01044 0.00479 0.00743 -0.00000 0.00000 -0.00000 -0.00008 0.03784 0.00211 0.00265 0.00058 0.00478 -0.00001 0.00164 0.00002 0.00072 0.00821 0.00030 -0.01161 0.12910 -0.00008 -0.00005 -0.00064 0.00036 0.00010 0.00047 0.00000 0.00341 -0.00019 0.21118
0.00000 0.00000 -0.00000 0.00000 0.00000 -0.00000 -0.00011 0.00001 0.00000 0.00000 -0.00000 0.00000 0.00027 -0.00000 0.00141 -0.00000 0.00000 0.00000 0.00012 0.02218 0.00004 0.00000 -0.00141 0.00000 0.00000 -0.00001 0.00000 0.00000 -0.00000 0.00000 0.00002 0.00009 0.00000 0.00000 0.00000 0.00000 0.00000 0.00000 0.52220 -0.00018 0.00396 0.00009 -0.00000 0.00000 -0.00000 -0.00000 -0.00002 0.00008 -0.00004 -0.00006
0.00178 -0.01657 -0.04216 0.00248 0.00106 0.00032 -0.00011 0.00041 -0.00016 0.00001 0.00013 0.00000 0.00769 0.00032 0.00082 -0.00007 -0.00851 -0.00000 -0.00000 0.00519 -0.00001 0.00254 0.00875 0.00001 0.00000 0.00048 -0.00000 0.00817 -0.00031 0.00905 0.00201 0.00367 -0.00044 -0.00058 0.00184 0.00942 0.02441 0.00631 -0.00198 0.29722 -0.00034 0.01127 -0.00017 0.00378 -0.00003 0.00617 -0.02266 0.01865 0.00057 -0.11299
0.00491 -0.00399 -0.05116 -0.00001 0.00010 0.00009 -0.00000 0.00014 -0.00000 0.00054 0.00011 0.00000 0.00023 -0.00003 0.00211 -0.00044 0.00143 -0.00003 0.00000 0.00085 0.00066 0.00012 -0.00000 -0.00005 0.00000 -0.00000 0.00030 0.00228 -0.00003 0.00075 0.00053 0.00015 0.00113 0.00000 0.00003 -0.00000 0.00117 0.00081 -0.00000 -0.00002 0.00000 -0.00001 -0.00000 0.00021 -0.00000 -0.00005 0.00000 0.00102 -0.00215 -0.00930
-0.00006 -0.00236 -0.00159 -0.00011 0.00000 -0.00000 -0.00000 -0.00006 -0.00000 0.00003 0.00000 0.00003 0.00005 0.00363 0.00321 -0.00000 -0.00000 -0.00004 0.00305 0.00000 0.00003 0.00003 -0.00001 -0.00010 0.00025 -0.00049 -0.00005 0.00406 0.00000 0.00036 -0.00001 0.00022 0.00000 -0.00003 0.00003 0.00000 0.00931 0.00052 0.00000 -0.00142 0.00078 -0.00000 0.00001 0.03323 -0.00000 0.00008 -0.00025 0.00101 -0.00222 0.00004
-0.00010 0.44518 -0.03762 -0.00022 0.00000 0.00000 0.00258 0.00080 -0.00000 0.00007 -0.00017 0.00005 0.00062 0.00000 -0.00019 0.00002 -0.00026 0.00010 -0.00013 0.00009 0.00000 -0.00025 -0.00419 -0.00010 -0.00000 0.00232 -0.00086 -0.00004 0.00187 0.00000 0.00083 0.00089 0.21208 0.00133 -0.00002 0.00005 -0.00001 0.00033 0.00007 0.00079 -0.00019 -0.00006 -0.00000 0.00890 -0.00020 0.00000 -0.00599 0.00008 0.00008 0.16707
0.02229 -0.02219 -0.01257 0.00137 0.00040 0.00019 -0.00025 -0.00000 -0.00061 0.00619 -0.00003 0.00068 0.00256 0.00007 0.01049 -0.00009 -0.00445 -0.00000 -0.00029 0.00357 0.00033 -0.00000 0.02421 -0.00013 -0.00009 0.00000 0.00000 0.01392 -0.00021 0.00012 0.00011 0.29875 0.00057 -0.00056 0.00385 0.00403 0.01803 0.00271 -0.03148 -0.01083 -0.00173 0.00137 -0.00000 0.00289 -0.00000 0.00419 -0.01084 0.00211 -0.06492 -0.00720
0.00692 -0.00000 -0.00000 0.00000 0.00000 0.00000 0.00000 0.00000 0.00000 0.00000 -0.00000 -0.00014 0.00000 0.00000 0.00021 0.00000 -0.00001 0.00000 -0.00022 -0.00922 0.00007 0.00000 0.00000 0.00000 -0.00020 0.00000 -0.00000 0.00014 -0.00000 0.00000 0.00000 0.00000 -0.00000 -0.00000 0.00000 0.00000 0.00000 0.00000 -0.00000 -0.00151 -0.00082 0.00000 -0.00000 0.00011 0.00000 0.00000 -0.00000 -0.00000 -0.00170 0.00031
0.02640 -0.01630 -0.07307 0.00482 0.00032 0.00218 0.00933 -0.00236 0.00460 0.00066 -0.00000 0.00010 -0.00055 0.00337 0.03439 0.02157 -0.00033 0.00039 -0.00023 0.00653 0.00042 0.00011 0.00519 -0.00000 -0.00000 0.01943 -0.00012 0.00031 -0.00001 0.00023 0.00570 0.00096 -0.00040 -0.05447 -0.00000 0.00986 0.01290 0.00633 -0.02215 -0.00286 -0.00025 -0.00002 -0.00010 0.00660 0.00629 0.00866 0.00036 0.01454 0.32426 0.00826
0.05615 -0.01229 -0.02087 0.00554 0.00013 -0.00000 0.00503 0.00006 -0.00000 0.00309 0.00000 0.00410 0.00000 0.00025 0.02536 0.01682 0.45172 0.00149 0.04629 0.00077 0.00034 0.00095 -0.00405 0.01516 -0.00000 -0.00019 0.01735 0.00141 0.00427 0.00164 0.00112 0.00286 0.00045 -0.00033 0.00773 -0.00000 -0.00143 0.00234 -0.00028 -0.00406 0.04726 0.00004 -0.00000 0.01084 -0.00003 0.00336 -0.02501 0.00576 -0.00087 -0.00014
0.00095 -0.00168 -0.05928 0.00000 0.00080 0.00010 -0.00035 0.00362 -0.00000 0.00000 -0.00000 -0.00115 0.00000 0.00017 0.00148 -0.05376 -0.01317 0.00002 -0.08346 0.00055 0.00000 0.00001 0.03191 0.00000 0.00002 0.00000 -0.00000 0.00536 -0.00000 -0.00065 0.00002 0.00000 0.00206 -0.00000 0.00000 0.00000 0.00000 0.00000 -0.01735 -0.06320 -0.00038 0.00003 -0.00000 0.00000 0.00000 0.00016 -0.00000 0.00000 -0.00055 -0.01595
0.00708 -0.00615 -0.04776 0.00366 0.01498 0.00047 0.00008 0.00099 -0.00001 0.00075 -0.00000 0.00815 0.00005 0.00330 0.00024 0.00096 -0.00743 0.00197 -0.00004 0.00205 0.00001 0.00637 -0.52396 0.00036 -0.00000 0.00705 -0.00000 0.00298 -0.00003 0.00060 0.00409 0.00596 -0.00016 -0.00013 0.00585 0.00312 0.00048 0.00878 -0.02272 -0.00036 -0.00000 0.00201 -0.00004 0.00158 0.00004 0.00494 -0.00312 0.00164 -0.00562 -0.00379
0.04155 -0.01307 -0.02945 -0.00000 0.00015 0.00000 0.00000 0.00000 -0.00025 -0.00000 -0.00000 -0.00194 0.00000 0.00001 0.00630 0.00001 -0.00713 0.00000 -0.00016 0.00002 0.00161 0.00000 0.00350 0.00005 0.00080 0.00056 -0.00019 0.00000 -0.00000 0.00101 0.00002 0.00000 -0.00010 -0.00062 0.00003 0.00000 0.00018 0.00000 -0.01314 -0.01368 -0.00005 0.00000 -0.00000 0.00327 0.00118 -0.00002 -0.00122 0.00120 -0.00645 0.00020
-0.46860 0.00218 -0.03281 0.00000 0.00140 0.00105 0.00035 0.00228 -0.00011 0.00280 0.00095 0.00274 0.00068 0.00407 0.00109 -0.00029 -0.02973 0.00618 0.00005 0.00698 0.00024 0.00683 0.02329 0.00033 0.00000 -0.00000 -0.00003 0.02158 -0.00000 0.00040 0.00147 0.00047 -0.00023 -0.00008 0.00024 0.00059 0.01332 0.00861 -0.00737 -0.00709 -0.00000 0.00280 -0.00034 0.07530 -0.00002 0.00187 -0.01419 0.01347 -0.19520 -0.00000
-0.00008 -0.00000 -0.08241 0.00489 0.00342 -0.15656 0.00000 0.00291 -0.00000 0.00006 0.00917 0.00075 0.00048 -0.00000 0.04627 -0.00007 -0.00344 -0.00010 -0.00182 0.00026 0.00008 0.00660 -0.00090 0.00000 0.00002 0.00020 -0.00008 0.00179 0.00016 -0.00000 0.00000 0.00187 0.00065 0.00032 0.00121 0.00750 0.02471 0.00963 -0.00223 -0.01024 -0.00080 0.00718 0.00013 -0.02614 0.00663 -0.00071 0.00038 0.35312 -0.12668 -0.00580
0.02212 -0.01306 -0.03142 0.00095 0.00224 0.00169 0.00009 0.00020 -0.00004 0.00030 0.00012 0.00045 0.00043 0.00641 0.00000 0.00240 -0.00039 0.00005 -0.00015 0.01370 0.00050 0.00278 0.01177 -0.00000 0.00001 0.00050 -0.00000 0.01794 -0.00037 0.00002 -0.00000 0.00387 -0.00040 -0.00015 0.00063 0.00002 0.01731 0.00022 -0.03343 -0.00930 -0.00077 0.00172 -0.00015 0.00408 0.00001 0.00507 -0.01405 0.00058 -0.00003 -0.00002
0.00819 -0.00108 -0.03053 -0.00000 0.00039 0.00028 -0.00014 -0.00009 -0.00217 0.00002 0.00175 0.00249 -0.00000 -0.00000 0.00947 0.00013 -0.00010 -0.00009 -0.00006 0.00000 0.00048 0.00000 0.00104 -0.00045 -0.00000 0.00007 -0.00006 0.00947 -0.00026 0.00040 0.00017 0.00000 -0.00029 -0.00086 0.00274 0.00000 0.00335 0.00004 -0.00302 -0.00026 -0.00015 -0.00005 0.00000 0.01786 -0.00021 -0.00002 -0.01255 0.00891 0.06113 0.03138
0.02121 0.54181 -0.02226 0.00162 0.00001 0.00000 0.00308 0.00001 -0.00000 0.00212 0.00000 0.00030 0.00035 0.00000 0.01627 0.00055 -0.00185 0.00158 -0.00017 0.00044 0.00000 0.00003 0.01550 -0.00008 0.00017 -0.00068 0.00000 0.00724 0.00030 0.00000 0.00105 0.00521 -0.00000 -0.01818 0.00084 0.00015 -0.00000 0.00029 -0.00076 -0.00514 -0.00046 -0.00004 -0.00000 0.00096 -0.00000 0.00000 -0.00152 0.00003 -0.01332 -0.18306
0.00373 0.00010 -0.00117 0.00000 0.00000 0.00130 0.00000 0.00000 0.00000 0.00283 0.00002 0.00306 -0.00000 0.00000 -0.00000 0.00088 -0.00005 0.00007 -0.00018 0.00227 0.00003 0.00000 0.00198 0.00000 0.00017 -0.00152 0.00029 0.00015 -0.00000 -0.00000 0.00096 0.00087 -0.00000 0.00000 0.00004 0.00002 -0.00000 0.00009 -0.00744 0.00128 -0.00089 -0.00000 0.00061 0.02234 -0.00016 -0.00001 0.28373 -0.00008 0.00000 0.00000
0.01858 -0.00453 -0.00988 0.00302 0.00113 0.00694 0.00001 0.00013 -0.00000 0.00058 -0.00023 0.00040 -0.00007 0.01606 0.01224 0.00414 -0.01097 0.00004 -0.00027 0.00505 0.00396 0.00007 0.01227 0.00388 0.00000 0.00038 -0.00014 -0.00331 -0.00039 0.00030 0.00035 0.00013 -0.00052 -0.00036 -0.00000 0.00013 0.02896 0.00503 -0.01450 -0.01607 -0.00182 0.00018 -0.00013 0.00969 -0.00000 0.00798 -0.02168 0.00614 -0.00622 0.00020
0.00091 -0.00482 -0.02413 0.00581 0.00074 0.00298 -0.00016 0.00048 -0.00025 -0.00004 0.00007 0.01305 -0.00012 0.01058 0.00020 -0.00000 -0.01113 -0.00000 -0.00004 -0.17467 0.00946 0.00011 0.02060 0.00001 0.00067 0.01195 -0.00006 0.01679 -0.00019 0.00013 0.00099 0.01052 -0.00222 -0.00241 0.00145 -0.00000 0.00921 -0.00004 -0.02988 -0.01524 -0.00045 0.00045 -0.00006 0.00395 0.00062 0.00123 -0.00076 0.00903 -0.01705 -0.00278
0.00523 0.00191 -0.07710 0.00000 0.00000 -0.00000 0.00001 -0.00000 -0.00000 -0.00090 -0.00000 0.00008 -0.00000 -0.26198 0.00012 -0.00000 -0.01548 0.00000 0.00006 -0.00000 -0.01425 0.00000 0.04435 0.00001 0.00034 0.00049 -0.00216 0.00089 0.00000 0.00000 0.00000 0.00000 0.02669 0.01308 -0.00000 0.00000 0.00000 -0.00000 -0.00126 -0.01020 0.00000 0.00000 0.00028 0.04424 -0.00000 -0.11583 -0.01542 0.00054 -0.00012 -0.00289
0.00082 -0.01064 -0.02949 0.00287 0.00039 0.00458 0.00000 0.00092 -0.00009 0.00312 -0.00037 0.00027 0.00009 0.00470 0.01063 0.00024 -0.00829 -0.00009 -0.00035 0.00122 0.00027 0.00034 0.01229 0.00001 -0.00004 0.00089 -0.00000 0.01433 -0.00021 0.00008 0.00214 0.01087 -0.00135 -0.00063 0.00002 0.00394 0.02437 -0.00000 -0.01746 -0.01299 -0.00117 0.00014 -0.00019 0.02499 0.00002 0.00573 -0.01653 0.00304 -0.01785 -0.00117
0.00000 -0.00000 -0.00000 0.00000 -0.00000 -0.00000 0.00055 0.00046 0.00003 0.00000 0.00000 0.00000 0.00050 -0.00000 -0.00087 -0.00000 0.00000 0.00002 0.00392 0.06669 -0.00000 0.00000 -0.06391 0.00000 0.00000 -0.00000 0.00000 0.00000 -0.00018 -0.00050 -0.00000 0.00006 -0.00098 -0.00000 0.00000 0.00000 -0.00031 0.00000 -0.00000 -0.00012 0.04409 -0.00000 0.00005 -0.00001 -0.00000 -0.00000 0.00002 0.00000 -0.00009 -0.00055
0.00464 0.00240 -0.00000 0.00000 0.00000 -0.00000 -0.00000 -0.00017 -0.00000 0.00000 -0.00000 0.00025 0.00000 0.00000 0.00077 0.00000 0.00004 0.00000 0.00022 0.00031 0.00056 0.00000 0.00066 -0.00000 0.00000 -0.00000 -0.00016 0.00000 0.00000 0.00000 0.00000 0.00001 0.00000 0.00169 0.00000 0.00000 -0.00001 0.00000 -0.01021 0.00000 0.00000 -0.00000 -0.00000 0.00006 -0.00000 0.00000 0.00000 0.00002 0.00086 0.14798
0.00617 -0.00672 -0.00515 0.00004 0.00000 -0.00001 0.00002 0.00014 -0.00000 0.00017 0.00000 0.00000 0.00003 0.00452 0.01525 0.00052 0.00002 0.00203 0.36975 0.00072 0.00228 0.00023 0.00013 0.00000 0.00000 -0.00000 -0.00122 0.00749 -0.00000 0.00019 0.00127 0.00658 -0.00000 -0.00030 0.00044 -0.00000 0.02439 0.00028 0.00000 -0.00363 -0.00000 -0.00000 -0.00000 0.02804 -0.00000 0.00123 -0.00287 -0.00000 -0.00887 -0.00104
0.00082 -0.00387 -0.01489 0.00000 0.00480 0.00148 -0.00004 0.00013 -0.00007 0.00461 0.00000 0.00008 -0.00037 0.01100 -0.00124 0.00340 -0.00000 -0.00006 -0.00031 0.00297 0.00065 0.00001 0.02036 0.00181 0.00237 0.00152 0.00000 0.00800 -0.00016 0.00000 0.00017 0.00590 -0.00770 -0.00029 0.00002 0.00000 0.02819 0.00042 -0.02986 -0.00656 -0.00081 -0.00000 -0.00006 0.00415 -0.00000 0.00426 -0.02224 0.00140 -0.01620 -0.00230
0.01617 0.01267 -0.21538 0.00467 -0.00180 -0.00000 -0.00000 0.00012 -0.00000 0.00000 -0.00021 0.00507 0.00076 -0.00003 0.03033 -0.00068 -0.00025 -0.00000 -0.00019 0.00327 -0.53221 0.00331 0.02478 0.00742 -0.00000 0.01984 -0.00014 0.00804 0.00007 0.00022 0.00595 0.00920 -0.00356 -0.00000 0.00943 0.00025 0.00271 0.00574 -0.00321 0.00099 -0.00751 0.00787 -0.00000 0.00764 -0.00000 0.00156 -0.01650 0.00000 -0.00357 -0.00009
0.00000 -0.01218 -0.06305 0.00000 -0.00000 0.00000 0.00043 0.00000 0.00000 0.00000 -0.00000 -0.00089 -0.00024 -0.00000 0.00003 0.00132 -0.00002 -0.00104 0.00061 0.00000 0.00005 0.00112 -0.00200 0.00078 0.00021 0.12353 -0.00190 0.00000 -0.00000 0.00000 0.00066 0.00000 -0.00066 -0.00000 -0.00025 0.00030 0.00000 0.00000 -0.00110 0.00159 0.00000 -0.00089 -0.00044 0.00000 -0.00003 -0.00000 -0.00178 -0.00000 0.00301 0.01240
0.02539 -0.04108 -0.07534 0.00083 0.00918 0.00145 0.00000 0.00009 -0.00078 -0.00000 -0.00073 0.00836 0.00005 0.00714 0.00086 0.00596 -0.00190 0.01098 -0.16698 0.01096 0.00296 0.00014 0.00502 0.00001 -0.00000 0.27631 -0.00018 0.00021 0.00000 0.00009 0.00296 0.00662 -0.00108 -0.00282 0.00189 0.00003 0.01560 0.00209 -0.02003 -0.00001 -0.00234 0.00293 -0.00024 0.00877 -0.00000 0.00492 -0.00406 0.00203 -0.01175 -0.00024
0.02224 -0.16492 -0.04316 -0.00001 0.00056 0.00000 0.00018 0.00000 -0.00008 0.00000 0.00000 0.00059 0.00000 0.16562 -0.00035 0.00142 -0.00663 -0.00013 -0.00013 0.00007 0.18582 0.00000 0.04162 0.00000 -0.00000 -0.00000 -0.00000 0.00117 -0.00016 0.00025 0.00010 0.00194 -0.13559 -0.02491 0.00000 0.00035 -0.00000 0.00000 -0.01185 0.00021 -0.00038 0.00000 -0.00015 0.04160 -0.00009 -0.00000 -0.01157 -0.00000 0.00204 0.00295
0.00459 0.00747 -0.05028 0.00000 -0.00002 -0.00000 -0.00021 -0.00002 0.00000 0.00002 -0.00010 0.00148 -0.00000 0.00000 -0.00000 0.01535 -0.01534 -0.00000 -0.10149 0.00042 0.00014 0.00000 0.04474 0.00000 0.00000 -0.47744 0.00009 0.00015 0.00000 -0.00066 0.00000 0.00000 -0.00050 0.00000 0.00000 0.00000 0.00000 0.00000 -0.01590 0.01570 -0.00005 -0.00000 -0.00000 0.00040 -0.00066 0.00000 0.00000 0.00000 0.00000 0.00076
-0.00434 -0.06729 -0.02541 -0.00000 0.00072 0.22661 0.00012 0.00213 -0.00000 0.00000 -0.00000 0.00001 0.00000 0.00521 0.00872 -0.00060 -0.00536 0.00000 -0.00050 -0.00007 0.01139 -0.00000 0.01862 -0.00000 0.00004 0.00512 -0.00005 0.00028 -0.00003 0.00000 0.00008 0.00000 -0.01536 0.00650 0.00000 -0.00000 0.00164 0.00002 -0.01161 -0.00389 -0.00241 0.00000 -0.01279 -0.09070 -0.00003 0.01659 -0.00715 0.00000 -0.11411 -0.01918
0.00723 -0.01299 -0.00000 -0.00000 -0.00000 0.00020 0.00000 0.04085 0.00000 0.00008 -0.00000 0.00004 -0.00000 0.00035 -0.00000 0.00000 -0.00258 -0.00000 -0.00010 0.00000 0.00000 0.00000 -0.00000 0.00000 0.00000 -0.00054 0.00001 -0.00000 -0.00000 -0.00000 -0.00069 0.00000 -0.00000 0.10106 -0.00000 0.00000 -0.00318 -0.00000 0.00068 0.00000 -0.00009 -0.00000 -0.00001 0.00007 -0.00002 0.00035 0.00313 -0.00000 0.00000 0.00000
0.00141 -0.05587 -0.00000 -0.00000 -0.00000 0.00005 0.00000 0.00492 -0.00000 0.00000 0.00000 0.00000 -0.00000 0.00000 -0.00000 0.00000 -0.00193 0.00000 -0.00000 0.00004 0.00000 -0.00000 0.00397 -0.00000 -0.00000 -0.00002 -0.00000 -0.00000 0.00000 -0.00000 -0.00004 -0.00000 -0.00000 0.00320 0.00000 0.00000 -0.00023 0.00000 -0.00110 0.00000 -0.00007 -0.00000 -0.00000 -0.00000 -0.00000 0.00000 0.00024 0.00010 0.71686 0.00000
