1.000 -0.010 -0.019 -0.019 -0.019 -0.019 -0.013 -0.012 -0.020 -0.018 -0.020 -0.017 -0.013 -0.015 -0.028 -0.019 -0.018 -0.014 -0.012 -0.019 -0.020 -0.018 -0.012 -0.019 -0.014 -0.015 -0.016 -0.015 -0.020 -0.018 -0.019 -0.019 -0.019 -0.019 -0.015 -0.012 -0.018 -0.016 -0.013 -0.011 -0.012 -0.020 -0.019 -0.013 -0.019 -0.020 -0.011 -0.015 -0.012 -0.019
-0.010 1.000 0.000 0.001 0.000 0.000 0.007 0.004 0.000 0.001 0.000 0.000 0.002 0.002 0.033 0.000 0.001 0.001 0.005 0.001 0.000 0.001 0.008 0.000 0.002 0.014 0.001 0.001 0.000 0.001 0.001 0.000 0.000 0.001 0.001 0.003 0.000 0.001 0.002 0.006 0.002 0.000 0.001 0.002 0.000 0.000 0.010 0.001 0.002 0.001
-0.019 0.000 1.000 -0.004 -0.004 -0.004 -0.008 -0.007 -0.004 -0.004 -0.004 -0.005 -0.005 -0.005 -0.022 -0.004 -0.004 -0.005 -0.006 -0.004 -0.004 -0.004 -0.008 -0.004 -0.005 -0.012 -0.005 -0.005 -0.004 -0.004 -0.004 -0.004 -0.004 -0.004 -0.005 -0.005 -0.004 -0.004 -0.006 -0.007 -0.005 -0.004 -0.004 -0.006 -0.004 -0.004 -0.009 -0.005 -0.006 -0.004
-0.019 0.001 -0.004 1.000 -0.004 -0.004 0.011 0.006 -0.004 -0.003 -0.004 -0.003 0.001 0.000 0.048 -0.004 -0.003 0.001 0.007 -0.004 -0.004 -0.003 0.012 -0.004 0.001 0.021 -0.001 -0.000 -0.004 -0.003 -0.004 -0.004 -0.004 -0.004 -0.000 0.003 -0.003 -0.001 0.002 0.009 0.002 -0.004 -0.004 0.002 -0.004 -0.004 0.015 -0.001 0.002 -0.004
-0.019 0.000 -0.004 -0.004 1.000 0.001 0.001 0.001 0.001 0.001 0.001 0.001 0.001 0.001 -0.002 0.001 0.001 0.001 0.001 0.001 0.001 0.001 0.001 0.001 0.001 0.000 0.001 0.001 0.001 0.001 0.001 0.001 0.001 0.001 0.001 0.001 0.001 0.001 0.001 0.001 0.001 0.001 0.001 0.001 0.001 0.001 0.001 0.001 0.001 0.001
-0.019 0.000 -0.004 -0.004 0.001 1.000 -0.069 -0.061 -0.047 -0.048 -0.046 -0.048 -0.053 -0.051 -0.144 -0.047 -0.048 -0.052 -0.061 -0.047 -0.047 -0.048 -0.070 -0.047 -0.052 -0.088 -0.049 -0.050 -0.047 -0.048 -0.047 -0.047 -0.047 -0.047 -0.051 -0.054 -0.048 -0.049 -0.054 -0.064 -0.053 -0.047 -0.047 -0.054 -0.047 -0.047 -0.075 -0.050 -0.054 -0.047
-0.013 0.007 -0.008 0.011 0.001 -0.069 1.005 0.030 0.037 0.036 0.037 0.036 0.034 0.035 -0.006 0.037 0.036 0.034 0.030 0.037 0.037 0.036 0.026 0.037 0.034 0.018 0.035 0.035 0.037 0.036 0.037 0.037 0.037 0.037 0.035 0.033 0.036 0.035 0.033 0.028 0.033 0.037 0.037 0.033 0.037 0.037 0.023 0.035 0.033 0.037
-0.012 0.004 -0.007 0.006 0.001 -0.061 0.030 1.005 0.052 0.052 0.052 0.052 0.052 0.052 0.033 0.052 0.052 0.052 0.051 0.052 0.052 0.052 0.050 0.052 0.052 0.046 0.052 0.052 0.052 0.052 0.052 0.052 0.052 0.052 0.052 0.052 0.052 0.052 0.052 0.051 0.052 0.052 0.052 0.052 0.052 0.052 0.049 0.052 0.052 0.052
-0.020 0.000 -0.004 -0.004 0.001 -0.047 0.037 0.052 1.006 0.008 0.008 0.007 0.007 0.007 -0.004 0.008 0.008 0.007 0.006 0.008 0.008 0.008 0.005 0.008 0.007 0.002 0.007 0.007 0.008 0.008 0.008 0.008 0.008 0.008 0.007 0.007 0.008 0.007 0.007 0.005 0.007 0.008 0.008 0.006 0.008 0.008 0.004 0.007 0.007 0.008
-0.018 0.001 -0.004 -0.003 0.001 -0.048 0.036 0.052 0.008 1.006 0.004 0.004 0.005 0.005 0.017 0.004 0.004 0.004 0.007 0.004 0.004 0.004 0.008 0.004 0.005 0.010 0.004 0.004 0.004 0.004 0.004 0.004 0.004 0.004 0.004 0.005 0.004 0.004 0.005 0.007 0.005 0.003 0.004 0.005 0.004 0.004 0.009 0.004 0.005 0.004
-0.020 0.000 -0.004 -0.004 0.001 -0.046 0.037 0.052 0.008 0.004 1.006 0.006 0.006 0.006 0.015 0.006 0.006 0.006 0.007 0.006 0.006 0.006 0.008 0.006 0.006 0.009 0.006 0.006 0.006 0.006 0.006 0.006 0.006 0.006 0.006 0.006 0.006 0.006 0.006 0.007 0.006 0.006 0.006 0.006 0.006 0.006 0.008 0.006 0.006 0.006
-0.017 0.000 -0.005 -0.003 0.001 -0.048 0.036 0.052 0.007 0.004 0.006 1.006 0.007 0.007 0.009 0.008 0.008 0.007 0.007 0.009 0.009 0.008 0.007 0.009 0.007 0.006 0.008 0.007 0.009 0.008 0.009 0.008 0.009 0.009 0.007 0.007 0.008 0.008 0.007 0.006 0.007 0.009 0.009 0.007 0.008 0.009 0.006 0.007 0.006 0.009
-0.013 0.002 -0.005 0.001 0.001 -0.053 0.034 0.052 0.007 0.005 0.006 0.007 1.006 -0.021 -0.008 -0.024 -0.023 -0.020 -0.017 -0.024 -0.024 -0.023 -0.015 -0.024 -0.020 -0.013 -0.022 -0.021 -0.024 -0.023 -0.024 -0.024 -0.024 -0.024 -0.021 -0.018 -0.023 -0.022 -0.020 -0.016 -0.019 -0.024 -0.024 -0.019 -0.024 -0.024 -0.014 -0.021 -0.019 -0.024
-0.015 0.002 -0.005 0.000 0.001 -0.051 0.035 0.052 0.007 0.005 0.006 0.007 -0.021 1.007 0.066 -0.022 -0.021 -0.018 -0.009 -0.022 -0.022 -0.021 -0.002 -0.022 -0.018 0.014 -0.020 -0.019 -0.022 -0.021 -0.022 -0.022 -0.022 -0.022 -0.019 -0.016 -0.021 -0.020 -0.017 -0.007 -0.017 -0.022 -0.022 -0.017 -0.022 -0.022 0.003 -0.020 -0.017 -0.022
-0.028 0.033 -0.022 0.048 -0.002 -0.144 -0.006 0.033 -0.004 0.017 0.015 0.009 -0.008 0.066 1.030 0.061 0.062 0.067 0.079 0.061 0.060 0.062 0.090 0.061 0.067 0.112 0.064 0.065 0.060 0.062 0.061 0.061 0.061 0.061 0.065 0.070 0.062 0.064 0.069 0.082 0.069 0.060 0.061 0.069 0.061 0.060 0.095 0.065 0.069 0.061
-0.019 0.000 -0.004 -0.004 0.001 -0.047 0.037 0.052 0.008 0.004 0.006 0.008 -0.024 -0.022 0.061 1.011 -0.029 -0.023 -0.014 -0.031 -0.031 -0.029 -0.007 -0.031 -0.023 0.007 -0.026 -0.025 -0.031 -0.029 -0.031 -0.031 -0.031 -0.030 -0.025 -0.020 -0.029 -0.026 -0.021 -0.011 -0.021 -0.031 -0.031 -0.021 -0.031 -0.031 -0.002 -0.026 -0.021 -0.031
-0.018 0.001 -0.004 -0.003 0.001 -0.048 0.036 0.052 0.008 0.004 0.006 0.008 -0.023 -0.021 0.062 -0.029 1.012 0.014 0.023 0.010 0.010 0.011 0.031 0.010 0.014 0.049 0.012 0.013 0.010 0.011 0.010 0.010 0.010 0.010 0.013 0.016 0.011 0.012 0.015 0.025 0.015 0.010 0.010 0.016 0.010 0.010 0.036 0.012 0.015 0.010
-0.014 0.001 -0.005 0.001 0.001 -0.052 0.034 0.052 0.007 0.004 0.006 0.007 -0.020 -0.018 0.067 -0.023 0.014 1.012 0.004 0.010 0.010 0.010 0.002 0.010 0.007 -0.001 0.008 0.008 0.010 0.010 0.010 0.010 0.010 0.010 0.007 0.005 0.009 0.008 0.006 0.003 0.006 0.010 0.010 0.006 0.010 0.010 0.001 0.008 0.006 0.010
-0.012 0.005 -0.006 0.007 0.001 -0.061 0.030 0.051 0.006 0.007 0.007 0.007 -0.017 -0.009 0.079 -0.014 0.023 0.004 1.013 -0.002 -0.002 -0.002 0.008 -0.002 -0.001 0.017 -0.001 -0.001 -0.002 -0.002 -0.002 -0.002 -0.002 -0.002 -0.001 0.000 -0.002 -0.001 0.001 0.005 0.000 -0.002 -0.002 0.001 -0.002 -0.002 0.010 -0.001 0.001 -0.002
-0.019 0.001 -0.004 -0.004 0.001 -0.047 0.037 0.052 0.008 0.004 0.006 0.009 -0.024 -0.022 0.061 -0.031 0.010 0.010 -0.002 1.013 0.014 0.015 0.023 0.014 0.018 0.026 0.017 0.017 0.014 0.015 0.015 0.014 0.015 0.015 0.017 0.019 0.015 0.017 0.019 0.022 0.019 0.014 0.014 0.018 0.014 0.014 0.025 0.017 0.019 0.015
-0.020 0.000 -0.004 -0.004 0.001 -0.047 0.037 0.052 0.008 0.004 0.006 0.009 -0.024 -0.022 0.060 -0.031 0.010 0.010 -0.002 0.014 1.013 0.012 0.022 0.012 0.015 0.026 0.014 0.014 0.011 0.012 0.012 0.012 0.012 0.012 0.015 0.017 0.012 0.014 0.016 0.020 0.017 0.011 0.012 0.016 0.012 0.011 0.024 0.014 0.016 0.012
-0.018 0.001 -0.004 -0.003 0.001 -0.048 0.036 0.052 0.008 0.004 0.006 0.008 -0.023 -0.021 0.062 -0.029 0.011 0.010 -0.002 0.015 0.012 1.013 0.014 0.040 0.030 0.002 0.034 0.032 0.040 0.039 0.040 0.039 0.040 0.040 0.032 0.026 0.038 0.034 0.027 0.017 0.026 0.040 0.040 0.027 0.039 0.040 0.010 0.033 0.026 0.040
-0.012 0.008 -0.008 0.012 0.001 -0.070 0.026 0.050 0.005 0.008 0.008 0.007 -0.015 -0.002 0.090 -0.007 0.031 0.002 0.008 0.023 0.022 0.014 1.015 0.022 0.024 0.040 0.023 0.023 0.022 0.023 0.022 0.022 0.022 0.022 0.023 0.025 0.022 0.023 0.024 0.029 0.024 0.022 0.022 0.024 0.022 0.022 0.035 0.023 0.024 0.022
-0.019 0.000 -0.004 -0.004 0.001 -0.047 0.037 0.052 0.008 0.004 0.006 0.009 -0.024 -0.022 0.061 -0.031 0.010 0.010 -0.002 0.014 0.012 0.040 0.022 1.013 0.014 0.021 0.014 0.014 0.013 0.013 0.013 0.013 0.013 0.013 0.014 0.015 0.013 0.014 0.015 0.017 0.015 0.013 0.013 0.015 0.013 0.013 0.019 0.014 0.015 0.013
-0.014 0.002 -0.005 0.001 0.001 -0.052 0.034 0.052 0.007 0.005 0.006 0.007 -0.020 -0.018 0.067 -0.023 0.014 0.007 -0.001 0.018 0.015 0.030 0.024 0.014 1.013 0.022 0.016 0.016 0.016 0.016 0.016 0.016 0.016 0.016 0.016 0.017 0.016 0.016 0.016 0.018 0.016 0.016 0.016 0.016 0.016 0.016 0.020 0.016 0.016 0.016
-0.015 0.014 -0.012 0.021 0.000 -0.088 0.018 0.046 0.002 0.010 0.009 0.006 -0.013 0.014 0.112 0.007 0.049 -0.001 0.017 0.026 0.026 0.002 0.040 0.021 0.022 1.023 -0.009 -0.007 -0.013 -0.011 -0.012 -0.013 -0.012 -0.012 -0.007 -0.001 -0.012 -0.008 -0.003 0.012 -0.003 -0.013 -0.013 -0.002 -0.013 -0.013 0.026 -0.008 -0.003 -0.013
-0.016 0.001 -0.005 -0.001 0.001 -0.049 0.035 0.052 0.007 0.004 0.006 0.008 -0.022 -0.020 0.064 -0.026 0.012 0.008 -0.001 0.017 0.014 0.034 0.023 0.014 0.016 -0.009 1.013 0.002 -0.000 -0.000 -0.000 -0.000 -0.000 -0.000 0.002 0.004 0.001 0.001 0.004 0.003 0.004 -0.000 -0.000 0.003 -0.000 -0.000 0.001 0.002 0.004 -0.000
-0.015 0.001 -0.005 -0.000 0.001 -0.050 0.035 0.052 0.007 0.004 0.006 0.007 -0.021 -0.019 0.065 -0.025 0.013 0.008 -0.001 0.017 0.014 0.032 0.023 0.014 0.016 -0.007 0.002 1.013 0.013 0.012 0.012 0.012 0.012 0.012 0.010 0.009 0.012 0.011 0.009 0.007 0.008 0.012 0.012 0.009 0.012 0.012 0.006 0.010 0.009 0.012
-0.020 0.000 -0.004 -0.004 0.001 -0.047 0.037 0.052 0.008 0.004 0.006 0.009 -0.024 -0.022 0.060 -0.031 0.010 0.010 -0.002 0.014 0.011 0.040 0.022 0.013 0.016 -0.013 -0.000 0.013 1.014 0.018 0.018 0.018 0.018 0.018 0.017 0.015 0.018 0.017 0.016 0.012 0.016 0.018 0.018 0.015 0.018 0.018 0.008 0.017 0.015 0.018
-0.018 0.001 -0.004 -0.003 0.001 -0.048 0.036 0.052 0.008 0.004 0.006 0.008 -0.023 -0.021 0.062 -0.029 0.011 0.010 -0.002 0.015 0.012 0.039 0.023 0.013 0.016 -0.011 -0.000 0.012 0.018 1.014 0.011 0.011 0.011 0.011 0.009 0.009 0.010 0.010 0.009 0.010 0.008 0.011 0.011 0.009 0.011 0.011 0.013 0.010 0.008 0.011
-0.019 0.001 -0.004 -0.004 0.001 -0.047 0.037 0.052 0.008 0.004 0.006 0.009 -0.024 -0.022 0.061 -0.031 0.010 0.010 -0.002 0.015 0.012 0.040 0.022 0.013 0.016 -0.012 -0.000 0.012 0.018 0.011 1.014 0.015 0.015 0.015 0.014 0.013 0.014 0.014 0.013 0.013 0.013 0.015 0.015 0.013 0.015 0.015 0.013 0.014 0.013 0.015
-0.019 0.000 -0.004 -0.004 0.001 -0.047 0.037 0.052 0.008 0.004 0.006 0.008 -0.024 -0.022 0.061 -0.031 0.010 0.010 -0.002 0.014 0.012 0.039 0.022 0.013 0.016 -0.013 -0.000 0.012 0.018 0.011 0.015 1.014 -0.005 -0.005 -0.004 -0.004 -0.004 -0.004 -0.004 -0.006 -0.004 -0.005 -0.005 -0.004 -0.005 -0.005 -0.009 -0.004 -0.004 -0.005
-0.019 0.000 -0.004 -0.004 0.001 -0.047 0.037 0.052 0.008 0.004 0.006 0.009 -0.024 -0.022 0.061 -0.031 0.010 0.010 -0.002 0.015 0.012 0.040 0.022 0.013 0.016 -0.012 -0.000 0.012 0.018 0.011 0.015 -0.005 1.015 0.025 0.024 0.023 0.025 0.024 0.023 0.020 0.023 0.025 0.025 0.023 0.025 0.025 0.018 0.024 0.023 0.025
-0.019 0.001 -0.004 -0.004 0.001 -0.047 0.037 0.052 0.008 0.004 0.006 0.009 -0.024 -0.022 0.061 -0.030 0.010 0.010 -0.002 0.015 0.012 0.040 0.022 0.013 0.016 -0.012 -0.000 0.012 0.018 0.011 0.015 -0.005 0.025 1.015 0.000 -0.001 0.002 0.001 -0.001 -0.002 -0.001 0.003 0.003 -0.001 0.003 0.003 -0.003 0.001 -0.001 0.003
-0.015 0.001 -0.005 -0.000 0.001 -0.051 0.035 0.052 0.007 0.004 0.006 0.007 -0.021 -0.019 0.065 -0.025 0.013 0.007 -0.001 0.017 0.015 0.032 0.023 0.014 0.016 -0.007 0.002 0.010 0.017 0.009 0.014 -0.004 0.024 0.000 1.014 0.029 0.034 0.033 0.030 0.024 0.029 0.035 0.035 0.029 0.035 0.035 0.020 0.032 0.029 0.035
-0.012 0.003 -0.005 0.003 0.001 -0.054 0.033 0.052 0.007 0.005 0.006 0.007 -0.018 -0.016 0.070 -0.020 0.016 0.005 0.000 0.019 0.017 0.026 0.025 0.015 0.017 -0.001 0.004 0.009 0.015 0.009 0.013 -0.004 0.023 -0.001 0.029 1.014 -0.066 -0.063 -0.059 -0.057 -0.058 -0.067 -0.067 -0.059 -0.067 -0.067 -0.056 -0.062 -0.058 -0.067
-0.018 0.000 -0.004 -0.003 0.001 -0.048 0.036 0.052 0.008 0.004 0.006 0.008 -0.023 -0.021 0.062 -0.029 0.011 0.009 -0.002 0.015 0.012 0.038 0.022 0.013 0.016 -0.012 0.001 0.012 0.018 0.010 0.014 -0.004 0.025 0.002 0.034 -0.066 1.021 0.005 0.004 -0.002 0.004 0.007 0.007 0.003 0.006 0.007 -0.007 0.005 0.003 0.007
-0.016 0.001 -0.004 -0.001 0.001 -0.049 0.035 0.052 0.007 0.004 0.006 0.008 -0.022 -0.020 0.064 -0.026 0.012 0.008 -0.001 0.017 0.014 0.034 0.023 0.014 0.016 -0.008 0.001 0.011 0.017 0.010 0.014 -0.004 0.024 0.001 0.033 -0.063 0.005 1.021 -0.040 -0.030 -0.039 -0.053 -0.053 -0.040 -0.052 -0.053 -0.023 -0.045 -0.039 -0.052
-0.013 0.002 -0.006 0.002 0.001 -0.054 0.033 0.052 0.007 0.005 0.006 0.007 -0.020 -0.017 0.069 -0.021 0.015 0.006 0.001 0.019 0.016 0.027 0.024 0.015 0.016 -0.003 0.004 0.009 0.016 0.009 0.013 -0.004 0.023 -0.001 0.030 -0.059 0.004 -0.040 1.023 0.009 -0.003 -0.004 -0.003 -0.002 -0.004 -0.003 0.021 -0.004 -0.003 -0.003
-0.011 0.006 -0.007 0.009 0.001 -0.064 0.028 0.051 0.005 0.007 0.007 0.006 -0.016 -0.007 0.082 -0.011 0.025 0.003 0.005 0.022 0.020 0.017 0.029 0.017 0.018 0.012 0.003 0.007 0.012 0.010 0.013 -0.006 0.020 -0.002 0.024 -0.057 -0.002 -0.030 0.009 1.023 0.054 0.054 0.054 0.053 0.054 0.054 0.052 0.054 0.053 0.054
-0.012 0.002 -0.005 0.002 0.001 -0.053 0.033 0.052 0.007 0.005 0.006 0.007 -0.019 -0.017 0.069 -0.021 0.015 0.006 0.000 0.019 0.017 0.026 0.024 0.015 0.016 -0.003 0.004 0.008 0.016 0.008 0.013 -0.004 0.023 -0.001 0.029 -0.058 0.004 -0.039 -0.003 0.054 1.024 0.017 0.017 0.014 0.017 0.017 0.009 0.015 0.014 0.017
-0.020 0.000 -0.004 -0.004 0.001 -0.047 0.037 0.052 0.008 0.003 0.006 0.009 -0.024 -0.022 0.060 -0.031 0.010 0.010 -0.002 0.014 0.011 0.040 0.022 0.013 0.016 -0.013 -0.000 0.012 0.018 0.011 0.015 -0.005 0.025 0.003 0.035 -0.067 0.007 -0.053 -0.004 0.054 0.017 1.030 0.040 0.033 0.039 0.040 0.025 0.036 0.033 0.040
-0.019 0.001 -0.004 -0.004 0.001 -0.047 0.037 0.052 0.008 0.004 0.006 0.009 -0.024 -0.022 0.061 -0.031 0.010 0.010 -0.002 0.014 0.012 0.040 0.022 0.013 0.016 -0.013 -0.000 0.012 0.018 0.011 0.015 -0.005 0.025 0.003 0.035 -0.067 0.007 -0.053 -0.003 0.054 0.017 0.040 1.030 0.003 0.007 0.007 0.005 0.005 0.002 0.007
-0.013 0.002 -0.006 0.002 0.001 -0.054 0.033 0.052 0.006 0.005 0.006 0.007 -0.019 -0.017 0.069 -0.021 0.016 0.006 0.001 0.018 0.016 0.027 0.024 0.015 0.016 -0.002 0.003 0.009 0.015 0.009 0.013 -0.004 0.023 -0.001 0.029 -0.059 0.003 -0.040 -0.002 0.053 0.014 0.033 0.003 1.026 0.016 0.016 0.017 0.016 0.016 0.016
-0.019 0.000 -0.004 -0.004 0.001 -0.047 0.037 0.052 0.008 0.004 0.006 0.008 -0.024 -0.022 0.061 -0.031 0.010 0.010 -0.002 0.014 0.012 0.039 0.022 0.013 0.016 -0.013 -0.000 0.012 0.018 0.011 0.015 -0.005 0.025 0.003 0.035 -0.067 0.006 -0.052 -0.004 0.054 0.017 0.039 0.007 0.016 1.030 -0.018 -0.011 -0.017 -0.016 -0.018
-0.020 0.000 -0.004 -0.004 0.001 -0.047 0.037 0.052 0.008 0.004 0.006 0.009 -0.024 -0.022 0.060 -0.031 0.010 0.010 -0.002 0.014 0.011 0.040 0.022 0.013 0.016 -0.013 -0.000 0.012 0.018 0.011 0.015 -0.005 0.025 0.003 0.035 -0.067 0.007 -0.053 -0.003 0.054 0.017 0.040 0.007 0.016 -0.018 1.033 0.046 0.043 0.043 0.044
-0.011 0.010 -0.009 0.015 0.001 -0.075 0.023 0.049 0.004 0.009 0.008 0.006 -0.014 0.003 0.095 -0.002 0.036 0.001 0.010 0.025 0.024 0.010 0.035 0.019 0.020 0.026 0.001 0.006 0.008 0.013 0.013 -0.009 0.018 -0.003 0.020 -0.056 -0.007 -0.023 0.021 0.052 0.009 0.025 0.005 0.017 -0.011 0.046 1.029 -0.065 -0.054 -0.078
-0.015 0.001 -0.005 -0.001 0.001 -0.050 0.035 0.052 0.007 0.004 0.006 0.007 -0.021 -0.020 0.065 -0.026 0.012 0.008 -0.001 0.017 0.014 0.033 0.023 0.014 0.016 -0.008 0.002 0.010 0.017 0.010 0.014 -0.004 0.024 0.001 0.032 -0.062 0.005 -0.045 -0.004 0.054 0.015 0.036 0.005 0.016 -0.017 0.043 -0.065 1.038 0.000 -0.078
-0.012 0.002 -0.006 0.002 0.001 -0.054 0.033 0.052 0.007 0.005 0.006 0.006 -0.019 -0.017 0.069 -0.021 0.015 0.006 0.001 0.019 0.016 0.026 0.024 0.015 0.016 -0.003 0.004 0.009 0.015 0.008 0.013 -0.004 0.023 -0.001 0.029 -0.058 0.003 -0.039 -0.003 0.053 0.014 0.033 0.002 0.016 -0.016 0.043 -0.054 0.000 1.035 0.084
-0.019 0.001 -0.004 -0.004 0.001 -0.047 0.037 0.052 0.008 0.004 0.006 0.009 -0.024 -0.022 0.061 -0.031 0.010 0.010 -0.002 0.015 0.012 0.040 0.022 0.013 0.016 -0.013 -0.000 0.012 0.018 0.011 0.015 -0.005 0.025 0.003 0.035 -0.067 0.007 -0.052 -0.003 0.054 0.017 0.040 0.007 0.016 -0.018 0.044 -0.078 -0.078 0.084 1.059
