0.00000 -0.00244 -0.00000 0.00000 -0.04374 -0.27378 -0.00006 0.00002 -0.12453 -0.35338 1.18534 0.00026 -0.01650 -0.00000 0.00000 -0.72874 -0.00472 0.00001 -0.00022 -0.07306
-0.00003 0.00000 -0.00013 -0.09367 -0.03489 -0.00000 -0.26414 0.09618 -0.00003 -0.00000 -0.00279 -0.02472 -0.00000 -0.00038 -0.00451 -0.04061 -0.05221 0.05738 -0.36549 -0.00000
-0.36487 -0.00063 0.00000 0.00000 -0.28020 -0.11863 0.00000 0.00000 0.08644 -0.18556 -0.54987 1.01910 -0.00400 -0.00000 0.00000 -0.25671 0.88952 0.00000 -0.00003 -0.01937
-0.00292 -0.00000 -0.00831 0.00000 -0.27395 -0.00011 -0.00000 -1.37072 0.01953 -0.00038 -0.19440 -0.35199 -0.00000 -0.07242 -0.42755 -0.26842 -0.53630 1.15970 0.00000 -0.00001
-0.00000 -0.00001 -0.00000 -0.00000 0.00000 -0.00000 0.00000 0.00000 -0.00001 -0.00001 0.00000 0.00000 -0.00001 0.00000 0.00000 0.00024 -0.00000 -0.00000 -0.00000 -0.00000
-0.00000 -0.06200 -0.00000 -0.00016 -0.04432 0.00000 -0.00370 0.00034 -0.00001 -0.00000 -0.00001 -0.00177 -0.23857 -0.00000 -0.00000 -0.00012 -0.00061 0.00020 -0.01091 -0.35760
-0.00033 -0.00000 -0.00118 -0.34452 -0.05433 -0.00001 0.00000 0.31050 0.00365 -0.00005 -0.03708 -0.03556 -0.00000 -0.00868 -0.06004 -0.05543 -0.07492 0.15895 -0.00000 -0.00000
-0.00217 -0.00000 -0.01281 -0.00000 -0.32940 -0.00008 -0.00000 0.00000 0.02501 -0.00028 -0.31847 -0.41457 -0.00000 -0.11713 -0.18675 -0.28482 -0.56603 -0.58620 -0.00000 -0.00000
-0.00000 -0.00008 -0.00000 -0.00000 -0.05374 -0.03625 -0.00000 0.00000 0.00000 -0.10377 -0.00000 -0.00001 -0.00042 -0.00000 -0.00000 -0.00000 -0.00000 0.00000 0.00000 -0.00302
-0.00000 -0.01566 -0.00000 -0.00002 -0.05232 -0.26321 -0.00077 0.00008 -0.00000 0.00000 -0.00000 -0.00046 -0.10053 -0.00000 0.00000 0.00002 -0.00008 0.00006 -0.00254 -0.25250
0.00000 -0.00001 -0.00000 -0.00000 -0.02879 -0.00033 -0.00000 0.00000 -0.76085 -0.00227 0.00000 0.00000 -0.00002 -0.00000 0.00000 1.49270 -0.00000 0.00000 -0.00000 -0.00010
0.00426 -0.00001 0.00000 0.00000 0.04618 -0.00008 -0.00000 0.00000 -0.00556 0.00013 0.06515 0.00000 -0.00000 -0.00000 0.00000 0.01282 0.00000 0.00000 -0.00000 0.00006
-0.00001 -0.36489 -0.00002 -0.01346 -0.04308 -0.00000 -0.12185 0.01594 -0.00014 -0.00000 -0.00031 -0.02826 0.00000 -0.00004 -0.00040 -0.00484 -0.01829 0.00973 -0.23650 -0.00000
-0.29212 -0.00008 -0.57611 -0.00000 -0.19454 -0.01383 -0.00000 0.00000 0.08343 -0.05477 -0.40453 -0.38180 -0.00028 0.00000 0.00000 -0.21986 0.54834 0.00000 0.00000 -0.00164
-0.04410 -0.00001 -0.09160 -0.00000 0.86145 -0.00176 -0.00000 0.00000 0.06944 -0.00602 -0.44727 -0.48023 -0.00003 -0.39357 0.00000 -0.29980 -0.56942 -1.62549 -0.00000 -0.00016
0.00000 -0.00000 -0.00000 -0.00000 -0.02232 -0.00011 -0.00000 0.00000 -0.12956 -0.00131 0.00000 0.00000 -0.00001 -0.00000 0.00000 0.00000 -0.00000 0.00000 -0.00000 0.00002
0.00013 -0.00000 0.00000 -0.00000 0.10721 -0.00017 0.00000 0.00000 0.00198 -0.00025 0.20042 0.25115 -0.00000 0.00000 0.00000 0.11874 0.00000 0.00000 -0.00000 -0.00002
-0.00648 -0.00000 -0.01800 0.00000 -0.16223 -0.00015 -0.00000 -0.00000 0.01906 -0.00052 -0.18709 -0.21093 -0.00000 -0.11357 -0.00000 -0.12424 -0.25477 0.00000 -0.00000 -0.00001
-0.00013 -0.00000 -0.00040 -0.25348 -0.04356 -0.00000 -0.27641 0.23488 0.00081 -0.00001 -0.01683 -0.03864 -0.00000 -0.00242 -0.02872 -0.04780 -0.06497 0.11487 0.00000 -0.00000
-0.00000 -0.26197 -0.00001 -0.00275 -0.06285 -0.00000 -0.04022 0.00321 -0.00005 -0.00000 -0.00006 -0.01031 -0.34628 -0.00001 -0.00006 -0.00135 -0.00439 0.00201 -0.09146 0.00000
