0.60379 0.05679 0.09610 0.05432 0.00198 0.08889 0.12730 0.10080 0.00026 0.31836 0.10987 0.14335 -0.00876 0.06394 -0.02837 -0.16207 0.03539 -0.00022 0.01606 0.14239 0.10765 0.01153 0.08904 -0.00068 0.13216 0.13935 0.00100 0.02327 0.04859 0.11123
0.07493 0.43988 0.09054 0.05943 0.05781 0.25829 0.13665 0.03414 0.13672 -0.00013 0.22348 0.17046 0.03325 0.11494 0.11964 0.10212 0.12598 0.03677 0.06677 0.13817 0.47235 0.07191 0.10574 0.04372 0.12458 0.07537 0.08121 0.06290 0.12039 0.10983
0.03507 0.03307 0.16675 0.05955 0.00062 -0.00012 0.04827 0.09548 0.09983 0.05059 0.10842 0.11866 0.00005 0.07954 0.06954 0.06635 0.12947 0.11666 0.12046 0.11216 0.16785 0.09240 0.11984 0.11111 0.09558 0.11921 0.11365 0.09266 0.00583 0.14712
0.00001 0.03078 0.10905 0.28025 0.01099 0.07486 0.14721 0.00006 0.18784 -0.00307 0.03302 0.02595 -0.01987 0.01229 -0.01087 -0.03141 0.02514 0.01888 -0.00011 0.06674 0.05109 0.19394 0.03617 0.07182 0.01949 0.04627 0.00076 0.03635 0.08392 0.07457
0.11338 0.20496 0.05566 0.12849 0.93638 0.19184 0.15632 0.03118 -0.03289 -0.00429 -0.17191 -0.08746 0.07530 0.10568 0.03698 0.02737 0.06749 0.27908 0.02803 0.10011 0.07858 0.06372 0.09180 -0.01265 0.00020 0.03169 0.07019 0.09112 0.07944 0.08097
-0.11655 0.08192 0.02927 0.18072 -0.03167 0.09228 0.11625 -0.00002 0.06681 0.00002 0.11747 0.13186 0.10288 0.09225 0.10440 0.13191 0.11036 0.01225 0.11221 0.13107 0.00008 0.09327 0.11724 0.03081 0.06339 0.10573 0.11929 0.10678 0.11368 0.04813
-0.01136 0.01448 -0.00559 -0.00262 0.04272 0.23557 0.64090 0.01903 0.00020 -0.28554 0.00006 -0.05952 0.03284 0.02820 0.02595 0.04120 0.00454 -0.00019 -0.02408 -0.02042 -0.00004 0.00176 0.03303 -0.03871 0.05712 0.06566 0.03734 0.03046 0.00500 0.03554
0.01916 0.01802 0.06421 0.06362 0.02947 0.40352 -0.02506 0.39102 0.00013 0.23064 -0.00615 -0.00009 0.05531 0.00005 -0.00756 0.00069 0.00460 -0.00015 0.05047 0.08361 0.01762 0.00124 0.01425 0.02723 0.05859 0.04923 -0.02632 0.00088 0.04503 0.05651
0.02701 -0.00000 0.03049 -0.15999 0.44265 0.23666 0.00018 0.08545 0.27127 0.16381 0.13667 0.24533 0.09012 0.11664 0.11651 0.09976 0.12247 0.10485 0.15263 0.23243 0.12132 0.19351 0.13866 0.09606 0.11661 0.11184 0.17078 0.14034 0.07930 0.09264
-0.80687 0.14677 0.19147 0.14397 0.13790 0.67491 -0.08427 0.10019 0.18760 0.75270 0.16830 0.05692 0.05709 0.02266 -0.01557 -0.03991 0.05667 0.09891 0.23406 0.15294 0.05209 0.03590 0.10080 0.19254 0.05298 0.03068 0.08720 0.12269 0.08215 0.09166
-0.02530 -0.01854 0.00001 0.03721 0.01971 -0.06864 0.06997 0.06591 0.08882 0.06368 0.49961 -0.12458 0.06536 0.01473 0.15839 0.00791 0.04903 0.01556 0.05928 0.00564 0.00924 0.01895 0.06351 0.07636 0.04355 0.04588 0.04162 0.05879 0.05517 0.05459
0.10280 0.00306 0.01703 0.05299 0.04412 0.10702 0.25071 0.01008 -0.04766 -0.13230 0.09588 0.43827 0.06059 0.05135 0.04487 0.02753 0.05848 0.04899 0.04883 0.17568 0.12190 0.09300 0.14195 0.03963 0.06927 0.09276 0.13148 0.10711 0.11569 0.07952
0.17640 0.00808 0.18369 0.24805 0.14960 0.34855 -0.00028 0.00853 0.02242 0.04608 0.00011 -0.00009 0.27181 -0.01992 0.08135 0.13015 0.02764 0.02248 0.08108 0.00013 -0.00037 0.00041 0.06074 0.03993 0.05541 0.08443 0.00019 -0.15453 0.07445 0.02154
-0.00139 0.10147 0.01127 0.04292 -0.05752 0.03154 -0.00822 0.02152 -0.03632 0.01189 -0.06844 0.13484 -0.00244 0.86104 0.02396 0.02200 0.03829 0.26015 -0.05711 0.01945 0.04104 0.00206 0.01744 -0.00069 -0.00230 0.02222 0.00297 -0.01352 0.00163 0.01642
0.34921 0.09506 0.12670 0.22038 0.13637 0.03285 0.00027 0.14068 0.13743 -0.00006 -0.23071 0.01098 0.11128 0.01459 0.81797 0.05755 0.08416 -0.00036 0.13027 0.08342 0.10046 0.03406 0.08195 0.13021 0.06340 0.06186 0.02782 0.08401 0.08298 0.06689
0.85103 0.22474 0.28165 0.41374 0.29815 0.22698 -0.01134 0.17237 0.07299 -0.02287 0.28675 0.23405 0.11414 -0.00047 -0.10551 0.53085 0.04461 0.04249 0.13226 0.07572 0.00551 0.02337 0.03612 0.15182 0.06161 0.05473 0.02149 0.12183 0.03066 0.07439
0.00559 -0.00472 0.01157 -0.00017 -0.01366 0.00466 -0.00000 0.05089 0.07950 0.02854 0.00009 -0.00004 0.11173 0.03573 0.08299 0.16675 0.31403 0.08674 0.15830 0.00023 0.00010 0.04536 0.03422 0.13626 0.09406 0.08176 0.05856 0.07422 0.04249 0.07263
0.26190 0.41040 0.12689 0.11598 -0.15321 0.53409 0.00011 0.07815 -0.00000 -0.00005 0.69765 0.45775 0.10035 0.14751 0.06016 0.08243 0.07111 0.37552 0.11650 0.00139 0.00002 0.01437 0.05803 0.02887 0.03881 0.04433 0.03320 0.05867 0.06216 0.09792
0.01411 0.14154 0.05011 0.16785 0.14587 -0.00035 0.27182 0.09336 0.08091 0.11163 -0.00021 0.10790 0.06375 0.09710 0.06473 0.03050 0.06933 0.14081 0.52660 0.03954 0.00016 0.00027 0.06572 0.00124 0.06266 0.00257 0.03849 0.03253 0.08490 0.01284
-0.01580 -0.00203 0.07761 0.06797 -0.00403 0.14356 0.04051 0.15921 0.07533 0.08507 0.14359 0.19262 0.10073 0.10030 0.08050 0.07872 0.10242 0.06212 0.04806 0.20783 0.16539 0.13533 0.13424 0.18504 0.07385 0.08395 0.12789 0.12006 0.11325 0.12035
-0.02715 -0.47607 0.04044 0.04958 -0.02468 0.27626 0.00021 0.09516 0.00017 -0.00002 0.05363 0.17244 0.00013 0.03667 0.00029 0.01198 0.03743 -0.00011 0.00806 0.17962 0.33813 0.03189 0.09075 0.07476 0.08003 0.04546 0.05787 0.07924 0.05693 0.07710
0.02159 0.01968 0.09293 -0.43456 0.01138 0.08191 0.00023 0.01119 0.21347 -0.00021 0.00019 0.02298 0.07266 0.08211 0.07726 0.11528 0.10882 0.12103 0.06394 0.01317 0.00002 0.72246 0.08626 0.01586 0.09121 0.06884 0.06076 0.05347 0.06270 0.08755
0.00014 0.03742 0.05566 0.05120 0.02894 0.09181 -0.00002 0.08374 0.03732 0.08826 0.02585 0.01710 0.11290 0.05171 0.06386 0.10882 0.12089 0.10278 0.05209 0.08713 0.06090 0.02576 0.23387 0.08953 0.10827 0.11674 0.07039 0.07619 0.10089 0.09722
-0.00313 0.12494 -0.00000 0.17586 0.46795 0.66634 0.51270 0.00032 0.01062 0.01043 0.00032 -0.11679 0.14071 0.04772 0.07946 0.08280 0.00449 -0.04819 -0.21407 -0.00003 -0.00003 -0.02549 0.00064 0.67197 0.00017 -0.04399 0.03047 0.01459 0.00034 0.12307
0.11739 0.07997 0.09138 0.01750 0.11631 0.04874 -0.11898 0.05666 0.12940 0.26609 0.00014 0.02390 0.13118 -0.04781 0.02804 0.11097 0.07127 0.04676 0.03073 -0.00002 0.21425 0.05801 0.03081 -0.00013 0.33670 0.11419 0.13826 0.04066 0.06464 0.05158
0.00732 0.00362 0.04376 0.00000 0.01716 0.08997 -0.11435 0.09773 0.18098 0.15283 0.00018 0.09280 0.16038 -0.07298 0.10586 0.10914 0.08717 0.07453 0.15497 0.14809 0.00000 0.20040 0.11233 -0.22771 0.16750 0.48385 0.12436 0.09899 0.09266 0.03570
0.00138 0.03835 0.05671 0.13051 0.03401 0.12245 -0.15815 -0.27460 0.08679 0.01730 0.05300 0.01573 0.20332 0.05986 0.02537 0.10438 0.07987 0.04685 0.01647 0.05057 -0.00017 0.06346 0.10392 0.18422 0.11870 0.08252 0.72003 -0.01483 0.02900 0.01464
0.06508 0.10452 0.07159 0.10685 0.05889 0.10864 -0.00160 0.00007 0.00352 0.00072 -0.01808 -0.03133 -0.32635 0.02622 0.04945 0.05429 0.00282 0.00605 0.03288 0.00211 0.04670 -0.00018 0.01098 -0.00008 0.02200 0.03302 -0.00072 0.80337 0.01839 -0.00022
0.01270 0.04577 0.34906 0.02933 0.08017 0.06790 -0.00003 0.06420 -0.03509 0.00005 -0.03625 -0.00033 0.10733 -0.00008 0.00021 0.04243 0.01907 0.03034 -0.00000 0.00006 -0.00000 0.00012 0.01742 -0.03280 0.03789 0.01794 -0.02221 -0.01432 0.53201 0.02511
0.04189 0.00018 0.01591 -0.01513 0.01534 0.13342 0.00608 0.21987 0.00016 0.11815 0.00009 -0.00006 0.10904 0.04564 0.00032 0.02706 0.03248 -0.00023 -0.00002 0.00007 0.00001 0.00014 0.01170 0.16856 0.03980 0.02666 -0.03251 -0.02659 0.01212 0.28411
