0.00000 -0.02150 -0.00050 0.00040 0.00063 0.00055 -0.00066 -0.00110 0.00016 0.00037 -0.00129 0.00080 -0.00009 0.00062 -0.00056 0.00139 -0.00023 -0.00000 -0.00046 -0.00033 0.00021 -0.00003 0.00000 0.00004 -0.00028 0.00003 0.00015 -0.00007 0.00023 -0.00037 0.00022 -0.00032 -0.00003 0.00068 -0.00048 -0.00020 0.00000 -0.00005 -0.00608 -0.00068 0.00000 0.00006 -0.00000 -0.00062 0.00010 -0.00035 0.00024 0.00065 0.54031 0.00006
0.00003 0.00000 -0.00038 -0.00011 0.00002 -0.00000 0.00005 -0.00062 0.00053 0.00009 -0.00056 0.00000 -0.00001 -0.00000 0.00006 -0.00020 0.00137 0.00006 0.00021 -0.00061 -0.00000 0.00000 0.00000 0.00001 -0.00011 0.00007 -0.00000 -0.00097 -0.00000 -0.00001 -0.00000 -0.00029 0.00000 -0.00041 0.00011 0.00000 0.00021 0.00011 -0.00018 0.00003 -0.00000 -0.00018 0.00006 0.00006 -0.00008 0.00007 -0.00113 0.00047 0.00078 -0.00054
-0.00116 -0.00048 -0.00000 0.00020 0.00095 -0.00012 -0.00004 0.26883 -0.00109 -0.00000 -0.00000 0.00000 -0.00018 0.00023 0.00035 -0.00019 -0.10049 0.00001 -0.00011 0.00010 -0.08530 0.00002 -0.00031 0.00029 0.00052 -0.00000 0.00000 0.00000 -0.00017 -0.00000 -0.00000 0.00021 -0.00009 -0.00021 0.00089 0.00005 0.00006 0.03250 -0.00045 0.00001 0.00016 0.00025 0.00070 -0.00096 0.00003 -0.00040 0.00015 -0.00000 0.00034 0.00057
0.00072 0.00005 0.00018 -0.00000 0.45321 0.00000 -0.00013 0.00001 0.00017 -0.00000 -0.00003 0.00000 -0.00057 -0.00003 -0.00012 -0.00002 -0.00005 0.00000 0.00053 -0.00010 -0.00005 0.00058 -0.00038 -0.00009 0.00002 -0.00017 0.00008 -0.00000 -0.00009 0.00042 -0.14779 0.00000 -0.00011 -0.00005 -0.00015 -0.00006 0.00010 0.00017 -0.00019 0.00012 -0.00007 0.00008 0.00061 -0.00000 0.00000 -0.00017 0.00007 -0.00036 0.00029 -0.00039
0.00110 -0.00002 -0.00004 0.00000 0.00000 -0.00000 -0.00084 -0.00023 -0.00031 -0.00000 0.00000 -0.00041 -0.00193 0.00104 0.00004 -0.00188 -0.00008 -0.00009 0.00038 -0.00000 0.00009 0.00164 -0.00180 -0.00043 0.00011 -0.00093 -0.00033 -0.00008 -0.00049 0.00000 -0.20641 -0.00000 0.00035 -0.00014 0.02731 -0.00029 -0.00053 0.00022 -0.00018 -0.00071 -0.00058 -0.00001 0.00021 0.00014 0.00014 -0.00000 1.17645 0.00007 0.00028 -0.00065
0.00030 -0.00003 -0.00096 0.00014 0.00039 0.00000 0.00010 -0.00122 -0.00000 0.00021 -0.00033 0.00088 -0.00035 0.00037 -0.00020 -0.00000 0.00010 -0.00071 0.00009 0.00005 -0.00027 0.00016 -0.00050 0.00047 0.00001 -0.00029 -0.00010 0.00000 -0.00078 -0.00017 -0.00007 0.00012 -0.00105 -0.00042 0.00071 0.00000 -0.00023 0.00017 -0.00015 -0.00011 -0.00012 0.00004 0.00055 -0.00012 -0.00016 -0.00009 0.00024 0.00010 0.00016 0.00000
-0.00034 -0.00009 -0.00050 -0.00042 -0.00015 0.00000 -0.00000 -0.00017 -0.00005 -0.00000 -0.21647 -0.00010 -0.00001 -0.43643 0.00049 0.00022 0.00052 -0.00047 0.00015 -0.00044 -0.00045 -0.00003 -0.00004 -0.00022 0.00044 0.00019 0.00017 0.00000 -0.00049 0.00000 0.00000 0.00058 -0.00001 -0.00001 0.00000 0.00017 -0.00001 0.00067 0.00015 -0.07692 0.00037 -0.00028 -0.00029 -0.00016 -0.00020 -0.00005 -0.00040 0.00004 -0.00010 0.00122
-0.00157 -0.00038 -0.00000 -0.00039 -0.00027 -0.00089 -0.00000 0.00000 -0.00073 -0.00017 -0.00000 0.00000 0.00051 -0.00012 -0.00009 -0.04709 -0.88893 0.00024 -0.00012 0.00062 -0.05953 0.00037 -0.00027 0.00044 -0.00040 0.00013 0.00068 0.00016 -0.00022 -0.00000 0.00012 0.00015 0.00048 0.00020 0.00005 0.00052 0.00007 0.00000 -0.00009 -0.00028 -0.00015 -0.00012 -0.00082 0.20498 -0.00018 0.00002 0.00044 -0.00000 0.00009 0.00118
-0.00000 0.00055 -0.00113 0.00005 -0.00008 0.00025 -0.00000 -0.00096 -0.00000 -0.00078 -0.00000 0.00078 0.00010 -0.00000 -0.00007 0.00047 -0.00000 -0.00018 0.00009 0.00000 -0.00000 -0.00040 -0.00020 -0.00007 -0.00006 -0.00025 -0.00037 -0.00033 -0.00000 0.00009 0.00020 -0.00007 -0.00079 -0.00014 -0.00011 -0.00041 0.00000 0.00003 0.00041 -0.13383 -0.00029 -0.00019 -0.00039 -0.00047 0.00037 -0.00000 0.00030 0.00093 0.00001 -0.25605
0.00057 0.00012 0.00004 0.00043 -0.00086 -0.00004 0.00027 -0.00005 -0.00089 0.00000 -0.00011 -0.00004 -0.00166 -0.00034 0.00166 -0.00022 0.00000 0.00046 -0.00016 -0.00000 0.40339 0.00039 -0.00138 -0.00020 0.00000 0.00088 -0.00039 -0.00165 0.00000 0.00000 -0.00015 0.00015 -0.00198 -0.00060 0.00000 0.00007 -0.00021 0.00046 -0.00014 -0.00013 -0.00052 -0.00023 -0.00021 0.00003 -0.00158 0.00028 0.00000 -0.00029 0.00007 0.00200
-0.00207 -0.00093 -0.00031 0.00000 0.00109 -0.00042 0.00000 -0.00057 0.01500 -0.00009 0.00000 0.00046 -0.00000 0.00000 0.00000 -0.00004 0.00008 0.00054 -0.00000 0.00054 0.00812 0.00000 -0.00000 0.00000 -0.00159 -0.00006 0.00008 0.00138 0.00595 -0.00022 0.00000 -0.00043 0.00004 0.00097 0.00002 -0.00051 -0.00034 -0.00000 -0.00006 0.41423 0.00060 -0.00011 -0.00017 0.00252 0.00007 0.00074 -0.00004 0.00016 -0.00080 -0.09851
0.00100 -0.00041 0.05392 -0.00011 -0.00018 0.00057 -0.00020 0.00030 0.00000 -0.00000 0.00057 0.00000 -0.00048 0.00018 0.00035 -0.00001 0.00001 0.00006 0.00016 -0.00000 0.00000 0.00083 -0.00151 0.00036 -0.00004 0.00039 0.00028 0.00000 0.00004 0.00099 -0.00007 -0.00028 -0.00055 -0.00014 0.00024 0.00000 0.00015 -0.00002 0.00007 0.00000 -0.00000 0.00011 0.00000 0.00000 -0.00044 0.00003 -0.00008 0.69752 0.00030 0.00027
-0.01404 0.00278 0.00005 -0.00016 0.00009 0.00002 0.00000 -0.00078 -0.00020 -0.00041 -0.00030 -0.00025 -0.00000 -0.00042 0.00000 -0.00013 -0.00018 -0.00042 -0.00000 -0.00120 -0.00094 0.00000 0.00000 0.00011 0.00052 -0.00001 -0.00067 -0.00078 -0.00026 0.00046 0.00031 0.00000 -0.00000 -0.00063 -0.00068 -0.00001 0.00020 0.00000 0.00000 -0.00308 -0.12100 -0.00069 -0.00000 0.00007 0.97008 0.00002 0.00057 -0.00032 -0.00235 -0.00129
0.00032 -0.00024 0.00035 -0.00004 -0.00004 0.00031 0.00000 0.00007 0.00002 -0.00003 0.05629 0.00002 -0.00239 0.00000 0.00017 -0.00002 -0.00002 -0.00003 -0.00000 0.00026 -0.00003 0.00091 -0.00051 0.00000 -0.00325 0.00008 -0.00044 0.00032 0.00024 -0.00000 -0.00000 -0.00011 -0.00071 0.00007 0.00000 -0.00002 0.00124 -0.00032 -0.00046 0.02681 -0.00474 0.00040 0.00028 -0.00028 -0.00077 -0.00016 -0.00006 -0.00000 0.00014 -0.00034
-0.00003 0.00006 -0.00018 -0.00008 0.00248 0.00000 0.00085 -0.00004 0.00012 0.00040 0.00005 0.00001 -0.39026 -0.00000 -0.00000 -0.00021 0.00038 -0.00012 0.00079 -0.00026 0.00002 0.00005 -0.00011 -0.00014 0.00043 0.00003 0.00037 -0.00020 -0.00000 -0.00003 -0.00031 0.29145 0.00000 0.00025 0.00061 -0.00005 -0.00017 0.00024 -0.00038 -0.00085 -0.04154 -0.00011 0.00007 0.00024 0.00250 -0.00002 -0.07538 0.00026 -0.00000 0.00014
0.00051 0.00003 -0.00019 -0.00002 -0.00141 -0.00013 -0.00011 -0.00001 0.00041 -0.00065 0.00018 -0.00002 -0.00178 -0.00000 -0.00010 0.00000 -0.08715 0.00005 -0.00028 -0.00043 0.01776 -0.00040 0.00076 -0.00017 0.00039 -0.00000 0.00000 -0.00066 -0.00018 0.00085 0.00014 -0.00000 -0.00013 0.00035 -0.00000 0.00010 -0.00062 -0.00003 0.18799 0.01694 0.00055 -0.00017 0.00056 -0.30298 -0.00000 0.00017 -0.00032 0.00005 0.00149 0.00021
0.00109 -0.00016 0.00000 0.00035 0.00029 0.00162 0.00007 -0.00000 -0.00430 0.00078 -0.00018 -0.00000 0.00054 -0.00002 0.00040 -0.00000 -0.00000 -0.00073 -0.00021 -0.00224 -0.03102 0.00006 -0.00148 0.00000 -0.00021 0.00470 -0.00084 -0.00152 0.00032 -0.00005 -0.00527 0.00000 -0.00051 -0.00010 -0.00037 -0.00181 0.00019 0.00000 -0.01951 -0.03083 -0.00111 -0.00012 -0.00008 -0.00000 0.00015 -0.00001 -0.00049 0.00002 -0.00021 -0.00017
0.00004 0.00031 -0.00010 0.00014 0.00015 -0.00048 -0.00032 0.00020 -0.00027 0.00042 0.00027 0.00016 0.00351 -0.00059 -0.00001 0.00018 -0.00057 0.00000 -0.00007 -0.00004 0.00071 -0.00016 0.00274 0.00049 0.00025 -0.00071 -0.00004 -0.00037 0.00110 -0.00036 -0.00003 -0.00021 0.00399 0.00003 0.00061 -0.00062 0.00035 0.00008 0.00013 0.00047 -0.00079 -0.00001 -0.00063 -0.00000 0.00110 0.00000 0.00087 0.00027 0.00004 0.00017
-0.00044 0.00008 0.00015 0.00096 0.00018 0.00019 0.00000 0.00000 0.00000 -0.00019 -0.00004 0.00083 -0.00079 0.00003 0.00020 -0.00031 -0.00055 -0.00008 0.00000 -0.00028 -0.00029 0.00065 -0.00496 -0.00000 0.00001 0.00000 -0.00006 -0.00085 -0.00004 0.00068 -0.00047 0.00018 -0.00099 -0.00000 -0.00000 -0.00039 0.00007 0.00000 -0.00019 -0.00001 -0.00057 0.00004 -0.00047 -0.00053 0.00012 -0.00002 0.00016 0.00030 -0.00040 -0.00001
-0.00033 0.00006 0.00032 0.00002 0.00000 0.00002 -0.00004 0.00043 -0.00000 0.00003 0.00022 -0.00018 -0.00067 0.00014 0.00101 0.00060 -0.00067 -0.00023 0.00007 -0.00000 0.00061 0.00000 0.00056 -0.00003 -0.08650 0.00026 0.00001 0.36291 -0.00007 -0.00016 -0.00015 0.00024 0.00003 -0.00000 0.00000 -0.00011 0.00008 -0.00046 0.00007 -0.00024 -0.00010 -0.00018 0.00067 -0.00031 -0.00115 0.00008 0.00018 -0.00041 -0.00001 -0.00060
0.00041 -0.01972 0.00000 -0.00008 -0.00053 -0.00038 -0.00056 -0.00000 -0.00017 -0.00000 0.00035 0.00012 -0.00124 -0.00008 0.00000 -0.00000 -0.00009 0.00042 -0.00000 0.00008 0.00000 -0.00002 0.00008 -0.00000 -0.00223 -0.01184 0.00086 0.00077 0.00000 0.00000 0.00038 0.00017 0.00050 0.00029 0.00089 -0.00024 -0.00043 -0.00000 0.00004 0.02938 -0.00017 -0.00037 -0.00015 0.00000 -0.00002 0.00112 -0.00130 -0.00001 0.00023 0.00000
-0.09400 -0.16936 0.00000 0.00000 0.00068 0.00000 0.01060 0.00198 0.00021 -0.00040 0.12977 0.00066 -0.10115 0.00000 0.00559 -0.00014 0.00001 0.00072 -0.00000 0.00051 0.08538 0.00000 -0.00000 -0.00000 0.00000 0.00058 0.00063 0.00041 0.08601 -0.00003 -0.00004 0.00069 -0.17037 0.00073 0.00050 -0.02186 -0.00055 0.00007 -0.08259 0.08431 0.06021 0.00071 -0.00008 0.00789 -0.05839 0.00100 0.00040 -0.00009 -0.01658 0.00000
0.13695 0.12457 0.00021 -0.00009 -0.00024 -0.00009 -0.00075 -0.00022 -0.00010 0.00018 -0.24717 -0.00000 0.16055 0.00019 -0.00000 0.00012 -0.00017 -0.00080 -0.00000 -0.00062 -0.05747 -1.08281 0.00000 -0.20764 -0.00002 0.00010 -0.00048 -0.00034 -0.05958 0.00006 0.00005 -0.00047 0.26673 -0.00083 -0.00020 0.00091 0.00045 0.00016 0.13983 -0.07063 -0.01013 -0.00019 0.00004 -0.00021 0.02531 -0.00033 -0.00020 -0.00009 0.00076 0.00005
0.00018 -0.09310 0.00017 -0.00006 -0.00019 0.00019 -0.00030 0.00018 -0.00000 -0.00024 0.00268 0.00011 -0.00046 -0.00017 0.00108 0.00005 -0.00029 -0.00000 -0.00016 0.00010 0.05199 0.22740 0.00000 0.00000 -0.00031 -0.03722 0.00031 0.00093 0.06695 -0.00016 0.00005 0.00047 0.00069 0.00020 0.00058 -0.00098 0.00002 -0.00038 0.00049 0.00056 -0.00030 -0.00039 0.00004 -0.00005 -0.00036 0.00000 -0.00022 0.00000 -0.00069 0.00031
0.00016 -0.00010 -0.00020 -0.00016 -0.00022 0.00029 0.00164 -0.00061 0.00022 -0.00000 -0.00190 -0.00057 0.00054 -0.00018 -0.00032 0.00063 0.00055 0.00060 0.00076 -0.00000 -0.00047 -0.00342 0.00372 -0.00002 0.00000 0.00002 0.00005 0.00000 0.00032 -0.00000 0.00125 0.00036 0.00147 0.00028 -0.00128 -0.00077 -0.00162 0.00034 -0.00027 0.00047 -0.00104 -0.00020 -0.00009 0.00005 0.00043 0.00044 -0.00180 -0.00013 0.00473 0.00038
-0.10840 0.00283 -0.00011 -0.00056 -0.00086 -0.00022 -0.00014 0.00004 -0.00008 -0.00012 0.00031 0.00047 -0.06618 0.00000 0.00004 0.00050 0.00078 -0.00006 -0.00000 0.00005 -0.00002 0.00338 -0.00138 0.00000 -0.00034 -0.00000 0.00004 -0.00020 -0.00005 0.00015 0.00044 -0.00015 -0.17488 0.00023 -0.00001 -0.00024 0.00009 -0.00010 -0.07022 0.00025 0.00021 0.00011 -0.00042 0.00049 -0.00217 -0.00030 -0.00086 0.00037 0.00000 0.00021
0.00061 -0.00013 0.00000 -0.00007 -0.00040 0.00003 0.00010 0.00035 -0.00045 -0.00013 0.00003 0.00032 -0.00037 -0.00000 0.00071 0.00002 0.00000 -0.00024 -0.00002 0.00025 0.00059 0.00114 -0.00072 0.00015 -0.00003 -0.00012 0.00000 0.00018 0.00009 -0.00022 0.00028 0.00006 -0.00000 0.00014 0.00000 -0.00028 -0.00010 -0.00065 -0.00044 0.00068 0.00034 -0.00033 0.00100 -0.00009 -0.00089 -0.00005 -0.00049 -0.00003 0.00074 0.00073
-0.00004 0.00021 0.00052 0.00010 -0.00009 -0.00038 -0.00001 0.00013 0.00000 -0.00008 0.00046 -0.00038 -0.00096 -0.00003 0.00078 -0.00040 -0.00034 -0.00029 -0.00033 -0.00000 -0.00002 0.00102 -0.00168 -0.00000 -1.35312 0.00070 0.00001 -0.00000 -0.00022 0.00000 -0.00000 -0.00045 -0.00144 -0.00007 -0.00017 0.00037 0.00001 -0.00041 0.00074 -0.00028 -0.00000 -0.00014 0.00035 -0.00021 -0.00079 0.00019 0.00088 -0.00001 -0.00062 -0.00018
0.00026 -0.07964 -0.00000 -0.00045 -0.00032 -0.00048 -0.00028 -0.00014 0.00033 -0.07718 0.00021 0.00000 -0.00179 0.00006 0.00184 -0.00009 -0.00058 0.00049 0.00001 -0.00057 0.62196 -0.00000 0.00009 0.00000 -0.00007 -0.00066 0.00009 -0.00140 0.00000 0.00000 0.00001 0.00001 -0.00108 0.00021 -0.00002 -0.00043 -0.00021 0.00000 0.00025 0.00000 0.00004 -0.00024 0.00022 -0.00001 0.00036 0.00000 0.00002 0.00011 -0.00000 0.00025
0.00005 -0.00046 0.18592 0.00013 -0.00006 -0.00004 0.00000 0.00692 -0.00000 0.14506 -0.00024 0.00126 -0.00157 -0.00000 0.00008 0.00080 -0.00016 -0.00012 -0.00003 -0.00049 -0.85395 0.00149 -0.02820 0.00175 0.00061 0.00014 -0.00029 -0.00184 0.21423 -0.00000 -0.00006 0.00002 -0.00129 -0.00024 0.00000 -0.00011 0.00000 0.00027 0.00020 0.00024 0.00000 0.00028 0.00021 -0.10264 -0.00007 -0.00046 0.00020 0.03036 0.00008 0.00058
-0.00000 0.00060 -0.00011 0.00000 0.00000 -0.00008 0.00003 0.00027 0.00021 -0.00000 -0.00036 0.00011 0.00257 -0.04830 -0.00077 0.00015 -0.00054 -0.00010 -0.00073 -0.00087 0.00068 -0.00191 0.00272 0.00004 0.00107 -0.00055 0.00034 -0.00146 0.00002 -0.00007 -0.00000 0.00008 0.00192 -0.00000 -0.25030 -0.00100 0.00038 -0.00054 -0.00002 -0.00006 0.00016 0.00015 -0.00002 -0.00039 0.00100 -0.00004 0.00000 -0.00033 0.00006 0.00018
0.00007 -0.00029 -0.00000 0.02864 0.18326 0.00015 0.00061 0.00012 0.00030 0.00021 -0.00041 -0.00019 -0.13385 -0.00012 -0.00000 0.00030 0.00029 -0.00042 0.00039 0.00019 0.00027 -0.00071 0.00119 0.00062 -0.00002 -0.00138 -0.00024 -0.00007 0.00043 -0.00030 -0.00023 -0.00000 -0.00008 0.00002 0.00008 -0.00003 0.00007 0.00043 0.00020 -0.00139 -0.05303 -0.00002 -0.00011 -0.00037 0.00140 -0.00000 -0.61134 0.00014 0.00000 -0.00057
-0.15715 0.18312 -0.00010 0.00015 0.00005 0.00006 -0.00000 -0.00004 0.00008 0.00000 -0.02549 -0.00047 0.96719 0.00000 0.14317 -0.01418 -0.00006 -0.00063 0.00021 -0.00120 -0.00013 -0.00000 -0.00000 0.00001 0.00085 0.00000 -0.00086 -0.00087 0.00013 0.00015 -0.00020 0.01463 -0.00000 -0.00067 -0.00005 -0.00000 0.00041 -0.00000 0.30720 -0.00365 -0.64861 0.00010 -0.00000 0.00026 0.03083 0.00000 0.00000 0.00011 0.00013 -0.00042
0.00066 0.00035 -0.00017 -0.00058 -0.00056 0.00003 -0.00016 0.00007 -0.00022 0.00009 0.00040 -0.00047 0.00024 0.00006 0.00019 0.00018 0.00004 0.00006 -0.00000 -0.00032 0.00027 -0.00069 0.00074 0.00012 0.00041 0.00020 0.00018 -0.00026 0.00056 -0.00057 -0.00009 0.00014 0.00047 0.00000 -0.00000 0.00024 0.00000 0.00000 -0.00022 0.00002 -0.00006 0.00025 0.00048 -0.00016 -0.00021 0.00001 -0.00021 -0.00003 0.00020 0.00028
-0.00026 -0.00020 0.00050 0.00000 -0.00001 0.00057 0.04647 -0.00000 -0.00040 -0.00000 -0.00001 0.00003 -0.00381 0.42915 0.00049 0.00007 0.00001 0.00044 -0.00000 0.00026 0.00062 0.00090 -0.00239 0.00067 -0.00024 -0.00014 0.00001 0.00011 0.00057 0.00025 0.00000 -0.00011 -0.00010 0.00007 -0.00000 -0.00013 0.00006 -0.00009 0.00000 0.00034 -0.00123 0.00000 0.00005 -0.00005 -0.00036 -0.00000 0.00000 -0.00003 -0.00019 0.00048
-0.00046 -0.41555 0.00000 0.00006 -0.00085 -0.00006 0.00002 0.00011 0.00035 0.00000 -0.00083 -0.00000 0.00080 -0.00020 -0.00067 0.00086 -0.00083 -0.00000 -0.00036 -0.00009 0.00020 0.00000 0.00051 -0.00084 0.00007 -0.00007 -0.00000 0.00034 0.00000 -0.00049 0.00000 -0.00032 -0.15655 0.00012 -0.00005 -0.00000 0.00000 -0.00040 0.00045 -0.00033 -0.64034 0.00009 -0.00036 -0.00088 0.00064 -0.00008 -0.00000 0.00004 -0.00023 -0.00002
0.00007 0.00005 0.00012 0.00043 0.00028 -0.00034 -0.00000 0.00019 0.00012 -0.00015 -0.00019 0.00010 -0.00071 0.00045 -0.00007 -0.00024 0.00060 0.00052 0.00016 -0.00023 -0.00001 -0.00027 -0.00156 0.00000 0.00027 -0.00052 0.00008 0.00054 -0.00000 -0.00001 0.00017 0.00016 -0.00098 -0.00005 -0.00003 -0.00000 -0.00000 -0.00017 -0.00000 -0.00006 -0.00003 -0.00007 0.00000 0.00008 -0.00000 0.00000 0.00040 0.00009 0.00024 -0.00016
0.00014 -0.00012 -0.00002 -0.00016 -0.00013 0.00022 0.00010 -0.26053 0.00016 0.00000 -0.00022 -0.00032 0.00085 -0.00001 0.00000 0.00080 0.04063 -0.00014 -0.00005 -0.00038 0.00000 -0.00097 0.00126 0.00015 0.00022 -0.00073 -0.00038 -0.00007 -0.00025 0.00014 -0.00061 0.00000 0.00122 0.00006 -0.00016 -0.00002 -0.00044 0.00000 0.00018 -0.00024 -0.00025 0.00004 -0.00037 -0.00219 0.00075 0.00015 -0.00003 -0.00020 0.00008 -0.00056
-0.00020 0.00059 -0.00013 0.00022 0.00040 0.00002 0.00012 -0.00011 0.00021 -0.00084 -0.01594 -0.00018 0.11210 -0.00009 0.00005 0.00000 0.00001 -0.00036 0.00005 -0.00008 0.00000 0.00000 0.00000 0.00024 0.00037 -0.00003 -0.00008 -0.00010 -0.00088 0.00025 0.00016 -0.00006 -0.00000 -0.00044 -0.00001 0.00002 0.00039 0.00064 -0.00000 -0.00016 -0.06037 -0.00013 -0.00000 0.00000 0.02982 -0.00013 0.00010 0.00000 -0.00009 -0.00016
-0.00163 -0.00845 0.00034 -0.00061 -0.00056 0.00000 0.00000 0.00013 0.00000 -0.00023 -0.00000 0.00009 -0.00032 0.00000 0.00014 -0.00000 -0.00000 0.00049 -0.00056 0.00085 0.00001 0.00000 0.00000 0.00022 -0.00082 0.00018 0.00085 -0.00001 0.00000 -0.00001 0.00000 -0.00076 -0.00066 0.00091 0.00002 0.00007 -0.00012 -0.00013 -0.00032 -0.00000 0.00639 0.00066 0.00029 0.00000 -0.00039 0.00064 0.00000 -0.00061 -0.00101 -0.00000
0.01794 0.25782 -0.00021 -0.00090 -0.00046 0.00030 0.00016 0.00000 0.00052 -0.00020 0.00046 -0.00154 0.00001 -0.00011 0.00007 0.00066 0.00052 -0.00011 -0.00013 0.00151 0.00032 -0.00000 -0.00000 -0.00018 -0.00128 0.00004 0.00080 0.00100 0.00285 -0.00028 0.00112 -0.00000 0.00000 0.00073 -0.00007 0.00000 -0.00054 0.00012 0.00000 0.00041 -0.00000 0.00035 -0.00008 -0.00013 0.00000 0.00002 -0.00028 0.00001 0.00802 0.00025
0.00047 -0.00015 0.00002 0.00016 0.00027 0.00004 -0.00054 -0.00035 -0.00046 -0.00000 0.00000 -0.00008 -0.00004 0.00065 -0.00007 -0.00015 -0.00008 0.00006 0.00033 0.00026 -0.00017 -0.00001 -0.00127 -0.00016 -0.00027 -0.00033 -0.00019 0.00092 0.00008 0.00033 0.00000 -0.00000 -0.00054 0.00027 0.00012 0.00012 -0.00027 0.00009 -0.00001 0.00085 -0.00048 0.00000 0.00026 -0.00038 -0.00046 0.00001 0.00042 -0.00010 0.00017 0.00050
0.53171 -0.00064 0.00053 0.00045 0.00000 0.00022 -0.00045 -0.00007 -0.00027 0.00006 0.00033 0.00008 -0.10548 0.00039 0.00009 0.00099 -0.00039 0.00001 -0.00029 0.00016 0.00008 0.00024 0.08758 0.00059 -0.00027 -0.01563 0.00036 -0.00016 0.00045 0.00046 0.00003 -0.00001 -0.15145 0.00024 -0.00031 -0.00092 -0.00025 -0.00003 -0.09664 0.00050 0.00161 0.00011 -0.00000 -0.00082 -0.00045 0.00001 0.00005 -0.00007 -0.00000 0.00011
-0.00009 -0.00011 0.00010 -0.00006 0.00034 0.00018 0.00026 -0.00000 -0.00188 0.02786 0.00014 0.00013 0.00247 -0.00012 0.00021 -0.00000 0.90706 0.00016 0.00007 -0.00000 -0.36667 0.00010 -0.00129 0.00102 -0.00010 0.00680 0.00004 0.00023 0.05648 0.00000 0.00000 0.00002 -0.00013 0.00003 -0.00014 -0.00000 0.00039 -0.00000 -0.12237 -0.23906 -0.00042 -0.00006 -0.00089 -0.00000 0.00000 0.00003 0.00028 -0.00004 0.00000 0.05789
-0.04795 0.04555 0.00016 0.00012 0.00019 0.00005 0.00010 -0.00026 -0.00215 -0.00206 -0.02843 0.00000 0.00000 -0.00074 0.00000 -0.00064 -0.00011 -0.00018 0.00000 -0.00193 -0.00171 0.00003 -0.00000 0.00015 0.00142 -0.00003 -0.00118 -0.00173 -0.00360 0.00086 0.00005 -0.00001 -0.00000 -0.00073 -0.00043 0.00000 0.00017 0.00000 0.00000 -0.02148 -0.12598 -0.00136 0.00008 0.00025 -0.00000 0.00016 0.00074 -0.00044 -0.01506 -0.00758
-0.00085 0.00000 0.00000 -0.00000 0.00029 0.00000 -0.00010 0.00006 -0.00027 -0.00000 -0.00000 -0.00023 0.00085 -0.00048 -0.00035 0.00011 0.00000 0.68510 -0.00004 -0.00006 0.00043 -0.00000 -0.00000 0.00018 -0.00000 -0.00005 0.00002 -0.00280 -0.00003 -0.00042 -0.00000 0.00000 0.00033 0.00007 0.00023 -0.00060 -0.00002 0.00010 -0.00005 0.00033 -0.00003 0.00000 -0.00082 0.00014 0.00036 0.00000 0.00060 0.00008 -0.00003 0.00021
0.00138 -0.00291 0.00032 0.00000 0.00000 -0.00008 -0.00155 -0.00003 -0.00034 -0.00022 0.00271 -0.00041 0.01497 0.02010 -0.00000 -0.00358 -0.00036 -0.00033 0.00014 0.00000 -0.00322 0.00256 -0.00228 -0.00056 0.00020 -0.00002 -0.00042 0.00094 -0.00003 0.00029 -0.05091 0.00000 0.00002 -0.00034 0.02051 -0.00036 0.00000 -0.00005 -0.00627 0.00028 0.00427 -0.00000 0.00008 0.00027 0.00029 0.00020 0.00000 0.00054 -0.00080 0.00003
0.00174 0.00027 -0.41362 -0.00005 -0.00048 0.00057 -0.00022 -0.16883 0.00073 -0.00021 0.00018 0.00000 -0.00027 0.00010 0.00016 0.00024 0.07235 0.00028 0.00050 0.00109 -0.04260 0.00010 -0.00087 0.00039 -0.00169 -0.00009 -0.00021 0.00140 -0.00019 -0.00015 -0.00045 -0.00017 -0.00023 -0.00011 -0.00000 -0.00009 0.00031 -0.00143 -0.00005 -0.00000 -0.00073 0.00012 0.00018 0.00067 -0.00000 0.00000 -0.00033 0.00000 0.00000 -0.00015
0.00000 0.00000 0.00000 0.00014 -0.00012 0.00043 -0.00026 -0.00014 0.00005 0.00012 -0.00380 0.00046 -0.00011 0.00107 -0.00000 0.00094 -0.00023 0.00001 -0.00036 -0.00069 0.00004 0.00006 -0.00009 0.00001 0.00032 -0.00000 0.00080 -0.00024 -0.00024 0.00011 -0.00012 -0.00000 -0.00009 0.00077 -0.00014 -0.00000 0.00002 0.00013 -0.02255 -0.00179 -0.00002 0.00026 0.00000 -0.00009 0.00001 -0.00000 -0.00013 0.00008 0.00000 -0.00007
-0.00005 -0.00051 -0.00000 -0.00053 -0.00045 -0.00033 0.00001 0.00025 -0.00000 -0.00017 -0.00000 -0.00009 -0.00049 -0.00037 0.00075 -0.00016 -0.00026 0.00018 -0.00000 -0.00040 0.00026 0.00024 -0.00023 0.00016 0.00009 0.00028 0.00002 0.00056 -0.00019 0.00084 0.00007 -0.00025 -0.00178 0.00011 -0.00032 0.00143 0.00000 -0.00020 -0.00027 0.84681 0.00051 0.00029 0.00024 -0.00000 -0.00012 0.00001 -0.00001 -0.00043 0.00000 -0.00000
