-0.00000 0.15991 -0.00005 0.39140 0.00014 0.00000 0.00002 0.05084 0.30724 0.00000 0.00130 0.04812 -0.00035 -0.03114 0.00161 0.00935 0.01087 0.00276 -0.00146 0.00378
-0.00000 0.00000 -0.00000 0.21446 -0.00000 -0.00000 -0.00000 -0.00000 -0.77865 -0.00000 -0.00000 0.00000 -0.00001 -0.00000 -0.00000 -0.00000 -0.05442 -0.00000 -0.00000 0.00000
-0.00213 0.11996 -0.00000 -0.02023 -0.00028 -0.00162 -0.01545 0.04697 0.01429 0.00040 0.00023 0.04425 -0.01089 -0.02929 0.00059 -0.01716 -0.05234 0.00062 -0.02698 -0.00003
-0.00000 0.00000 0.00002 0.00000 0.00001 0.00000 0.00000 0.00000 0.00000 0.00000 0.00001 -0.00000 -0.00000 0.00000 0.00001 0.00000 -0.08931 0.00000 -0.00000 -0.00028
-0.00022 0.10193 0.00005 -0.03607 -0.00000 0.00035 -0.00476 0.05106 0.01714 0.00078 0.00016 0.03668 -0.00077 -0.02967 -0.00000 0.00004 -0.04959 0.00022 -0.02049 0.00009
-0.04638 0.11302 0.00034 0.09927 -0.00001 0.00000 0.00109 0.04710 0.11738 0.01169 0.00246 0.02882 -0.00106 -0.03488 0.00031 0.00054 -0.03359 0.00052 -0.01318 0.00021
0.02710 0.22719 -0.00002 -0.29722 -0.00089 -0.00074 -0.00000 -0.20553 -0.07380 -0.00000 -0.00028 0.00001 -0.01584 -0.27023 -0.00547 0.01634 -0.08352 -0.00040 -0.01412 0.04809
-0.00000 -0.01957 0.00000 0.00054 -0.00000 0.00000 -0.00000 0.00000 0.15148 -0.00000 -0.00000 -0.00000 -0.01760 0.42889 -0.00000 -0.07552 -0.15571 -0.00000 -0.04417 -0.04624
-0.00000 -0.00000 0.00002 0.49091 0.00004 0.00000 0.00001 0.00000 0.00000 0.00000 0.00003 -0.00000 0.00007 0.00000 0.00003 0.00002 -0.02517 0.00000 0.00000 0.00000
0.03332 0.18180 0.00017 -0.18308 0.00056 0.00019 -0.04238 0.11087 -0.02021 -0.00000 0.00091 0.08411 -0.18492 -0.09457 0.00172 0.00078 0.50177 0.00100 -0.29449 0.00050
-0.00078 0.09790 0.00079 -0.02957 -0.00023 0.00058 -0.00933 0.05650 0.00302 -0.00027 -0.00000 0.03183 -0.01156 -0.04068 -0.00013 -0.00056 -0.06200 -0.00014 -0.02418 -0.00014
-0.00000 -0.05775 0.00000 -0.04677 -0.00000 0.00000 -0.02195 0.10491 0.10311 -0.00000 0.00000 -0.00000 -0.00010 0.53771 -0.00001 -0.03627 -0.10822 -0.00000 -0.03326 -0.01966
-0.00479 0.05745 -0.00014 -0.02117 -0.00010 0.00046 0.00001 -0.00000 0.01103 0.00000 0.00012 0.00061 0.00000 -0.06659 0.00105 0.00104 -0.00100 -0.00005 0.36004 0.00000
-0.00003 -1.17342 0.00004 -0.29488 0.00003 0.00005 0.00000 0.00000 0.25803 -0.00000 0.00001 -0.00000 0.00000 0.00000 0.00000 0.00000 -0.01918 -0.00000 0.00007 -0.00006
-0.00016 0.07996 0.00168 -0.03704 -0.00022 0.00017 -0.00024 0.05024 0.00229 0.00001 0.00032 0.03449 -0.00068 -0.04712 -0.00000 0.00024 -0.04939 0.00047 -0.02149 0.00021
0.00020 0.09788 0.00002 -0.09540 -0.00046 0.00028 -0.00000 0.00000 -0.00142 0.00000 -0.00009 0.00003 0.00000 -0.08172 -0.00005 -0.00000 -0.03259 0.00006 -0.00083 0.02659
0.00008 0.00000 0.00000 -0.00000 0.00000 0.00005 0.00000 0.00000 -0.00002 -0.00000 0.00000 0.00000 -0.00231 -0.00000 0.00000 0.00010 0.00000 0.00001 -0.00170 0.05858
-0.00061 0.08032 0.00043 -0.04441 -0.00029 0.00028 -0.00411 0.07116 0.00639 0.00023 -0.00027 0.04010 -0.00413 -0.05029 0.00000 -0.00022 -0.04804 -0.00000 -0.02150 -0.00012
0.00006 0.09948 0.00001 -0.01157 0.00000 0.00026 0.00000 -0.00003 0.02255 0.00000 0.00001 -0.00001 0.00000 -0.02770 0.00000 0.00078 -0.00082 -0.00020 0.00000 0.00000
0.00012 0.01321 0.00031 -0.00281 -0.00013 0.00037 -0.00000 0.00000 -0.01246 -0.00001 0.00037 0.00006 0.13464 -0.02542 0.00022 0.00016 0.00000 0.00035 0.21667 -0.00000
