0.00000 0.00028 0.25155 0.00000 0.00000 0.00000 -0.00011 0.00040 -0.13930 0.00000 -0.00000 -0.00185 0.00000 0.00000 0.00000 0.00615 -0.00022 -0.00000 -0.00000 0.00000 0.00000 0.00000 -0.00000 0.00016 -0.00000 -0.00000 0.00000 -0.00036 0.00010 -0.00010 0.04145 0.00000 0.00000 0.00016 -0.00000 -0.05963 0.00000 -0.00000 -0.00017 0.00000 0.00000 0.00000 0.00000 0.00010 -0.00000 0.00003 0.00190 -0.00991 -0.00000 -0.00098
-0.00408 -0.00000 -0.00123 0.00042 0.00017 -0.00000 -0.00668 0.00225 -0.00051 -0.00012 -0.00020 0.00574 -0.00032 -0.00018 -0.00001 0.00177 -0.00037 0.00000 -0.00004 0.00000 0.00000 -0.00044 -0.00028 0.00462 -0.00003 0.00047 0.00000 -0.00038 0.00030 0.00148 0.01008 0.00000 -0.00000 0.01611 -0.00000 -0.00407 0.00000 0.00061 -0.00000 -0.00013 0.00004 -0.00000 -0.00003 -0.00019 0.00000 0.00264 0.00596 -0.00288 -0.00028 0.00702
-0.00000 -0.00339 -0.00000 0.00000 0.00001 0.00000 0.32338 0.00077 -0.00071 -0.00000 -0.00000 0.00007 0.00000 0.00000 0.00000 0.00062 0.00000 0.00000 -0.00000 -0.00001 0.00001 0.00000 0.00008 0.00010 0.00000 0.00000 -0.00000 -0.00025 -0.00131 0.00000 -0.00080 -0.00000 -0.00000 -0.00002 0.00000 -0.00004 -0.00000 -0.00000 0.00000 0.00000 0.00000 -0.00053 -0.00000 0.00000 -0.00000 0.00000 0.00022 -0.00582 0.00000 0.00163
-0.15918 0.00001 0.04342 0.00000 -0.00082 0.07565 0.01466 -0.00019 -0.04057 -0.00000 -0.00000 0.01377 0.00000 0.00000 0.00004 -0.00001 -0.01041 -0.14682 0.00000 0.00000 0.00000 0.00000 0.00079 0.00000 0.00001 0.00414 0.02938 -0.20805 0.00000 0.00113 0.01072 0.00025 0.00000 -0.24756 0.00008 -0.00381 0.00011 -0.09224 0.00223 0.00000 0.00000 0.00000 0.00000 -0.00000 -0.04708 -0.00000 0.00014 -0.00084 0.00001 0.00013
-0.01094 0.00104 -0.00055 0.00254 -0.00000 -0.00026 -0.00124 0.00000 -0.02043 -0.00020 -0.00018 0.00760 -0.00061 -0.00000 0.00002 0.00752 0.00123 0.00300 -0.00336 -0.00232 0.00018 -0.00309 -0.00020 0.00091 -0.00239 -0.00034 -0.00314 -0.00031 0.00000 -0.00157 0.00732 -0.00021 -0.00599 0.00941 -0.00186 -0.01899 0.00370 0.00044 -0.00058 -0.00003 0.00033 -0.00005 0.00030 -0.00045 -0.01553 0.00105 0.00420 -0.00931 -0.00740 0.01296
-0.01186 0.00013 0.01475 0.00000 0.00076 0.00000 0.01341 0.00530 -0.01523 -0.00000 -0.00073 0.00726 -0.00042 0.00015 0.00000 0.00190 0.00128 -0.00582 -0.00000 0.00000 0.00006 -0.00014 -0.00612 0.00234 -0.00000 0.00552 0.01196 -0.01241 0.00029 0.03301 0.01410 -0.00077 0.00006 -0.00070 -0.00003 -0.00670 0.00138 -0.06543 -0.00022 0.00000 0.00099 0.00000 0.00110 -0.00045 -0.03689 0.00055 0.00217 0.00040 -0.00040 0.00778
0.00000 -0.00036 0.00000 0.00006 0.00027 0.00003 -0.00000 0.00021 -0.00733 -0.00000 -0.00000 0.00058 0.00000 0.00000 0.00000 -0.00000 -0.00000 0.00000 -0.00000 -0.00027 0.00006 0.00000 -0.00000 0.00074 0.00000 0.00002 -0.00000 -0.00574 -0.00020 0.00000 -0.00061 -0.00000 -0.00001 -0.00007 0.00005 -0.01314 -0.00005 -0.00000 0.00004 0.00001 0.00019 0.00000 -0.00003 0.00000 -0.00000 -0.00000 -0.00000 -0.00044 -0.00000 0.00170
0.00006 0.00041 0.00279 0.00213 -0.00038 -0.00022 -0.00065 -0.00000 -0.00333 -0.00000 -0.00377 0.00367 0.00000 -0.00019 0.00022 -0.00128 -0.00080 0.00091 -0.00644 -0.00173 -0.00000 -0.00120 0.00000 0.00119 -0.00249 0.00034 -0.00558 -0.00032 0.00000 0.00433 0.00328 0.00041 -0.00126 0.00785 0.00011 -0.01382 0.00002 0.00303 -0.00051 -0.00111 0.00015 -0.00000 0.00000 -0.00000 -0.00448 0.00000 0.01043 -0.00331 -0.00105 0.01150
0.00000 0.00011 -0.00138 0.00000 -0.00000 -0.00000 -0.00011 -0.00019 -0.00000 -0.00007 -0.00015 -0.25159 -0.00000 0.00000 -0.00000 0.00877 0.00047 -0.00000 -0.00000 -0.00000 -0.00000 -0.00000 -0.00002 0.00000 0.00000 0.00616 -0.00000 0.00000 0.00006 -0.00000 -0.00000 0.00000 0.00064 -0.00000 -0.00000 -0.00002 0.00000 0.00000 0.00000 -0.00000 -0.00000 -0.00000 0.00000 0.00000 0.00000 0.00000 -0.00431 -0.00119 -0.00000 0.00016
-0.00010 0.00034 0.00540 0.00518 0.00021 -0.00000 -0.01274 -0.00096 0.00000 0.00000 -0.00010 0.01060 -0.00249 -0.00544 0.00000 0.02032 -0.01007 0.00060 -0.01573 -0.00080 -0.00009 -0.00003 -0.00000 0.00650 -0.00045 0.00004 -0.01157 -0.00409 -0.00069 0.00406 -0.02060 0.00012 -0.00596 0.01949 -0.00008 -0.00004 0.00086 -0.00015 -0.00041 -0.00381 0.00012 -0.00000 0.00024 -0.00127 -0.01180 0.00067 0.02561 -0.02431 -0.00323 -0.30536
0.00001 0.00061 0.00730 0.03045 0.00244 0.00031 -0.00045 0.00000 -0.00527 -0.00023 -0.00000 0.00921 -0.00310 -0.00123 -0.00021 0.00943 -0.02516 0.00112 0.00165 -0.00243 0.00000 -0.00001 -0.00134 0.00060 -0.00006 0.00012 -0.00185 -0.00018 -0.00000 0.00557 0.01531 -0.00042 -0.00124 0.01277 -0.00095 0.32991 0.00719 0.00737 -0.00011 -0.00640 0.00019 0.00005 0.00000 -0.00030 -0.00626 0.00019 0.01256 -0.01088 -0.00445 0.03500
-0.00000 0.00007 0.01165 0.00001 0.00005 0.00000 -0.00017 0.00009 -0.00000 0.00000 -0.00000 0.00000 0.00000 0.00152 0.00028 -0.46355 -0.00548 0.00000 -0.00013 -0.00000 0.00001 0.00000 -0.00040 0.00000 -0.00000 -0.07647 0.00000 -0.00000 0.00000 0.00000 0.00003 0.00000 -0.00085 0.00015 0.00000 -0.00090 0.00026 -0.00000 -0.00088 0.00002 0.00022 0.00000 -0.00006 -0.00042 -0.00061 -0.00004 0.00304 -0.01605 0.00000 0.00089
-0.00360 0.00032 -0.02366 0.05045 0.00015 0.00083 -0.03553 0.00887 -0.01409 -0.00000 -0.00021 0.00039 -0.00000 -0.01915 -0.00000 0.02442 -0.03786 0.00267 0.00091 -0.00275 0.00056 0.00041 0.00001 0.00002 -0.00007 -0.00034 -0.00012 0.26643 0.00000 0.00154 0.00065 -0.00053 -0.00909 0.38812 -0.00019 -0.00735 0.00047 0.00089 -0.00088 -0.02132 0.00057 0.00002 -0.00000 -0.00026 -0.05251 0.00009 0.00587 -0.03127 -0.00000 0.00319
-0.00005 0.00018 -0.00000 0.05111 0.00107 0.00128 0.42413 0.01267 -0.01902 0.00004 -0.00007 0.00018 0.00000 -0.00000 -0.00000 0.00101 -0.00477 0.00131 -0.16167 0.00028 0.00000 0.00016 -0.03641 0.00103 -0.00420 0.00017 0.00035 -0.00848 0.00000 0.00200 0.00038 -0.00000 -0.00020 0.00686 0.00000 -0.00799 0.00022 -0.00142 -0.00912 -0.00000 0.00004 0.00080 0.00010 -0.00035 -0.06303 -0.19851 0.00007 -0.06872 -0.01059 0.00386
-0.01233 0.00105 -0.00030 0.00818 0.00197 0.00001 -0.06227 0.00090 -0.01178 -0.00058 -0.00143 0.00039 -0.00217 -0.00379 0.00000 -0.00098 -0.00063 0.00249 -0.00799 -0.00160 0.00002 -0.00195 0.06174 0.00003 -0.00607 -0.00028 -0.00106 -0.00052 0.00000 0.00588 0.00723 -0.00288 -0.00080 0.00325 -0.00097 -0.01382 0.00334 -0.00195 -0.00074 -0.00000 0.00049 -0.00006 -0.00013 -0.00069 -0.01650 -0.14453 0.00091 -0.00077 -0.00892 0.01827
0.00001 -0.00000 -0.00021 -0.00053 -0.00000 -0.00046 -0.01601 -0.00000 0.00000 -0.00004 -0.00007 -0.00000 -0.00000 -0.00503 -0.00015 0.00000 -0.00715 0.00000 0.00323 -0.00000 -0.00000 -0.00005 0.00000 0.00009 0.00004 0.00009 -0.00006 0.00006 -0.00000 -0.00000 0.00216 -0.00000 -0.03392 -0.00285 0.00057 -0.00076 0.00000 0.00000 0.01134 -0.00094 -0.00000 -0.00000 0.00006 0.00092 -0.00070 0.00055 -0.24397 -0.00588 -0.00006 0.00017
-0.00720 0.00000 -0.01833 0.00002 0.00000 -0.00000 -0.02121 -0.00067 -0.00192 -0.00005 -0.00000 0.00000 -0.00000 -0.00000 -0.00092 -0.00000 -0.00000 0.00103 0.00000 -0.00000 0.00000 0.00000 -0.00000 0.00029 -0.00000 -0.00113 0.00000 -0.00013 0.00000 -0.00000 0.00000 -0.00000 -0.00000 0.00496 0.00043 -0.00004 -0.00100 0.00000 -0.00003 -0.00000 0.00011 -0.00000 0.00065 0.00001 -0.03860 0.00003 0.00001 -0.00033 -0.00000 -0.00059
-0.63803 -0.01650 0.28452 -0.00000 0.00009 -0.00012 -0.00877 0.00001 -0.03330 -0.00004 -0.00000 -0.00014 0.00001 -0.00002 0.00000 0.00849 0.00005 0.00000 0.00000 -0.00031 0.00021 -0.00000 0.00001 0.00000 0.00000 0.00028 0.21914 0.00031 -0.00031 0.00030 0.00109 -0.00000 -0.00007 0.04106 0.00006 -0.02764 -0.00003 0.00429 0.00000 -0.00000 0.00018 0.00077 -0.00002 -0.00000 -0.00000 0.00000 0.00879 -0.00736 0.00000 -0.00017
0.19076 0.00046 -0.10548 -0.98871 0.00004 -0.05198 -0.03032 0.00002 -0.00306 -0.00000 0.00003 -0.00139 0.00031 -0.00000 -0.00000 0.00001 -0.02830 0.07314 0.00000 0.00002 0.00001 -0.00000 -0.00061 0.00000 -0.00081 -0.00058 -0.07174 0.06062 0.00004 0.00250 0.00620 -0.00001 -0.00000 0.19812 0.00078 0.00008 0.00000 0.00747 -0.00611 -0.00000 0.00014 0.00026 0.00000 -0.00000 -0.09585 0.04226 0.02328 -0.00300 -0.00020 0.01455
0.00006 -0.00037 0.00018 0.02392 0.00000 -0.00156 -0.00274 0.00022 -0.01997 -0.00041 -0.00000 0.00320 -0.00000 -0.00182 -0.00000 0.01980 -0.00332 0.00169 0.00453 -0.00000 0.00016 -0.00003 -0.00060 0.00204 -0.00042 0.00032 -0.00072 0.00364 -0.00038 0.00613 0.00800 0.00002 0.35107 0.01766 -0.00338 -0.00247 0.00729 0.00591 0.00066 -0.00989 0.00065 -0.00008 0.00099 -0.00069 0.04801 0.00078 0.02073 -0.02103 -0.00300 0.00050
-0.00418 0.00027 -0.00210 0.00088 0.00048 0.00007 -0.01066 -0.08150 -0.00624 0.00025 -0.00009 0.00849 -0.00074 -0.00157 -0.00007 0.00492 -0.01103 0.00037 -0.00725 -0.00152 0.00000 0.00002 -0.00157 0.00829 -0.00029 0.00018 -0.00236 -0.00097 0.00021 0.00573 0.00332 -0.00257 -0.00129 0.01123 -0.00000 -0.00435 0.00345 0.00548 -0.00022 -0.00025 0.00047 -0.00017 0.00105 -0.00035 -0.01904 0.00514 0.00409 -0.00493 -0.00491 0.01390
-0.01282 0.00008 0.00001 0.01390 0.00000 -0.00000 -0.01579 0.00023 -0.01793 -0.00005 -0.00054 0.01016 -0.00310 -0.00216 -0.00007 0.01228 0.36868 0.00181 -0.00472 -0.00202 0.00009 -0.00000 -0.00071 0.00152 -0.01299 0.00011 -0.00082 0.00022 -0.00000 -0.00018 0.00168 -0.00043 -0.00487 0.00611 -0.00014 -0.01639 0.00502 0.00000 0.00001 -0.00672 -0.00025 -0.00009 0.00018 -0.00124 -0.00996 0.00151 0.01507 -0.00527 -0.01594 0.00000
-0.00809 0.00092 -0.00000 0.00203 0.00079 -0.00018 -0.01767 0.01023 -0.01109 -0.00031 -0.00088 0.00000 -0.00009 -0.00000 0.00000 0.01679 -0.02216 0.00348 -0.00088 -0.00005 0.00030 0.00000 0.00000 -0.00975 -0.00004 0.00001 -0.00066 0.01597 -0.00000 0.00013 0.00426 -0.00170 -0.02289 0.00632 0.00000 -0.00450 0.00671 0.00013 -0.00959 0.00008 0.00100 0.00042 0.00001 -0.00011 -0.00725 -0.00000 0.00661 0.46990 -0.00248 0.00464
0.00020 0.00018 0.00172 0.02105 -0.00056 0.00009 -0.00018 0.00034 -0.00985 -0.00000 -0.00000 0.00308 -0.00047 0.00000 -0.00486 0.00456 -0.00463 -0.00043 -0.01072 -0.00036 -0.00000 -0.00005 -0.00000 -0.00000 -0.00000 0.00004 -0.00067 -0.08005 -0.00003 0.00111 0.00746 0.00000 -0.00277 -0.12728 -0.00000 -0.00540 0.00193 -0.00045 0.00026 -0.00001 0.00006 -0.00000 0.00003 -0.00000 -0.00776 0.00039 -0.00145 -0.00000 -0.00002 0.00016
-0.00041 0.00008 -0.00000 0.00618 -0.00006 0.00001 0.01038 0.00000 -0.02991 -0.00090 -0.00030 0.00016 0.00133 0.00020 0.00006 0.01096 -0.05669 0.00120 -0.00004 -0.00111 0.00006 0.00004 0.00008 0.01636 0.00000 -0.00013 0.00031 -0.11982 -0.00000 -0.25679 -0.00056 -0.00000 -0.00054 -0.15196 0.00002 -0.01509 0.00045 0.00676 -0.00009 -0.00000 0.00000 -0.00042 -0.00068 -0.00000 -0.06316 0.24077 0.01262 -0.01846 -0.00437 0.00622
0.00001 0.00060 -0.00000 0.00006 -0.00004 -0.00000 -0.01230 0.00028 0.00000 -0.00022 -0.00019 -0.00000 -0.00017 -0.00491 -0.00018 0.01244 -0.00115 -0.00005 0.00000 -0.00001 0.00031 -0.00087 -0.00218 0.00476 -0.00000 0.00000 -0.00177 0.00027 -0.00004 -0.00000 -0.00017 0.00000 -0.01846 -0.00373 -0.00076 -0.00028 0.00115 0.00000 0.02029 -0.00037 0.00018 -0.00009 0.00030 -0.00036 -0.03942 0.00000 -0.31744 -0.00142 -0.00326 -0.00046
-0.55112 0.00105 0.08556 -0.00000 0.00000 -0.00000 -0.00107 0.00000 -0.11064 -0.00001 -0.00022 0.00264 -0.00000 -0.00000 -0.00002 0.00829 -0.00017 0.00000 0.00000 -0.00008 0.00013 -0.00009 -0.00000 0.00056 -0.00000 0.00015 0.00000 -0.00014 0.00000 0.00131 0.02630 -0.00000 -0.00004 -0.00095 0.00000 -0.03088 0.00000 -0.00000 -0.00024 -0.00000 0.00010 0.00000 0.00000 -0.00000 -0.00000 0.00000 0.00105 -0.01792 0.00000 -0.00196
-0.00448 0.00018 -0.00023 0.00000 -0.00006 -0.00001 -0.00016 0.00000 0.69650 -0.00005 -0.00015 -0.01313 0.00000 0.00000 -0.00000 0.00856 0.00004 -0.00000 -0.00000 0.00000 -0.00010 -0.00021 -0.00000 0.00000 0.00000 0.00435 -0.00082 0.00000 0.00000 -0.00000 0.00029 0.00000 0.00034 -0.00000 -0.00010 -0.00020 0.00000 0.00000 0.00000 0.00000 0.00000 -0.00021 0.00007 -0.00000 0.00007 0.00000 -0.00044 -0.00013 -0.00072 -0.00076
-0.00011 0.00000 -0.00027 0.03382 0.00140 -0.00191 -0.00355 0.00260 -0.01255 -0.00099 -0.00069 0.00073 -0.00000 -0.01343 -0.00006 0.00624 -0.01304 0.00011 0.01282 -0.00000 -0.00043 -0.00048 -0.00053 0.00247 -0.00174 -0.00073 -0.00453 0.00256 -0.00000 0.00662 0.19033 -0.00006 -0.02208 0.00424 -0.00000 -0.01481 0.00000 0.00692 -0.00358 -0.00041 0.00022 -0.00002 0.00031 -0.00101 -0.00113 0.00029 0.00509 -0.01072 -0.00261 0.00454
-0.00202 0.00028 0.00968 0.00180 0.00000 -0.00002 -0.06068 0.00003 -0.01786 -0.00000 -0.00000 0.49998 -0.00030 -0.00000 0.00000 0.00079 -0.02650 0.00459 -0.00014 -0.00000 0.00000 0.00015 -0.00785 0.00124 -0.00000 0.07279 -0.00053 0.11071 0.00000 -0.00000 0.00613 -0.00000 -0.03265 0.16599 0.00096 -0.00394 0.00000 0.00022 -0.00713 -0.00000 0.00000 0.00062 -0.00000 0.00000 -0.00254 -0.00000 -0.19174 -0.01727 0.00000 0.01592
0.00000 0.00008 0.00077 0.00000 0.00005 0.00000 -0.00031 -0.00000 -0.00398 -0.00000 -0.00000 0.00350 0.00000 -0.00016 -0.00006 0.00008 -0.00104 0.00000 0.00000 0.00000 0.00007 -0.00003 0.00006 0.00002 -0.00000 -0.00015 0.00000 -0.00752 0.00000 0.00004 0.00000 0.00000 -0.00086 0.00000 -0.00000 -0.00000 0.00000 0.00000 -0.00019 0.00000 0.00003 -0.00000 0.00013 -0.00009 -0.00000 0.00000 0.00002 -0.00093 0.00000 -0.00000
0.00001 0.00027 0.02626 0.00365 0.00155 -0.00004 -0.00944 0.00094 -0.02608 0.00019 -0.00026 0.01947 0.00018 -0.00211 0.00004 0.01570 0.00064 -0.23293 0.00134 -0.00008 0.00004 -0.00013 -0.00017 0.00189 -0.00016 -0.00014 -0.17634 0.00000 0.00053 0.00809 0.00145 0.00000 -0.01782 -0.00262 -0.00000 0.00100 0.00019 0.00653 -0.01047 0.00000 0.00001 0.00008 0.00002 -0.00094 -0.00425 0.00147 0.00521 -0.03314 -0.01345 0.00832
-0.00000 -0.05259 0.09922 0.01199 0.00000 0.00522 0.00694 0.00024 -0.00190 -0.00006 0.00082 0.00003 -0.00000 0.00220 -0.00066 0.00000 -0.01383 0.00384 -0.03466 0.00000 0.00088 0.00000 0.00000 0.00051 -0.00000 0.00000 -0.00022 -0.00358 0.00001 0.00000 -0.00070 -0.00000 0.00000 0.00213 -0.00000 -0.00000 -0.00000 -0.00005 -0.00217 -0.00000 0.00002 0.00088 0.00000 0.00000 0.12599 0.00000 -0.00007 -0.00065 0.00001 0.00006
0.00898 0.00005 -0.01034 -0.00000 0.00006 -0.00039 -0.00500 0.00000 -0.01254 -0.00000 0.00019 0.00833 0.00000 -0.00003 0.00018 -0.00023 -0.00004 0.00000 0.00000 -0.00000 0.00004 0.00000 0.00041 -0.00000 -0.00000 -0.00013 -0.00420 -0.29646 0.00005 0.00000 0.01996 -0.00000 -0.00087 0.00000 -0.00000 0.00055 0.00004 0.00000 -0.00000 -0.00000 0.00005 0.00010 -0.00000 -0.00005 -0.00004 -0.00000 0.00000 0.00006 -0.00000 0.00046
-0.00059 0.01336 -0.03314 0.00713 0.00021 0.00006 -0.00387 0.00721 -0.00802 -0.00020 -0.00003 0.00750 -0.00246 -0.00804 -0.00007 0.00111 -0.00155 0.00243 -0.00112 -0.00007 0.00012 -0.00285 -0.00266 0.01567 -0.00061 -0.00033 -0.00000 -0.00031 -0.13883 0.00205 -0.12656 0.00339 -0.03563 0.00045 -0.00000 -0.00337 -0.13197 -0.00044 -0.00027 0.00000 0.00022 -0.00000 0.00000 -0.00018 -0.07138 0.00019 0.01207 -0.01053 -0.00124 0.00341
-0.00000 0.00000 0.00008 0.00014 -0.00000 -0.00010 0.00010 0.00000 0.00135 -0.00357 0.00000 0.00107 -0.00002 -0.00000 -0.00000 -0.00057 -0.00000 0.00000 0.00000 -0.00000 0.00005 -0.00002 -0.00002 0.00014 -0.00000 -0.00003 -0.00000 -0.00817 0.00001 0.00023 -0.58598 -0.00000 -0.00033 0.00084 -0.00003 -0.00000 0.00004 0.00000 -0.00002 -0.00000 -0.00001 0.00000 0.00000 -0.00000 -0.00000 0.00000 0.00007 0.00050 -0.00000 0.07650
0.00008 -0.02692 0.04473 0.00399 0.00004 -0.00007 -0.00022 0.00951 -0.01402 -0.00016 -0.00008 0.00045 -0.00092 -0.00431 -0.00002 0.01139 -0.00197 0.00233 0.00000 0.00009 0.00034 -0.00009 0.00003 0.00075 -0.00204 -0.00018 -0.00071 0.00816 0.11203 0.01429 0.10664 -0.00165 -0.01400 0.00668 -0.00000 0.00112 -0.00000 0.00006 -0.00003 -0.00001 0.00000 -0.00000 0.00013 -0.00005 0.09102 0.00002 0.02630 -0.01163 -0.00001 0.00786
0.01120 0.00021 0.00931 -0.00000 0.00014 -0.00000 0.00072 0.00000 -0.02955 -0.00060 -0.00003 -0.52066 -0.00045 -0.00065 0.00000 0.01789 -0.00405 0.00034 0.00000 -0.00011 0.00007 -0.00073 0.00000 0.00000 -0.00000 -0.05062 -0.02866 0.01933 0.00000 0.00713 0.00019 -0.00001 -0.00775 0.01544 -0.00054 -0.00689 0.00376 0.00000 -0.03856 -0.00000 -0.00007 0.00009 0.00024 -0.00004 -0.00446 0.00013 0.16246 -0.02192 -0.00238 0.00005
-0.00223 0.00031 -0.00030 -0.00011 -0.00018 -0.00039 -0.00011 0.00019 0.01335 -0.00017 -0.00027 -0.00060 0.00040 -0.00010 -0.00000 0.00000 -0.01612 -0.00065 0.00029 -0.00012 -0.00000 -0.00042 -0.00000 0.00120 -0.00003 0.00000 -0.00641 0.05562 0.00024 -0.00000 -0.00155 -0.00000 0.00015 -0.64657 -0.00046 -0.00751 0.00033 0.00000 0.00000 -0.00000 0.00030 -0.00023 0.00004 -0.00041 -0.01170 0.00000 -0.00000 -0.01040 -0.00100 -0.00035
0.01236 0.00024 -0.02199 0.41929 0.00013 -0.01484 -0.00145 0.00003 -0.01500 -0.00000 -0.00006 0.00315 -0.00001 -0.01928 -0.00094 0.00012 -0.01602 0.03311 0.00051 -0.00000 0.00000 0.00000 -0.00052 0.00021 -0.00447 -0.00012 -0.00609 0.11395 0.00000 0.00003 -0.00037 -0.00348 0.00001 0.08217 -0.00000 -0.00733 0.02752 -0.06168 0.04012 -0.00000 0.00109 0.00009 0.00116 -0.00017 -0.03352 0.00033 0.20388 -0.02869 -0.01563 0.00422
-0.00852 0.00030 0.00811 0.00819 0.00165 0.00000 -0.00183 0.00286 -0.02266 -0.00085 -0.00042 0.00153 -0.00041 -0.00432 -0.00037 0.01125 -0.00248 0.00227 -0.00345 -0.00465 0.00072 -0.00046 -0.00047 0.00964 -0.00338 -0.00011 -0.00241 0.00163 -0.00016 0.00915 0.00017 -0.00073 -0.00466 0.00919 -0.00041 -0.01252 0.00264 0.00264 -0.00103 -0.00065 -0.00000 -0.00027 0.00043 -0.00170 -0.00453 0.00031 0.01654 0.00005 -0.00851 0.00379
0.00007 0.00041 0.00215 0.00667 0.00207 0.00004 -0.00650 0.00339 -0.00936 -0.00036 -0.00027 0.00994 -0.00009 -0.00094 -0.00029 0.01880 -0.00474 0.00108 0.00034 -0.00196 0.00072 -0.00125 -0.00070 0.00706 -0.00048 -0.00004 -0.00801 0.00048 0.00004 0.00250 0.00984 0.00000 -0.00123 0.00667 -0.00046 -0.00497 0.00225 0.00231 0.00000 -0.00039 0.00024 -0.00000 0.00056 -0.00148 -0.00420 0.00048 0.02327 -0.00140 -0.00111 0.00501
0.00018 -0.00652 0.03130 0.01177 0.00083 -0.00001 -0.00055 0.00601 -0.00753 -0.00036 -0.00023 0.00879 -0.00793 -0.00729 -0.00000 0.01505 -0.00229 0.00000 -0.00367 -0.00008 0.00039 -0.00201 -0.00151 0.00389 -0.00008 -0.00029 -0.00126 -0.00134 0.00019 0.01569 0.00075 -0.00043 -0.01987 0.01145 -0.00024 -0.01097 -0.00101 0.00457 -0.00030 -0.00030 0.00047 -0.00030 0.00000 -0.00122 0.08891 0.00008 0.00324 -0.00418 -0.00083 0.00742
-0.00004 0.00038 0.01005 0.01353 0.00052 0.00003 -0.00094 0.00073 -0.01326 -0.00004 -0.00227 0.00035 -0.00112 -0.00392 -0.00023 0.00121 -0.02453 0.00071 -0.00604 -0.00085 0.00056 0.00001 -0.00126 0.00524 -0.00267 -0.00006 -0.00738 0.00348 0.00055 0.01193 0.00033 0.00009 -0.03198 -0.00005 -0.00005 -0.00711 0.01108 0.00751 0.00086 -0.00086 0.00046 0.00005 0.00054 -0.00000 -0.00055 0.00015 0.00918 -0.00460 -0.00525 0.00000
-0.38253 0.09279 -0.91456 -0.00000 0.00000 -0.00000 -0.33260 -0.00063 -0.01794 -0.00000 0.00002 -0.00001 0.00000 -0.00000 -0.00000 -0.00000 -0.00000 -0.26101 0.00000 0.00000 -0.00000 -0.00000 -0.00020 0.00000 -0.00000 0.00000 0.12370 -0.00427 0.00105 -0.00028 0.01217 -0.00100 0.00000 0.01897 -0.00000 -0.02998 0.00000 0.00062 0.00004 -0.00000 0.00003 0.00071 0.00000 0.00000 0.00000 0.00000 0.00008 -0.00833 -0.00000 0.00089
0.00532 0.00030 0.00386 0.03859 0.00026 -0.00181 -0.18415 0.00023 -0.00366 0.00006 -0.00279 -0.01341 -0.00047 -0.00000 0.00000 0.00576 -0.00464 0.00096 0.00000 -0.00147 0.00002 -0.00000 -0.03899 0.00163 0.00000 -0.00074 -0.00545 -0.03562 -0.00016 -0.03618 0.01795 0.00000 -0.00841 -0.04603 -0.00000 0.00190 0.00236 0.00888 0.00183 -0.00021 0.00006 0.00000 0.00016 -0.00040 -0.00145 -0.00000 0.02485 -0.04749 0.00161 0.00542
0.00000 0.00038 0.00169 0.00034 0.00026 0.00003 -0.01554 0.00000 -0.00046 0.00000 -0.00000 0.00000 0.00024 0.00006 -0.00000 -0.00000 -0.00536 0.00022 -0.00002 -0.00000 0.00029 0.00001 0.00006 0.00033 -0.00000 -0.00000 -0.00004 -0.00470 0.00009 0.00000 0.02138 0.00000 -0.01080 0.01951 -0.00000 -0.00641 0.00000 -0.00000 -0.17190 0.00000 -0.00000 0.00000 0.00003 -0.00001 -0.00518 0.00000 0.00000 -0.00076 0.00017 0.00000
-0.00006 -0.00047 0.00001 0.00178 0.00000 -0.00000 -0.00401 -0.00000 0.00008 0.00000 -0.00000 0.00000 0.00000 -0.00000 0.00001 0.00000 -0.00253 0.00009 -0.00015 -0.00000 0.00000 0.00000 -0.00000 -0.10896 -0.00000 0.00075 0.00000 0.00118 0.00000 0.00000 0.00136 -0.00000 0.00046 0.00239 -0.00006 -0.00000 0.00000 0.00000 -0.00001 -0.00000 0.00002 0.00100 0.00014 0.00000 -0.00010 -0.00000 0.00052 0.00000 0.00006 -0.00051
-0.44112 0.00028 0.01226 0.01381 -0.00007 0.00020 -0.00063 0.00121 -0.09023 -0.00000 -0.00017 -0.00051 -0.00614 -0.00005 0.00000 0.01051 -0.00529 0.32852 -0.00609 -0.00005 0.00023 -0.00000 0.00012 -0.00214 -0.00000 0.00030 -0.13063 -0.00031 -0.00000 0.01361 0.02378 0.00000 -0.01407 0.00123 -0.00035 -0.04307 0.01034 -0.00000 0.00053 -0.00006 -0.00000 0.00073 0.00000 -0.00024 -0.00768 0.00000 0.00393 -0.00805 -0.00000 -0.00313
-0.00039 0.00011 0.00030 0.00545 -0.00004 -0.00000 -0.00031 0.00007 -0.00834 -0.00000 0.00000 -0.00001 0.00000 -0.00000 -0.00001 0.00637 -0.00066 0.00001 0.00000 0.00100 0.00000 -0.00107 -0.00005 0.00280 -0.00001 -0.00031 -0.00000 0.00104 0.00013 0.00000 0.06009 -0.00000 -0.00643 0.00230 -0.00008 0.00000 0.00008 0.00349 -0.00090 0.00010 0.00002 -0.00002 0.00000 -0.00040 -0.00138 -0.00002 0.01191 -0.00263 -0.00000 -0.00000
