-0.00000 -0.00465 0.00000 -0.00000 -0.00000 0.01843 0.00014 0.00000 -0.00000 -0.05490 0.00000 -0.00000 0.00177 0.27371 0.00000 0.19365 0.00000 0.08452 -0.00034 0.00000 0.00000 -0.00000 0.00000 -0.00000 -0.00000 0.00000 -0.00000 -0.00067 0.00000 0.00000
-0.00000 -0.00000 0.00000 0.01052 0.00000 0.00000 0.00000 -0.00000 0.00000 0.00000 -0.00016 0.00270 0.05328 -0.00000 0.00000 0.00000 0.00000 -0.00000 -0.00000 0.00059 0.00000 0.01284 0.00000 -0.00468 0.00000 0.00000 0.15326 1.04699 -0.00000 -0.00000
0.00000 0.00125 0.00000 0.00000 -0.00000 -0.00152 -0.00000 0.00000 0.00000 -0.00000 0.00000 -0.00000 0.00000 -0.01505 0.00000 0.00000 0.00000 -0.00186 -0.00000 0.00000 -0.00000 0.00000 0.00000 0.00000 0.00030 0.00000 0.00000 0.00000 -0.00000 0.00000
-0.00001 -0.00000 -0.00000 -0.00000 -0.00000 -0.00000 0.00000 -0.00000 0.00000 0.00000 -0.19935 1.38264 0.01081 -0.00019 0.00000 0.00043 0.00000 -0.00000 -0.04179 0.30520 0.00000 0.00000 0.00740 -0.00000 0.00297 -0.00000 0.00000 -0.00000 0.00451 -0.01475
-0.00000 0.00000 -0.00016 0.00000 -0.00000 -0.00696 0.00000 -0.00000 0.00000 -0.00000 -0.00000 -0.00000 0.00000 -0.00129 -0.00000 -0.00000 -0.00000 -0.00000 0.00000 0.00000 0.00000 0.00000 -0.00000 0.00000 0.00095 0.00000 0.00000 0.00000 -0.00000 -0.00000
-0.00000 -0.99724 -0.00000 -0.00310 0.00000 0.00000 -0.00000 0.00000 -0.00000 -0.00000 0.00000 -0.00035 0.75345 0.00000 -0.00000 -0.00000 -0.00000 -0.00000 -0.30008 -0.00001 -0.00000 -0.00381 -0.00000 -0.01228 -0.00000 -0.00000 -0.00711 -0.17006 0.00000 0.00000
-0.00000 -0.15247 -0.00000 0.00016 0.00000 -0.15998 -0.00000 0.00000 0.00000 0.00000 -0.00000 -0.00000 -0.05518 -0.00539 0.00000 0.00141 0.00000 -0.00026 -0.00421 0.00000 0.00000 -0.00000 -0.00000 -0.00000 0.00180 0.00031 0.00232 0.00008 0.00045 0.00000
0.00000 0.00139 0.00000 0.00000 0.00000 -0.00184 -0.00000 0.00000 -0.00000 -0.00000 -0.00000 0.00028 -0.00000 -0.00072 -0.00000 -0.00000 -0.00000 -0.00000 -0.00000 0.00000 -0.00000 0.00000 -0.00000 0.00000 0.00002 0.00000 0.00034 0.00017 -0.00000 -0.00000
-0.00000 -0.07496 -0.00000 0.00108 0.00004 -0.09836 0.16801 -0.00000 0.00000 0.00000 -0.00186 0.00000 -0.00367 -0.00008 0.00000 -0.00000 -0.00000 -0.00000 0.00124 0.00529 0.00000 0.00000 0.00344 0.00000 0.00000 0.00134 0.00119 0.00117 0.00000 -0.00000
-0.00000 0.27357 0.00000 0.00042 -0.00000 -0.46444 0.00000 -0.00000 0.00182 -0.00000 -0.00000 0.00000 0.00165 0.00000 0.00000 0.00000 -0.00000 -0.00000 -0.03868 0.00000 0.00000 0.00062 0.00000 0.00489 -0.00000 -0.00000 0.03155 0.03237 -0.00000 -0.00000
0.00133 -0.00000 0.00000 0.00000 -0.00000 0.00000 -0.00000 -0.00000 -0.00000 -0.00036 -0.00000 0.00000 -0.00229 0.00972 0.00000 0.35656 0.00000 0.00186 -0.00000 -0.00000 -0.00000 -0.00000 -0.70542 -0.00000 0.00064 0.00016 -0.00000 -0.00000 -0.01479 0.18511
-0.00000 0.00000 0.00000 0.00000 -0.00000 -0.00000 0.00000 -0.00000 0.00000 0.00000 -0.57127 0.00000 0.04225 -0.00103 0.00000 0.00000 0.00000 -0.00010 -0.07198 0.34410 0.00000 -0.00000 0.14437 -0.00000 0.00994 -0.00010 0.00000 0.00000 0.00850 0.00288
0.00000 -0.00000 -0.00000 -0.00000 -0.00000 0.00000 0.00000 0.00000 0.00000 0.00000 0.00000 -0.00001 0.00000 -0.00000 0.00000 -0.00000 -0.00000 -0.00000 -0.58218 -0.00015 -0.00000 -0.00000 -0.00000 -0.00008 0.00000 0.00000 -0.00005 -0.00000 0.00000 0.00000
-0.00000 -0.01140 0.00000 -0.00000 0.00000 0.04023 -0.00000 -0.00000 -0.00000 -0.19037 0.00000 -0.00000 0.00000 -0.00000 -0.00000 -0.00000 0.00000 1.39236 0.00174 -0.00000 -0.00000 -0.00000 -0.00000 -0.00010 0.00000 -0.00000 -0.00138 -0.00840 -0.00000 0.00000
0.00000 0.00106 0.00000 0.00086 -0.00000 -0.00123 0.00000 -0.00000 0.00000 0.00072 -0.00092 0.00000 -0.00000 -0.00418 0.00000 -0.00000 0.00000 -0.00099 0.00000 0.00063 0.00000 0.00179 0.00238 0.00170 0.00303 0.00000 0.00369 0.00029 0.00000 -0.00000
0.00000 -0.00058 -0.00000 -0.00000 -0.00000 0.00374 -0.00000 -0.00000 -0.00000 -0.01287 0.00000 -0.00000 -0.00164 0.05677 0.00000 0.00000 0.00000 -0.00202 -0.00000 -0.00000 -0.00000 -0.00000 -0.00000 -0.00000 -0.00000 0.00000 -0.00000 -0.00007 0.00000 0.00000
0.00000 0.00381 0.25151 0.00016 -0.00000 -0.00170 0.00000 0.00000 0.00000 0.00085 -0.00018 -0.00000 -0.00124 0.00654 -0.00000 0.00000 -0.00000 -0.00385 -0.00000 0.00057 0.00000 0.00282 0.00013 0.00064 0.00162 -0.00000 0.00056 -0.00117 0.00054 -0.00114
-0.00000 -0.04384 -0.00000 -0.00000 0.00000 0.29805 -0.00000 -0.00000 -0.00000 -1.13932 0.00000 -0.00000 -0.00012 -0.00000 -0.00000 -0.00000 -0.00000 -0.00000 0.03553 -0.00000 -0.00000 -0.00005 -0.00000 -0.00109 0.00000 -0.00000 -0.00634 -0.01589 -0.00000 0.00000
-0.00000 0.00000 0.00000 -0.00000 0.00000 -0.00000 0.00000 0.00000 0.00000 0.00000 -0.00047 0.00000 -0.00000 -0.00000 -0.00000 0.00008 -0.00000 -0.00000 -0.00000 0.00116 0.00000 0.00000 0.00005 0.00000 -0.00000 -0.00000 0.00000 0.00000 0.00000 0.00000
0.00000 0.00000 -0.00000 -0.00000 -0.00000 -0.00000 0.00000 0.00000 0.00000 0.00037 -0.51632 -0.00000 0.00000 -0.00932 -0.00000 0.00000 0.00000 -0.00244 0.00000 -0.00000 -0.00000 -0.00000 0.50439 0.00000 -0.00207 -0.00000 -0.00000 0.00000 0.00013 -0.07401
0.00000 0.00924 -0.00000 0.01471 -0.00000 -0.02202 0.00000 0.00000 0.00000 0.00130 -0.00060 0.00000 -0.00000 -0.00168 -0.00000 -0.00000 -0.00000 -0.00086 0.00000 0.00062 0.00000 0.00164 0.00021 0.00108 0.00072 -0.00000 0.00191 0.00269 0.00062 -0.00000
0.00000 -0.00000 -0.00000 0.53110 -0.00000 -0.00000 -0.00000 0.00000 0.00000 0.00000 -0.33066 0.16749 0.00000 -0.00016 0.00000 -0.00183 0.00000 -0.00000 0.00000 0.19812 -0.00000 -0.00000 0.01680 0.00000 0.00204 -0.00000 0.00000 0.00000 0.00336 -0.00576
-0.04343 0.00003 0.00000 0.00000 0.00000 -0.00074 0.00000 -0.00000 0.00000 0.00564 0.00000 0.00000 0.00000 0.00001 -0.00000 0.00045 0.00000 -0.01126 -0.00000 -0.00000 0.00000 0.00000 -0.00000 -0.00000 0.10865 -0.00000 0.00000 0.00000 0.14720 -1.48707
-0.00000 -0.00000 0.00000 0.43863 0.00000 -0.00000 0.00000 -0.00000 0.00000 0.00000 -0.00430 0.30684 0.00000 -0.00000 0.00000 -0.00085 -0.00000 -0.00000 -0.00000 -0.00318 0.00000 0.52136 0.00521 -0.00000 0.00008 -0.00000 -0.00000 -0.00000 0.00015 -0.00155
-0.26988 0.00671 -0.00000 0.00000 -0.00000 -0.02036 0.00000 0.00000 -0.00000 -0.00559 0.00000 0.00000 0.00000 -0.79429 -0.00000 0.00065 0.00000 -0.10413 0.00098 0.00000 0.00004 0.00000 -0.00000 0.00000 -0.00000 0.00326 0.00005 0.00126 0.00000 -0.00000
0.16841 -0.00539 0.00000 -0.00000 0.00000 0.10715 0.00002 -0.00000 0.00000 0.00432 -0.00000 -0.00000 0.07673 0.00625 0.00000 -0.00777 0.00000 -0.00196 -0.01182 -0.00000 -0.00000 -0.00000 0.00000 -0.00000 -0.00017 0.00000 -0.00108 -0.00085 -0.00000 -0.00000
-0.00000 0.00000 0.00000 0.04979 0.00000 -0.00000 -0.00000 -0.00000 -0.00000 0.00000 -0.00952 0.00016 0.00047 0.00000 0.00000 -0.00000 0.00000 -0.00000 -0.00000 0.01072 -0.00000 0.09679 0.00107 1.29969 0.00000 0.00000 -0.00000 -0.00000 0.00000 -0.00017
-0.00000 -0.00000 0.00000 0.00076 0.00000 0.00000 -0.00000 0.00000 -0.00000 0.00000 -0.00236 0.01034 0.05432 0.00000 0.00062 -0.00000 0.00000 -0.00000 -0.00091 0.00480 0.00000 0.00697 0.00009 0.13713 0.00000 0.00000 0.96125 -0.00000 0.00000 -0.00000
-0.20381 0.00454 -0.00000 0.00000 -0.00000 -0.01163 0.00000 -0.00000 -0.00000 0.00346 -0.00000 0.00000 -0.03525 -0.19662 -0.00000 -0.00125 -0.00000 -0.03323 0.00227 -0.00000 0.00000 0.00000 -0.00000 0.00000 0.40733 -0.88801 0.00005 0.00039 -0.00000 -0.00000
1.13748 -0.00039 -0.00000 -0.00000 -0.00000 0.00298 -0.00000 0.00000 0.00000 -0.02243 -0.00000 -0.00000 -0.00005 0.03222 0.00000 0.15607 0.00000 0.00780 -0.00000 -0.00000 0.00000 -0.00000 0.00000 -0.00000 -0.51746 -0.00010 -0.00000 -0.00000 -0.42538 -0.00000
