0.00000 -0.00000 -0.00001 0.00000 -0.00001 -0.00000 -0.00000 0.00001 -0.00000 0.00002 -0.00002 0.00000 0.00000 0.00000 -0.00000 0.00000 -0.00000 0.00000 -0.00001 -0.00002 0.00000 0.00026 -0.00000 -0.00001 0.00277 -0.00010 -0.00000 0.00000 0.00000 0.00000 -0.00000 0.00001 0.00000 0.00001 -0.00002 -0.00004 0.00000 0.00001 -0.00000 -0.00000 -0.00051 0.00000 0.00000 -0.00000 0.00004 0.00002 -0.00000 0.00000 0.00014 0.00000
-0.04716 0.00000 -0.00001 -0.00000 -0.00474 -0.00000 -0.00000 -1.82750 0.00002 0.00404 0.00000 -0.00000 -0.00366 0.00462 0.00000 -0.00000 0.00001 0.00339 -0.00000 0.00000 0.00033 0.00032 0.00001 -0.00002 -0.00739 -0.00144 0.00003 0.00000 0.00000 0.10983 -0.00000 -0.04816 -0.00000 0.00018 0.00004 0.00003 0.00003 0.03061 0.00002 0.00000 -0.00029 0.00091 0.00002 0.00000 0.00004 0.00024 -0.00390 -0.00479 -0.00004 -0.00000
-0.01324 -0.01894 0.00000 -0.00001 -0.02270 0.00001 0.00000 0.00937 -0.00000 -0.03620 -0.00114 -0.03312 0.00067 0.01112 -0.00000 0.00000 -0.00000 -0.01027 -0.01306 -0.01121 0.00364 0.02825 -0.00283 0.00119 0.03853 0.00978 -0.00000 0.00048 -0.00655 -0.01252 0.00531 0.00128 -0.00000 -0.00850 -0.00268 -0.03777 0.00001 -0.07516 -0.00073 0.00249 -0.00849 -0.00015 -0.00584 -0.00001 -0.03351 -0.00538 -0.01667 -0.01769 -0.00401 0.00000
-0.03929 -0.03446 -0.03592 0.00000 0.00815 -0.00249 -0.00280 0.03783 -0.00960 -0.01203 -0.03643 -0.05655 -0.00861 0.00986 -0.00001 -0.00144 -0.00949 0.01177 -0.01482 0.00485 -0.01667 0.01375 0.02472 0.00714 -0.01413 -0.03721 0.00001 -0.01075 -0.01547 0.01656 0.02423 -0.01044 0.05076 -0.01927 0.02398 -0.04737 0.02563 -0.01341 -0.03076 -0.01900 -0.02312 -0.00680 -0.01455 -0.00424 -0.04022 -0.96087 -0.01363 -0.03080 0.02923 -0.02173
-0.00769 -0.00001 -0.00001 0.00001 0.00000 -0.00001 -0.00000 0.00019 -0.00002 0.00447 0.00001 0.00000 0.00006 -0.02554 0.00003 0.00000 0.00001 -0.43620 -0.00001 0.00002 -0.18502 0.00016 -0.00000 -0.00004 0.00574 -0.03131 -0.00001 0.00002 0.00001 0.03491 -0.00000 0.00001 0.00000 0.18885 0.00010 -0.00003 0.00001 0.52846 0.00000 0.00000 0.00008 0.01624 -0.00000 0.00000 -0.00001 0.01926 -0.00000 -0.00000 -0.00001 0.00000
-0.02840 -0.03172 -0.02838 -0.00030 -0.04590 0.00000 -0.00744 0.01482 0.00002 0.00608 -0.01431 -0.07445 -0.00904 -0.01117 -0.00264 -0.00359 -0.01035 0.00652 -0.01893 -0.00317 -0.00448 0.01544 -0.00290 -0.00319 -0.00978 -0.02612 -0.00168 -0.00976 -0.00956 -0.00734 0.02815 -0.03667 -0.00007 -0.01200 -0.00157 -0.04348 0.02582 0.03100 -0.02273 -0.02012 -0.02515 -0.02677 0.00123 -0.00389 -0.04231 -0.01020 -0.02155 -0.02525 0.03553 -0.02663
-0.02764 -0.03453 -0.02543 0.00075 -0.04679 0.00012 0.00000 0.03378 0.00635 -0.00962 -0.00413 -0.04128 -0.00058 0.01459 0.00860 -0.00001 0.00006 0.01542 -0.01674 0.00485 -0.00934 0.02612 0.00363 -0.03034 -0.02516 -0.01374 0.00005 -0.00593 -0.00915 -0.00854 0.02352 -0.01274 0.02740 -0.01669 0.01579 -0.04218 0.03719 0.06789 -0.02162 -0.01226 -0.03073 -0.00411 -0.01233 0.00740 -0.04251 -0.00430 -0.01584 -0.02299 -0.01144 -0.02727
-0.01795 -0.00000 0.00000 0.00000 0.00245 0.00000 0.00000 0.00000 -0.00000 -0.00149 0.00001 -0.00000 -0.00238 0.00134 0.00000 0.00000 -0.00000 0.00030 -0.00002 0.00003 0.00260 0.00177 -0.00000 0.00001 -0.00106 -0.00238 -0.00000 -0.00000 -0.00001 0.03652 0.00000 -0.02634 0.00000 -0.00009 -0.00002 -0.00006 0.00000 0.02404 -0.00005 -0.00004 -0.00040 -0.00189 0.00001 -0.00000 -0.00091 0.00001 0.00256 -0.00586 0.00006 -0.00000
-0.02364 -0.02555 -0.03034 -0.00001 -0.01815 0.02039 0.00002 0.01479 0.00000 -0.00923 -0.01198 -0.05259 -0.00001 -0.01108 0.00010 -0.01260 0.00080 0.00749 -0.00955 0.01615 -0.02118 0.03369 0.00331 -0.01439 -0.01931 -0.01494 0.00001 -0.00871 -0.03215 -0.00836 0.02222 -0.01258 0.03718 -0.01203 -0.01476 -0.04550 0.02673 0.00233 -0.03395 -0.01658 -0.03743 -0.00804 -0.01452 0.00019 -0.04737 -0.00609 -0.01422 -0.02691 0.00185 -0.02830
-0.00698 0.00004 -0.00000 -0.00000 0.00000 0.00001 0.00000 0.00039 0.00001 0.00000 -0.00000 0.00000 -0.00001 -0.00000 -0.00001 0.00001 -0.00001 0.00599 -0.00000 0.00001 -0.00000 -0.00001 0.00000 0.00001 0.00000 -0.35057 0.00001 0.00000 -0.00001 0.00908 0.00000 0.00000 -0.00000 -0.00000 0.00003 -0.00002 0.00003 0.00000 -0.00000 0.00000 0.00005 0.00002 0.00000 0.00001 -0.00001 -0.01627 0.00000 0.00000 0.00002 -0.00000
-0.04118 -0.03039 0.00054 -0.00001 0.00248 -0.00001 0.00004 0.04091 0.00000 -0.02113 0.00000 -0.00000 0.00212 -0.00636 -0.00002 -0.00000 0.00000 0.00714 -0.00010 -0.00002 -0.00643 0.00001 0.00003 -0.00002 -0.01266 -0.03671 0.00002 0.00000 -0.00000 0.01822 0.01736 -0.02412 -0.00000 -0.02008 -0.00001 0.00002 0.00000 0.03252 -0.03662 -0.00000 -0.00008 -0.01050 -0.01834 -0.00001 -0.00002 -0.02089 -0.00651 -0.03379 -0.00001 -0.00000
0.40036 -0.03359 -0.00000 0.00000 -0.04585 -0.00000 0.00000 -2.02971 0.00000 0.00821 -0.00319 0.00000 0.05485 -0.30512 -0.00000 0.00000 -0.00000 -0.01189 -0.57632 0.55195 -0.24214 -0.56361 0.05739 -0.00834 0.00548 0.01095 0.00000 0.02210 -0.04252 -1.68422 -0.05282 0.17047 -0.00000 -0.01066 -0.02057 0.83560 -0.00000 -1.29498 -0.00470 0.15535 0.08072 0.15217 -0.70862 0.00000 1.42112 -0.01196 -0.08097 0.46577 -0.02601 0.00000
0.52187 -0.00007 0.00003 0.00001 0.02882 -0.00002 -0.00000 -0.00013 -0.00001 -0.02500 -0.00000 -0.00000 0.00000 0.05200 -0.00000 -0.00003 0.00000 0.00276 -0.00004 -0.00005 0.01074 0.00015 0.00007 -0.00002 -0.01374 -0.01121 -0.00001 0.00002 -0.00005 -1.95356 0.00000 0.00001 -0.00001 0.00128 0.00024 0.00004 -0.00002 0.14467 0.00004 0.00000 -0.00020 0.00154 0.00000 -0.00002 0.00008 -0.01211 -0.00000 -0.00000 -0.00008 0.00001
-0.04812 -0.00022 -0.00001 0.00002 0.00005 -0.00002 0.00001 0.00011 -0.00002 -0.43832 -0.00001 -0.00000 0.00003 0.00000 -0.00000 -0.00002 0.00001 0.00671 -0.00000 -0.00003 -0.57950 0.00002 -0.00002 -0.00001 0.55268 0.81547 0.00000 0.00001 -0.00001 -0.01410 0.00000 0.00001 0.00000 -0.11940 0.00007 -0.00000 -0.00000 0.00002 -0.00000 -0.00000 -0.00016 0.22586 0.00000 -0.00001 -0.00001 -0.00769 -0.00000 -0.00001 0.00003 0.00000
-0.02957 -0.03583 -0.04970 0.01396 0.00158 0.00138 -0.00002 0.02129 -0.00680 0.00073 -0.01058 -0.07343 0.00539 0.00234 0.00000 0.00001 -0.00318 0.00975 -0.01117 0.01759 0.00004 0.00956 -0.00175 -0.01842 -0.01838 -0.02297 -0.00000 -0.00615 -0.01529 0.01596 0.02672 -0.03032 -0.00005 -0.00464 0.02420 -0.04031 0.00397 0.01601 -0.01544 -0.01388 -0.03616 -0.01918 -0.01091 -0.00234 -0.04475 -0.02672 -0.02123 -0.03464 0.00467 -0.03032
-0.02128 -0.03515 -0.03531 -0.00079 0.11127 0.00005 0.01040 0.02598 -0.00004 -0.01331 -0.00401 -0.05056 -0.00518 -0.00327 0.02723 0.00000 0.01088 0.00455 -0.01319 0.02688 -0.00449 0.01163 0.01755 -0.03560 -0.00379 -0.02219 0.00019 -0.00449 -0.02074 0.01406 0.02310 -0.01074 -0.00136 -0.01442 0.02534 -0.05018 0.01242 -0.00970 -0.01824 -0.01068 -0.02954 -0.01102 -0.00104 0.00153 -0.04736 -0.02653 -0.01443 -0.00403 0.01898 -0.02681
-0.03060 -0.02454 -0.03762 -0.00006 -0.01720 0.00001 -0.00785 0.02775 -0.00270 -0.01057 -0.00676 -0.06147 -0.00684 -0.00775 0.00095 0.00005 0.00000 -0.00253 -0.00364 0.01258 0.00224 0.02709 -0.01288 -0.00845 -0.01870 -0.00823 -0.00033 -0.01460 -0.00921 0.00704 0.02621 -0.02021 0.01874 -0.01422 0.00594 -0.04758 0.02455 0.01093 -0.02650 -0.01847 -0.02026 -0.00634 -0.00707 0.02529 -0.04722 -0.00535 -0.01185 -0.02755 0.00520 -0.03985
-0.01998 0.00002 -0.00000 0.00001 -0.00001 0.00001 0.00002 0.00069 0.00001 -0.00012 -0.00001 0.00000 0.00000 0.00000 -0.00002 -0.00002 -0.00002 0.00000 0.00001 -0.00011 -0.00000 0.00018 0.00002 -0.00004 -0.00001 0.00007 0.00002 0.00002 -0.00000 0.01917 0.00000 -0.00002 -0.00002 -0.00000 -0.00004 0.00000 -0.00002 -0.00003 0.00000 0.00000 -0.00023 0.02728 0.00000 -0.00001 0.00001 -0.02530 -0.00000 -0.00000 0.00005 -0.00000
-0.00574 0.01206 0.00001 -0.00000 0.00783 0.00001 -0.00000 0.00098 -0.00000 0.00121 -0.00337 -0.00000 -0.00413 0.00298 0.00000 -0.00001 0.00001 0.00709 0.00000 -0.00000 0.00644 0.00003 -1.70733 0.99537 -0.01068 -0.00206 0.00000 -0.02613 0.00000 0.00072 0.23118 -0.00369 0.00000 0.00774 0.00000 -0.00000 0.00000 -0.20877 -0.00002 -0.00000 -0.00004 -0.00014 -0.00007 0.00000 -0.00002 0.00160 -0.00750 0.00601 0.00005 -0.00000
-0.01503 -0.03237 0.00001 0.00001 0.00195 -0.00001 -0.00002 0.02807 -0.00000 -0.01329 -0.00187 -0.00000 0.00248 -0.00769 -0.00001 0.00001 -0.00001 0.00386 -0.76319 0.00000 -0.00264 0.00009 0.06569 0.16658 -0.00731 -0.01683 0.00001 -0.20825 0.13571 0.01155 0.00052 -0.01647 0.00001 -0.01314 0.00000 -0.00000 0.00000 -0.02592 -0.01723 -0.00000 -0.00010 -0.00427 -0.01566 -0.00001 -0.00012 -0.00922 -0.01086 -0.03245 -0.00000 0.00000
0.14714 -0.00001 0.00006 -0.00003 -0.00002 0.00003 -0.00001 0.00065 -0.00000 0.00463 0.00001 0.00000 -0.00006 -0.00000 0.00001 -0.00001 0.00001 -0.51615 0.00000 0.00004 0.00000 0.00002 0.00000 0.00003 0.01164 -0.02655 -0.00000 0.00004 0.00000 -0.95239 -0.00000 -0.00005 -0.00001 0.22666 -0.00002 -0.00002 -0.00000 -0.00001 -0.00000 -0.00000 0.00008 -0.32980 -0.00000 0.00001 -0.00002 0.01613 0.00000 0.00002 0.00003 -0.00000
-0.00192 0.00201 0.00001 -0.00000 -0.00382 0.00000 -0.00000 0.00208 0.00000 -0.01595 0.00221 -0.00000 0.00067 -0.00095 -0.00000 -0.00000 -0.00000 0.00574 0.00293 0.02545 -0.00507 0.00000 -0.00041 -0.01037 0.02224 -0.01157 0.00000 -0.03057 0.00164 -0.00192 0.00417 -0.00152 0.00000 -0.00735 0.02831 -0.00000 0.00000 -0.01014 -0.00021 -0.16356 -0.45841 -0.00355 -0.00266 -0.00000 -0.00000 -0.00390 -0.00138 -0.00853 0.02029 0.00000
-0.01368 -0.02168 -0.00003 0.00000 -0.01181 -0.00002 0.00000 0.03556 0.00001 -0.00706 -0.00467 0.00000 0.00113 0.00329 -0.00001 0.00002 -0.00002 -0.00028 -0.00000 0.00000 -0.00493 -0.00005 0.00000 -0.05710 0.00481 -0.01489 -0.00001 -0.00006 -0.00000 -0.01310 -0.03952 -0.00763 -0.00000 -0.01120 -0.00000 0.00000 -0.00000 -0.06517 -0.01849 0.00000 0.00009 -0.00047 0.00002 -0.00000 0.00003 -0.01162 -0.00794 -0.02528 -0.00008 -0.00001
-0.01538 -0.02674 0.00012 0.00003 -0.00174 0.00002 -0.00001 0.00864 -0.00002 -0.00759 -0.00279 -0.00000 -0.00752 -0.00756 0.00000 -0.00000 0.00003 -0.00462 0.00000 -0.00000 -0.00270 0.00014 -0.00003 0.00000 -0.01839 -0.01456 0.00002 -0.09192 0.00000 0.00682 0.04460 -0.01335 0.00002 -0.00921 0.00000 -0.00000 0.00000 0.09433 -0.00995 -0.00000 -0.00026 -0.00206 0.00042 0.00000 -0.00014 -0.01651 -0.01820 -0.01105 0.00002 0.00000
0.00212 0.00011 0.00002 -0.00000 0.00000 0.00000 -0.00000 -0.00029 -0.00001 0.38751 0.00002 0.00000 -0.00000 0.00000 -0.00000 0.00002 0.00000 -0.03717 -0.00002 0.00008 0.00001 -0.00002 0.00006 0.00000 0.00000 0.82083 -0.00000 0.00002 -0.00001 -0.01460 -0.00000 0.00000 0.00001 0.00000 -0.00001 0.00001 -0.00000 -0.00001 0.00000 0.00000 0.00035 0.01949 -0.00000 -0.00000 0.00002 0.00134 0.00000 0.00000 -0.00008 0.00000
0.00261 0.00013 0.00003 0.00000 -0.00003 -0.00000 0.00001 -0.00029 -0.00001 -0.00000 0.00000 0.00000 -0.00000 0.00000 -0.00001 0.00000 0.00001 0.02805 -0.00003 0.00014 -0.00000 -0.00005 0.00007 -0.00000 0.00000 0.00000 -0.00000 0.00002 -0.00002 -0.00100 -0.00000 -0.00000 -0.00000 -0.00000 -0.00005 0.00013 -0.00002 -0.00001 0.00000 0.00000 0.00042 0.00026 -0.00000 -0.00001 0.00009 0.00000 0.00000 0.00000 -0.00003 0.00000
-0.03155 -0.02674 -0.03835 0.00313 -0.03145 -0.00045 0.00821 -0.57091 0.01348 0.01189 -0.00471 -0.06110 -0.00384 0.01027 0.01580 -0.00493 -0.00028 0.00715 -0.00701 0.01679 -0.00728 0.02501 -0.00146 -0.00758 -0.02250 -0.02982 0.00000 -0.00647 -0.02130 0.02796 0.02309 -0.02576 -0.00007 -0.00594 0.02878 -0.03981 0.02435 0.06050 -0.02217 -0.00933 -0.04032 -0.02175 -0.02675 0.00003 -0.04231 -0.01356 -0.01780 -0.02541 -0.00593 -0.02504
-0.02356 -0.03103 -0.00022 -0.00004 -0.00337 -0.00002 0.00005 0.02664 0.00004 -0.01181 0.65479 0.00003 -0.00050 0.00184 0.00001 -0.00002 0.00003 0.00061 -0.00003 -0.00001 -0.00180 -0.00014 0.00049 -0.00001 -0.00841 -0.01693 -0.00002 0.00000 -0.00000 0.00524 0.03924 -0.00421 -0.00005 -0.00787 -0.00001 0.00001 -0.00001 -0.05048 -0.01494 0.00001 0.00007 -0.00275 -0.00628 0.00002 0.00016 -0.01392 -0.00646 -0.03669 -0.00002 -0.00002
-0.02065 -0.03186 0.00007 0.00001 0.01163 0.00005 0.00006 0.02451 -0.00000 -0.01492 0.11894 0.00000 -0.01170 -0.00437 -0.00000 -0.00001 0.00001 -0.00305 0.60197 0.00001 -0.01290 0.00002 -0.01661 0.23932 -0.00905 -0.02341 -0.00000 -0.30658 0.00000 0.00182 0.02206 -0.00791 -0.00000 -0.01337 -0.00000 -0.00000 0.00001 -0.03138 -0.02374 -0.00000 0.00003 -0.01221 -0.00346 -0.00001 -0.00001 -0.00816 -0.00935 -0.01520 -0.00001 -0.00002
0.15956 0.00000 -0.00000 0.00000 0.00005 0.00000 -0.00000 0.00001 -0.00000 -0.00015 -0.00001 -0.00000 -0.00000 0.00000 0.00000 0.00000 0.00000 0.00001 0.00004 -0.00004 -0.00000 0.00025 -0.00009 -0.00001 -0.00001 0.00304 0.00000 -0.00000 0.00005 0.00000 0.00000 -0.00000 0.00000 0.00001 -0.00011 -0.00013 0.00000 0.00001 -0.00000 -0.00001 0.00006 0.00002 0.00000 0.00000 -0.00020 -0.00004 0.00000 0.00000 0.00007 -0.00000
-0.06480 -0.14844 -0.00006 -0.00000 -0.14319 -0.00001 0.00001 -0.26146 0.00001 0.07349 -0.00000 -0.00001 -0.00080 -0.36397 -0.00000 -0.00000 -0.00001 0.01421 0.00000 -0.00002 -0.23415 0.00037 -0.00002 0.00000 -0.90184 0.09878 0.00000 0.00001 0.00000 0.01343 0.00000 -0.01775 0.00000 -0.18197 -0.00000 -0.00000 0.00012 2.06774 -0.10046 -0.00001 -0.00158 -0.01470 0.00003 -0.00001 -0.00015 -0.02502 -0.04512 -0.18160 0.00003 -0.00009
0.08842 0.00000 0.00010 -0.00000 0.04490 -0.00000 -0.00002 -0.00002 -0.00001 -0.00063 -0.00002 0.00000 0.09897 0.01633 -0.00001 0.00006 -0.00000 -0.01373 -0.00003 -0.00006 -0.01163 0.00054 0.00002 0.00002 -0.00990 -0.01107 -0.00000 -0.00002 0.00006 0.13108 -0.00001 0.00000 0.00001 -0.00885 -0.00011 0.00001 0.00001 0.04861 -0.00123 -0.00003 -0.01223 -0.00086 0.00000 -0.00000 0.00014 -0.00688 -0.08597 0.00000 0.00075 0.00034
-0.03169 -0.03598 -0.62998 0.00001 0.09249 -0.00990 0.00001 0.03369 0.00001 -0.03307 -0.00798 -0.10813 -0.00648 -0.00163 -0.00655 -0.00053 0.00001 -0.01440 -0.01153 0.02615 -0.01938 0.04456 0.01558 -0.00293 -0.00211 -0.01951 -0.00744 -0.00174 -0.02264 0.00295 0.02206 -0.01611 0.00000 -0.01748 0.04058 -0.04627 -0.43592 -0.00902 -0.02068 -0.02475 -0.02562 -0.00876 -0.00220 -0.00001 -0.04347 0.00237 -0.01150 -0.03103 -0.00231 -0.02314
-0.00604 -0.00025 -0.00005 -0.00001 0.00002 0.00001 -0.00003 -0.00045 -0.00001 -0.48091 0.00001 0.00000 -0.00005 -0.00000 0.00007 0.00002 -0.00001 -0.59764 -0.00000 0.00002 0.00000 -0.00007 -0.00002 0.00000 0.53383 -0.96622 -0.00002 0.00003 0.00001 -0.02680 -0.00000 0.00002 0.00002 0.00000 0.00001 0.00001 0.00001 0.00004 -0.00000 -0.00000 0.00138 -0.01720 0.00000 0.00002 0.00004 1.48890 0.00000 0.00000 -0.00005 0.00000
-0.00723 0.00095 0.00000 0.00001 0.00396 -0.00000 -0.00002 0.00703 -0.00001 0.00208 0.09063 -0.00000 -0.00161 -0.00408 -0.00000 0.00000 -0.00001 0.00509 0.48399 0.41079 0.00208 0.00007 -0.03583 0.19248 -0.00214 -0.00724 0.00001 -0.22938 -0.29959 -0.00105 0.01265 -0.00027 0.00001 -0.00560 0.00000 -0.00000 -0.00000 0.01363 -0.00474 -0.00000 -0.00002 -0.00224 -0.00169 0.00000 -0.00008 -0.00741 0.00566 -0.00896 0.00001 0.00000
-0.00294 -0.01484 -0.00001 -0.00000 0.00137 0.00000 0.00000 0.01768 0.00000 -0.01109 0.00069 0.00000 0.00236 -0.00604 0.00000 -0.00000 0.00000 0.00239 -0.24972 -0.54450 0.00651 -0.17619 0.03840 -0.10931 -0.01915 -0.01527 -0.00000 0.09975 -0.16207 0.00031 0.01530 -0.00657 -0.00000 -0.00459 -1.05370 0.00000 -0.00000 0.01868 -0.00854 0.07266 0.01677 -0.00301 -0.00763 -0.00000 0.43645 -0.01058 -0.01671 -0.01639 0.00291 0.00000
-0.03178 -0.01253 -0.00903 -0.00001 0.07082 -0.00000 0.00000 0.02749 -0.00000 0.00909 -0.00332 -0.10692 -0.00428 -0.01055 0.00027 -0.00003 0.00001 -0.00325 -0.01508 0.03215 -0.01432 0.01942 0.00171 -0.02920 -0.01895 -0.01992 -0.00001 -0.01217 -0.02125 0.02072 0.01055 -0.00893 -0.00000 -0.01079 -0.04051 -0.02747 0.00000 0.02015 -0.00588 -0.01976 -0.04967 -0.00515 -0.00850 -0.00002 -0.03454 -0.01130 -0.00419 -0.02776 0.02168 -0.02408
0.00815 -0.00004 -0.00001 0.00000 0.00001 -0.00000 -0.00000 0.00005 -0.00000 0.23096 -0.00000 -0.00000 0.00001 0.21733 -0.00000 -0.00000 0.00000 -0.00573 0.00000 -0.00001 0.08630 0.00003 -0.00001 0.00000 -0.29045 -0.43166 -0.00000 -0.00000 0.00000 -0.00723 0.00000 0.00000 0.00000 0.05299 0.00001 -0.00002 0.00000 0.00000 -0.00000 -0.00000 -0.00021 0.01689 0.00000 -0.00000 -0.00003 0.00879 -0.00000 -0.00000 0.00002 -0.00000
-0.00694 -0.02130 0.00170 -0.00000 1.74473 0.00001 0.00001 0.01988 -0.00002 -0.00390 -0.00001 0.00004 0.00804 0.07596 0.00005 0.00001 -0.00003 0.78116 -0.00000 0.00000 0.31678 0.00086 -0.00000 0.00001 -0.01339 0.03138 -0.00001 -0.00001 0.00000 -0.04647 -0.00000 0.00164 -0.00002 -0.35202 0.00001 -0.00004 0.00000 -1.07303 0.00000 -0.00001 -0.00142 -0.04238 -0.00004 -0.00001 -0.00016 -0.03611 -0.01491 -0.00174 0.00008 -0.00003
-0.02687 -0.02944 0.00014 -0.00000 -0.04142 -0.00001 0.00002 0.01383 0.00000 0.23046 -0.50599 0.00001 -0.00460 0.19332 0.00002 0.00001 0.00002 -0.00125 -0.24508 -0.34972 0.02035 -0.00001 0.02439 -0.17281 -0.25347 0.56112 0.00002 0.05709 -0.09902 -0.01172 0.02560 -0.00167 -0.00001 -0.00465 -0.43691 0.00003 -0.00000 -0.95137 -0.03160 0.00000 -0.84570 0.00214 -0.06221 -0.00000 0.00001 -0.01369 -0.04788 -0.07215 -0.73003 -0.00000
0.00003 -0.00113 -0.00001 0.00000 -0.00461 -0.00000 0.00001 0.00143 -0.00000 -0.01030 -0.00133 0.00000 0.00141 0.00182 0.00000 0.00000 0.00001 0.00140 -0.00626 -0.01078 0.00759 -0.00000 -0.00060 -0.00106 -0.00041 0.00180 -0.00000 -0.01310 -0.00500 -0.00248 -0.00011 0.00004 0.00000 0.00011 -0.03066 0.00001 -0.00000 -0.01440 0.00047 0.00000 0.00000 -0.00088 -0.00017 0.00001 0.00000 0.00066 -0.00499 0.00199 -0.03320 -0.00000
-0.04452 -0.00076 0.00020 0.00009 0.00016 -0.00002 0.00002 0.00053 0.00000 0.02103 0.00000 0.00000 0.00028 0.00000 -0.00001 -0.00002 0.00002 0.00001 -0.00001 -0.00026 -0.00000 -0.00014 -0.00008 0.00032 0.00002 -0.00720 -0.00001 0.00001 -0.00003 0.03948 0.00000 0.00035 0.00002 -0.00001 0.00055 0.00009 0.00002 0.00015 -0.00000 0.00000 0.00103 0.00000 -0.00000 -0.00002 0.00005 -0.03248 -0.00000 -0.00012 0.00014 0.00000
0.23348 -0.01318 0.00003 -0.00001 -0.02813 0.00001 -0.00001 0.03139 -0.00001 -0.15282 0.00000 -0.00000 0.12639 -0.15409 0.00000 0.00000 0.00000 -0.00365 -0.00951 -0.00006 -0.05747 0.00022 -0.00497 -0.00030 0.20201 0.29895 -0.00001 0.00008 0.00009 -0.05117 0.02513 0.35766 0.00000 -0.03364 -0.00013 -0.00005 0.00000 0.67326 -0.02059 -0.00001 -0.00829 -0.03259 0.00000 -0.00001 -0.00013 -0.01371 -0.17406 0.64638 -0.00034 -0.00001
-0.02810 -0.03703 -0.03589 0.00028 0.03074 0.00025 -0.00004 0.03283 -0.00671 -0.00943 -0.00573 -0.05499 -0.00948 -0.00904 0.00092 -0.00177 0.00002 0.00821 -0.01287 0.00272 -0.00136 0.02721 0.01011 -0.02743 -0.01564 -0.02421 -0.00115 -0.00491 -0.02176 0.00414 0.02566 -0.01048 0.01539 -0.01594 0.02713 -0.03619 0.01624 -0.00823 -0.03161 -0.01587 -0.01934 -0.01621 -0.02414 0.00000 -0.04754 -0.00207 -0.01737 -0.03073 0.02101 -0.02566
-0.00071 -0.00192 -0.00001 -0.00000 -0.01076 -0.00000 0.00000 0.00525 -0.00000 -0.00860 -0.01627 0.00000 0.00116 -0.00005 0.00000 0.00000 0.00000 -0.00221 -0.02258 -0.01842 0.00327 -1.75024 0.00239 -0.02280 -0.00503 0.00040 -0.00000 0.01070 -0.01603 -0.00826 0.00180 -0.00088 -0.00000 0.00062 -0.00649 0.00000 -0.00000 -0.08071 -0.00284 0.08206 0.85232 -0.00278 -0.00737 0.00000 0.00000 -0.00382 -0.01467 -0.00438 -0.01375 -0.00000
-0.02043 -0.00255 -0.00007 -0.00000 0.00003 -0.00002 -0.00002 0.00348 0.00001 0.00001 0.00001 -0.00000 -0.00001 -0.00001 -0.00000 0.00001 0.00003 -0.00005 -0.00000 0.00003 0.00000 -0.00005 -0.00002 -0.00006 0.00085 -0.02978 -0.00000 -0.00001 -0.00000 -0.01145 0.00000 -0.00000 0.00005 0.00000 -0.00002 -0.00001 0.00008 0.00006 -0.00000 -0.00000 0.00076 -0.00001 0.00000 0.00005 0.00002 0.00000 0.00000 0.00001 -0.00006 0.00000
0.04729 0.00005 0.00002 -0.00001 -1.31020 0.00000 0.00001 0.00038 0.00000 -0.01543 0.00003 0.00000 -1.45037 -1.23135 0.00002 0.00002 -0.00002 0.00012 0.00001 0.00006 -0.03050 0.00015 -0.00002 0.00000 -0.00898 -0.06251 0.00000 0.00004 0.00003 -0.66345 -0.00000 -0.00000 -0.00000 -0.02094 -0.00015 -0.00002 0.00003 -3.37833 0.00000 -0.00000 -0.00001 -0.00548 -0.00000 0.00001 -0.00005 -0.00199 0.00000 0.00000 0.00071 -0.00002
0.31154 0.00007 0.00003 -0.00000 -0.02615 0.00001 0.00000 -0.00010 0.00000 -0.00287 -0.00001 0.00000 -0.31730 -0.05243 -0.00000 0.00005 0.00000 0.00596 0.00000 -0.00000 -0.01515 -0.00001 -0.00001 0.00002 -0.00296 0.00106 -0.00000 0.00000 0.00001 0.12562 -0.00000 0.17870 0.00000 -0.01145 -0.00004 -0.00002 0.00000 0.00446 -0.00123 -0.00000 0.00077 -0.00529 0.00000 -0.00000 -0.00004 -0.00406 0.37504 0.00000 0.00087 -0.00001
-0.00628 -0.00978 0.00028 0.00001 -0.04263 0.00001 -0.00008 0.01555 -0.00003 -0.00488 -0.00867 -0.00004 -0.00762 -0.00562 -0.00006 0.00001 -0.00009 0.00400 0.00842 0.01608 -0.00798 0.00003 -0.00249 -0.02611 0.00230 -0.03158 -0.00006 -0.02124 -0.00937 0.01177 0.01500 -0.00267 -0.00001 -0.01244 0.04212 -0.00013 0.00001 0.04433 -0.00719 -0.00000 -0.00003 0.00278 0.00267 0.00001 -0.00005 -0.00254 -0.00068 -0.00243 0.00000 0.00000
0.00324 -0.01262 2.33439 0.00000 0.12857 -0.00000 0.00001 0.02066 -0.00000 -0.06470 -0.00790 -0.04881 0.00328 0.42491 -0.00000 -0.00000 0.00000 0.00056 -0.00934 0.00272 0.16765 1.28445 0.00017 -0.02616 0.80162 -0.16511 0.00000 0.01186 -0.01200 0.03584 0.01193 0.00065 0.00003 0.11888 -0.00092 0.03980 0.00001 -1.75098 -0.01127 0.14576 0.59114 -0.00201 -0.00575 0.00000 -0.05098 -0.00182 -0.01533 -0.01721 0.00227 0.00000
