0.00086 0.00028 -0.72609 0.00121 0.17127 0.02826 0.00388 0.00235 0.00328 -0.00302
-0.15940 -0.00030 0.02171 0.00174 -0.00420 -0.00231 0.00102 1.07950 -1.15403 -0.00094
0.00283 0.00074 -0.00057 -0.05352 -1.35994 -0.55331 -0.22166 -0.00077 -0.00149 -0.00197
0.00304 -0.25594 -0.00091 -0.00029 -0.00031 -0.00075 -0.00107 -0.02255 0.08502 0.92573
0.00231 -0.00298 -0.00228 0.11555 0.00152 1.70042 0.44909 -0.00102 -0.00030 0.02650
0.00253 -0.00516 -0.00093 0.39733 -0.00015 -0.00008 1.53928 0.00189 -0.00144 0.07236
-0.00110 -0.05846 -0.00181 1.52940 -0.00016 -0.00059 0.00050 -0.00389 0.01349 0.04778
-1.71094 -0.00311 0.17399 0.00364 -0.04894 -0.00980 -0.00321 -0.00156 0.00341 0.00212
0.35135 0.00133 -0.00968 -0.00382 0.00908 -0.00274 -0.00264 -0.87479 0.00071 -0.00251
0.00977 -0.77932 -0.00285 -0.00092 0.00195 0.00004 0.00138 -0.07762 0.57280 0.00205
