0.00000 -0.00000 0.00000 -0.00000 -0.00000 0.00082 -0.00000 0.85429 -0.00000 -0.00000 0.00216 -0.00000 0.00010 0.01140 -0.00002 -0.01953 0.00000 0.92968 -0.20069 -0.00000
-0.00115 0.00000 -0.00000 0.16844 -0.13248 -0.00000 -0.00213 -0.00017 1.56938 0.00000 -0.00000 0.00000 -0.00000 -0.00000 0.00000 -0.00089 -0.01351 0.03507 0.00000 0.00000
0.00000 -0.01490 0.00000 -0.00033 0.00012 0.00000 0.00000 0.00000 -0.00180 -0.15531 0.00000 -0.83119 0.00000 0.00000 -0.60448 0.04274 0.00001 0.05835 -0.00000 -0.44796
-0.20265 0.00000 -0.00000 0.00000 -0.43532 -0.00000 -0.08298 -0.00281 0.00000 0.00000 -0.00000 0.00000 -0.00000 -0.00010 0.00000 0.00144 -0.85281 -0.15237 0.00072 -0.00000
0.09008 -0.00000 0.00000 -0.00000 0.00000 0.00000 0.20528 0.02590 -0.00000 -0.00000 -0.00000 -0.00000 0.00000 0.00038 -0.00000 -0.15365 0.54330 -0.16101 -0.00160 -0.00000
0.00000 -0.00026 0.21172 -0.00000 0.00000 0.00000 0.00000 0.00000 -0.00006 -0.00247 0.00000 -0.02050 1.83791 0.00000 -0.09139 -0.05490 0.00000 -0.37968 -0.00000 -0.02216
0.83183 -0.00000 0.00000 -0.00000 0.00000 0.00035 0.00000 0.80941 -0.00000 -0.00000 0.00249 -0.00000 0.00004 0.01436 -0.00000 0.14898 0.00000 -0.06462 -0.12709 -0.00000
0.00000 -0.00000 0.00009 -0.00000 -0.00000 0.00514 -0.00000 0.00000 -0.00000 -0.00000 0.01440 -0.00000 0.00117 0.16745 -0.00036 -0.06417 0.00000 0.00897 -1.39444 -0.00000
-0.00681 0.00000 -0.00000 0.77499 -1.08094 -0.00000 -0.01449 -0.00145 0.00000 0.00000 -0.00000 0.00000 -0.00000 -0.00001 0.00000 0.25725 -0.06806 0.08452 0.00008 0.00000
-0.00016 1.13556 -0.00000 0.03698 -0.01509 -0.00000 -0.00046 -0.00001 0.25516 0.00000 -0.00000 0.00000 -0.00000 -0.00000 0.00000 -0.06625 -0.00298 -0.01120 0.00000 0.00000
-0.00000 -0.00005 0.09056 -0.00000 0.00000 1.24255 0.00000 0.00000 -0.00000 -0.00025 0.00000 -0.00237 0.39901 0.00000 -0.10990 0.42710 0.00000 -0.00179 -0.00000 -0.02267
-0.00000 0.25208 -0.00000 0.00422 -0.00170 -0.00000 -0.00007 -0.00000 0.02911 1.12203 -0.00000 0.00000 -0.00000 -0.00000 0.00000 -0.03609 -0.00035 -0.02890 0.00000 0.00000
0.00000 -0.00152 0.85345 -0.00002 0.00003 0.00000 0.00000 0.00000 -0.00026 -0.01586 0.00000 -0.15943 0.00000 0.00000 -0.22993 -0.04604 0.00000 -0.19407 -0.00000 -0.16954
0.00000 -0.00000 0.01311 0.00000 0.00000 0.34278 -0.00000 0.00000 -0.00000 -0.00000 0.53672 0.00001 0.09461 0.00000 -0.02887 -0.18157 0.00000 0.06035 -0.00000 -0.00160
-0.00000 0.03748 -0.00000 -0.00063 -0.00233 0.00000 -0.00000 -0.00000 0.00912 0.05302 0.00000 0.06802 0.00000 -0.00000 0.00000 0.39152 0.00002 0.13881 0.00000 1.45320
-0.00000 0.00000 0.00000 0.00000 -0.00000 -0.00000 0.00000 -0.00000 0.00000 0.00000 -0.00000 -0.00000 -0.00000 -0.00000 -0.00000 0.00000 0.00000 0.40119 0.00000 -0.00000
1.04850 -0.00000 0.00000 -0.00000 -0.00000 0.00002 0.96822 0.14765 -0.00000 -0.00000 0.00018 -0.00000 0.00000 0.00030 -0.00000 0.10685 0.00000 0.05726 -0.01312 -0.00000
0.00000 -0.00000 0.00000 -0.00000 -0.00000 0.00000 -0.00000 0.00000 0.00000 -0.00000 0.00000 -0.00000 0.00000 0.00000 -0.00000 0.00000 0.00000 0.00000 -0.00000 0.00000
-0.00000 0.00000 -0.00103 0.00000 -0.00000 -0.04688 0.00000 -0.00000 0.00000 0.00000 -0.14762 0.00001 -0.00845 -1.03063 0.00145 0.00535 -0.00000 -0.09219 0.00000 0.00008
-0.00000 0.17345 -0.00000 -0.00338 -0.01040 0.00000 -0.00002 -0.00000 0.05359 0.23699 -0.00000 0.34286 0.00000 -0.00000 -0.00000 -0.13349 0.00021 -0.01406 0.00000 0.00000
