0.00000 -0.00005 -0.00217 -0.00002 -0.00210 -0.00003 -0.01218 -0.00441 0.00220 -0.00904 0.00913 -0.00146 0.00006 -0.00000 -0.01029 0.00218 0.00039 -0.00305 0.00026 -0.00001 0.00630 -0.00014 -0.00017 -0.00144 -0.01243 0.00826 -0.00002 -0.00054 -0.00425 -0.00251
-0.00316 0.00000 0.00025 -0.00648 -0.00501 -0.00044 0.00810 -0.01140 -0.00078 -0.00800 -0.00125 0.00054 -0.00984 0.00000 -0.00403 -0.00021 -0.01022 -0.00146 0.00362 -0.00008 -0.00012 -0.00079 -0.00047 -0.00791 0.00861 0.00134 -0.00000 -0.00051 -0.01551 -0.00001
-0.00007 -0.00027 0.00000 0.01647 0.00911 0.00015 0.00017 -0.19540 0.00000 -0.00002 0.00052 -0.00034 0.00208 -0.00002 -0.00003 -0.00010 -0.00285 0.00004 0.00002 -0.00006 -0.00009 -0.00035 -0.00004 0.28941 0.00417 0.00113 -0.00004 -0.00168 -0.00003 -0.00152
0.00750 -0.00002 -0.00078 0.00000 -0.00009 0.00057 0.00061 0.00602 -0.00369 -0.00004 -0.00261 0.00002 -0.00017 0.00000 0.00162 -0.00157 0.00864 -0.00450 0.00020 0.00328 0.00441 -0.00036 -0.00666 0.00192 0.00312 -0.00154 0.00033 -0.00038 -0.00000 -0.00001
-0.00039 0.00007 -0.00009 -0.00370 0.00000 0.33410 0.00037 0.00143 -0.00022 -0.00357 -0.00203 0.01317 0.00193 0.00067 0.00093 0.00194 -0.00002 -0.00086 0.00011 0.00212 -0.00047 -0.00004 -0.00120 0.00091 2.11411 0.00094 -0.00000 -0.00242 -0.00025 0.00337
-0.00609 0.00077 -0.00152 0.00200 -0.00000 0.00000 -0.00009 0.00087 0.00631 -0.00054 -0.00001 -0.00160 -0.00012 0.00000 -0.00107 -0.00004 -0.00012 -0.00001 0.00004 0.00155 -0.00114 -0.00036 -0.00001 -0.00339 0.00004 0.00272 -0.00237 -0.00001 -0.00015 0.00563
-0.00006 -0.00273 0.00056 0.01600 -0.00043 0.00648 0.00000 -0.00024 0.00685 0.00000 -0.00041 -0.07682 0.00393 -0.00000 -0.00029 -0.00021 -0.00001 -0.00001 -0.00000 0.00000 -0.00003 -0.00101 0.00026 0.01191 -0.00419 -0.07242 -0.00000 -0.00000 0.00004 0.00015
0.00003 -0.00000 0.00001 -0.00003 0.00031 -0.00001 -0.00056 0.00000 0.00002 -0.00068 -0.00468 -0.00222 -0.00224 0.00052 -0.00105 -0.00188 -0.00014 0.00021 0.00000 0.00121 -0.00186 -0.00002 0.00022 0.00315 -0.00196 -0.00031 -0.00211 -0.00191 0.00052 0.00501
-0.00011 -0.00005 -0.41536 0.00023 0.01634 -0.00017 -0.00001 0.00296 0.00000 -0.00027 -0.43801 0.02980 -0.00500 0.00002 -0.00005 -0.00021 -0.21535 -0.00498 0.00322 0.00211 -0.00027 0.01515 -0.00020 -0.30773 0.01263 -0.01483 -0.00547 0.00000 -0.00009 -0.00013
-0.00000 -0.00000 -0.00237 0.00480 0.00022 -0.00173 0.02565 -0.00031 0.00108 0.00000 -0.00331 -0.00088 -0.00009 -0.00003 -0.00002 -0.00148 -0.00028 -0.00001 0.00009 -0.00062 0.00016 -0.00873 -0.00052 0.01192 -0.00842 0.00004 -0.00009 -0.00117 -0.00010 -0.00026
-0.00001 -0.00242 0.00242 -0.00000 -0.00087 0.00192 -0.00012 -0.00002 -0.00000 -0.00001 0.00000 0.00001 0.00006 0.00000 -0.00016 -0.00009 0.00000 0.00661 -0.00111 -0.00004 -0.00000 0.00001 -0.00000 -0.00575 0.01943 0.00221 -0.00221 -0.00013 0.00000 -0.00003
-0.00304 -0.00003 -0.00176 -0.05262 -0.00005 -0.00067 0.00000 -0.00019 0.00004 -0.00027 0.01313 0.00000 0.00000 0.00007 0.00016 -0.00032 -0.00240 -0.00306 0.00021 -0.00005 -0.00183 -0.00059 0.00341 0.00041 -0.00067 -0.00000 -0.00009 -0.00001 0.00188 -0.00005
-0.00059 -0.00001 -0.00068 -0.00105 0.00069 0.00411 0.00287 -0.00002 0.00002 -0.00016 -0.00304 0.65657 0.00000 0.00384 -0.00060 -0.00016 0.00553 -0.00010 0.00010 -0.00168 -0.00170 0.00142 -0.00225 0.00728 0.00333 -0.99372 -0.00000 0.00000 -0.00120 0.00051
0.00091 -0.00526 0.00032 0.63564 -0.00277 -0.02449 -0.78387 0.00140 0.00485 0.01228 0.02812 -0.00199 -0.00009 0.00000 -0.00308 -0.00019 0.01140 0.17219 0.00008 0.00086 -0.00253 -0.00032 -0.00085 0.00074 -0.00329 -0.00763 0.00251 0.00903 0.00004 -0.00748
-0.00000 0.00010 -0.00401 -0.00041 -0.00150 -0.00182 -0.00353 -0.00088 0.00508 0.00349 -0.00118 -0.00086 0.00007 -0.00074 0.00000 -0.00000 -0.00016 0.00001 -0.00068 0.00396 -0.00612 -0.00092 -0.00000 -0.00322 -0.00029 0.00145 0.00460 -0.00022 -0.00000 -0.00488
-0.00012 -0.00237 -0.00161 0.00000 -0.00070 0.00734 -0.00272 -0.00019 0.00173 -0.00004 0.00438 -0.00238 0.00122 0.00231 0.65576 -0.00000 -0.00029 -0.00043 -0.00162 0.00073 -0.00125 -0.00601 -0.00000 -0.01315 -0.02952 -0.00040 -0.01519 -0.00084 -0.00001 0.00029
-0.00099 -0.00000 -0.00466 0.00001 -0.00791 -0.00110 -0.00092 -0.00147 0.00000 -0.00136 0.00950 -0.00021 0.00026 0.00000 -0.00218 -0.00080 0.00000 0.00078 0.00194 0.00077 0.00552 -0.00189 0.00170 -0.00247 0.01450 0.00001 -0.00099 -0.00574 0.00073 -0.00148
-0.00003 0.00066 -0.00136 -0.00002 -0.00282 0.00496 0.00229 -0.00061 -0.00000 -0.04130 -0.00001 -0.00004 -0.00013 0.00006 0.00835 -0.00027 -0.00018 0.00000 -0.00000 0.00001 -0.00003 -0.00018 -0.00004 -0.00080 -0.01305 0.00002 -0.00001 0.00404 -0.00002 -0.00017
-0.00268 -0.00000 -0.00747 0.00417 -0.01510 -0.01784 -0.00066 -0.00730 -0.00000 0.00943 -0.00119 -0.00321 0.00411 -0.00128 0.00512 -0.00049 -0.00014 -0.80135 0.00000 -0.00067 -0.00004 0.01312 -0.00001 -0.00205 -0.87604 0.00209 0.01282 0.00064 -0.00003 -0.00107
0.00520 -0.00289 -0.00250 0.00255 0.00492 -0.00060 -0.02635 0.00250 -0.00002 0.00515 -0.00059 -0.00376 -0.00035 0.00820 -0.00007 -0.00016 -0.00027 0.16674 0.00111 0.00000 -0.00784 -0.00040 -0.00448 -0.00092 -0.01994 0.00464 -0.00124 -0.00139 -0.00003 -0.00002
0.00001 -0.00015 -0.00125 -0.00001 0.00025 -0.00215 0.00473 -0.00006 0.00301 -0.00185 0.70463 -0.00005 -0.00008 0.00001 0.00000 -0.00075 -0.00001 0.00017 0.00384 -0.00000 0.00000 -0.00008 0.00000 -0.00000 -0.00609 0.00030 -0.00142 -0.00442 -0.00003 -0.00327
-0.00409 0.00306 -0.00290 -0.00395 0.01020 -0.00697 -0.01153 0.01530 -0.00022 -0.00020 -0.28017 -0.00268 -0.00020 0.00435 -0.00003 0.00075 -0.00012 -0.00330 0.00002 0.00354 0.00489 -0.00000 -0.00025 0.14449 1.56813 -0.01090 -0.00000 0.00058 -0.00009 -0.00167
0.00297 0.00014 -0.00229 -0.00002 0.01261 0.02262 0.00566 -0.00458 0.00243 -0.00160 0.78380 -0.00007 -0.00016 0.00002 -0.00196 0.20517 -0.00002 0.00279 0.00041 -0.00003 -0.69266 0.00944 0.00000 0.00051 -0.00263 0.00016 0.00282 -0.00075 -0.00127 0.00270
-0.00016 -0.00002 -0.00000 -0.00316 -0.00059 -0.00064 0.00013 0.00108 -0.00001 -0.00005 0.00012 0.00209 0.00000 -0.00033 -0.00002 -0.00000 0.00206 -0.00023 0.00033 0.00089 -0.00009 -0.00000 -0.00011 0.00000 0.00144 0.00000 -0.00156 0.00023 -0.00001 -0.00000
0.00000 0.00044 -0.00004 0.00216 0.00000 0.06764 0.00015 -0.00288 -0.00033 -0.00015 -0.00001 0.00014 -0.00120 -0.00023 0.00290 0.00023 -0.00001 -0.00092 0.00000 -0.00079 0.00003 0.00000 -0.00003 0.00012 -0.00000 0.00001 -0.00000 0.00023 -0.00008 0.00150
0.00001 -0.00002 -0.00796 0.00044 -0.00050 0.00009 -0.00005 -0.00183 0.00039 -0.00207 0.00014 -0.06721 -0.00000 -0.00030 0.00001 -0.00008 -0.00839 -0.00260 0.00001 0.00021 -0.00008 -0.00001 -0.00065 0.25938 -0.01361 0.00000 -0.00001 0.00000 -0.00026 0.00057
0.00562 -0.00563 -0.00256 -0.00083 -0.00872 -0.00027 0.01501 0.00290 -0.00002 -0.00255 -0.00017 0.00225 -0.00430 0.00003 0.00025 -0.00001 0.00040 -0.00673 -0.00001 -0.00037 -0.00025 -0.00846 -0.00070 0.00006 -0.00523 -0.00009 0.00000 -0.00180 -0.00036 -0.01123
0.00237 0.00044 0.00024 -0.01184 -0.00091 0.01467 2.34442 -0.00018 -0.00606 -0.00023 0.00605 -0.05154 -0.21629 0.00037 -0.00669 -0.00152 -0.00005 -0.00001 0.00026 0.00010 -0.00003 -0.00139 0.00148 0.01098 0.00888 -0.00566 -0.00056 0.00000 0.00131 0.00401
-0.00003 -0.00000 -0.00231 -0.00489 -0.00188 0.00794 0.00757 -0.00003 -0.00373 -0.00258 -0.01284 -0.00016 -0.00058 -0.00143 -0.01442 -0.00661 -0.00027 -0.00317 0.00430 0.00456 -0.00253 -0.00182 0.00192 -0.00339 -0.00392 -0.00092 -0.00127 -0.00078 -0.00000 -0.00002
-0.00007 -0.00610 -0.00010 -0.01326 -0.00191 -0.00003 -0.00111 -0.00002 -0.00228 -0.00148 -0.00591 0.00164 -0.00161 0.00000 -0.00005 -0.00025 -0.00020 0.00189 0.00050 0.00574 -0.00007 -0.00017 -0.00016 -0.01698 0.00149 -0.00032 -0.00000 0.00015 0.01104 0.00000
