0.00000 -0.00000 0.00000 0.00000 -1.67361 0.00414 -0.00001 0.00000 -0.00000 -0.00000 -0.00000 -0.00000 0.00000 -0.00643 0.00000 0.00000 0.00065 -0.00000 -0.13160 0.00000
-0.00001 -0.00000 -0.00781 0.00055 0.00000 0.00000 0.00000 0.00000 0.00032 -0.00000 -0.00047 1.01699 0.00000 0.00000 -0.00000 0.00000 -0.00000 -0.00000 -0.00000 -0.08119
-0.01739 -0.00000 0.00000 -0.39317 0.00187 -0.00002 -0.00000 0.00000 -0.79081 -0.00000 -0.26594 -0.00000 0.00000 -0.00000 0.00000 -0.00000 0.00000 0.00000 0.00055 0.00000
1.39548 -0.00000 0.00000 -0.00000 -0.04382 0.00013 -0.00002 -0.00000 0.00000 -0.00000 0.00000 0.00000 0.00000 -0.00113 0.00000 -0.00000 -0.00009 0.00000 -0.01239 -0.00000
0.00000 0.00000 -0.00000 0.00000 -0.00000 -0.02723 0.00020 -0.00000 0.00000 -0.00000 -0.00000 0.00000 -0.00002 0.05624 0.00000 -0.00000 -0.00380 -0.00000 1.21782 -0.00000
0.00000 -0.00038 0.00000 0.00000 -0.00000 0.00000 -0.18135 -0.00000 0.00000 -0.00000 -0.00000 -0.00014 0.00565 0.00000 0.00000 0.00000 0.70595 -0.00000 -0.00000 0.00000
0.00000 0.05638 -0.00002 0.00000 -0.00000 0.00000 0.00000 -0.00000 0.00000 0.00000 0.00000 0.00396 -0.91873 0.00000 -0.00000 0.00000 -0.00000 -0.00000 -0.00000 -0.00018
-0.00127 -0.14337 -0.14659 -0.71752 0.00056 0.08508 -0.00130 0.00000 -0.47781 -0.00000 -0.43925 -0.11564 0.18103 -0.04134 -0.95520 0.00000 -0.49459 -0.00000 -0.27938 -0.07071
0.77448 0.00000 -0.00000 2.82449 -0.02485 0.00020 0.00000 0.00000 0.00000 -0.00000 1.94675 0.00000 -0.00000 -0.00045 -0.00000 0.00000 -0.00004 -0.00000 -0.00277 -0.00000
-0.04777 0.32190 -0.67888 -0.30778 0.00003 0.06596 -0.03067 0.10796 -0.05006 -0.00000 -0.15359 -1.00718 -0.51366 -0.00004 0.13979 0.31809 -0.17276 -0.04496 -0.16900 -0.16128
0.27852 0.00000 -0.00000 -1.53428 -0.05461 -0.00140 0.00002 0.00000 0.00000 0.00000 0.00000 0.00000 -0.00000 0.00057 -0.00000 0.00000 0.00001 -0.00000 -0.00025 -0.00000
0.00079 0.00000 -0.10579 0.00317 0.00001 0.00000 0.00000 0.00000 0.00592 -0.00000 -0.01165 0.00000 -0.00000 0.00000 0.00000 0.00000 -0.00000 -0.00000 -0.00000 -1.05897
-0.00000 -1.02802 0.00058 -0.00001 -0.00000 0.00000 -0.00000 -0.00000 -0.00001 -0.00000 -0.00004 -0.06802 0.00000 -0.00000 0.00000 0.00000 0.00000 0.00000 -0.00000 0.00479
0.00000 0.00019 -0.00000 0.00000 -0.00000 0.08345 0.06374 -0.00000 0.00000 0.00000 -0.00000 0.00002 -0.00404 0.00000 -0.00000 -0.00000 -0.98961 0.00000 -0.00000 -0.00000
0.41108 0.02586 -0.00457 -0.07036 0.48288 0.06548 -0.19527 -0.00000 0.35548 -0.00000 0.02155 -0.18393 -0.23041 -0.20500 0.00000 -0.00000 0.00082 0.00000 -0.29431 0.16774
0.06181 0.01824 -0.51052 0.11109 0.10863 0.06698 0.29952 0.16385 -0.01892 0.00000 0.10877 -0.19235 0.20373 -0.37244 -0.48445 0.00000 0.17729 -0.00000 -0.55868 0.06694
-0.00000 -0.00402 0.00000 -0.00000 -0.00000 -0.00000 -1.10823 0.00000 -0.00000 -0.00000 -0.00000 -0.00029 0.06636 -0.00000 -0.00000 0.00000 0.00000 0.00000 -0.00000 0.00002
0.04430 0.00051 -0.53216 -0.09796 0.00037 0.02440 -0.03017 0.04241 -0.04606 -0.00000 -0.04349 -0.34493 -0.09976 -0.97114 0.19663 -1.72609 -0.34508 0.00000 -0.69280 -0.00165
0.00000 0.00002 -0.00000 0.00000 -0.00000 -0.14689 0.00359 -0.00000 0.00000 0.00000 -0.00000 0.00000 -0.00008 0.83398 -0.00000 0.00000 -0.04597 -0.00000 -0.00000 -0.00000
-0.00211 -0.00000 1.23172 -0.02956 0.00047 -0.00000 -0.00000 -0.00000 -0.07613 -0.00000 0.07948 -0.00000 0.00000 -0.00000 0.00000 -0.00000 0.00000 0.00000 -0.00009 0.00000
