-0.00012 -0.00065 0.00001 -0.00006 -0.64896 -0.00036 0.00167 -0.00252 -0.00083 -0.00001
0.00050 0.00011 0.00755 -0.00000 -0.00043 0.00004 -0.00000 -0.00015 2.20669 0.00409
0.00289 -0.00000 0.00011 -0.00210 0.00016 0.00004 -0.00051 -0.00085 -0.00003 1.80650
1.52322 -0.00006 -0.00001 0.00010 0.00174 -0.00002 0.00032 -0.00242 -0.00003 -0.00004
0.00004 -0.00032 0.00006 0.00001 0.00051 0.00260 0.00201 1.45965 0.00088 -0.00011
0.00013 -0.67711 -0.00128 0.00060 0.00004 0.00010 0.00042 -0.00000 -0.00739 -0.00042
0.00016 -0.00233 -0.00019 0.00031 0.00001 -1.38630 0.00012 0.00004 0.00345 -0.00065
0.00001 -0.00093 0.00099 -0.00002 -0.00007 -0.00170 -0.66444 0.00011 -0.00065 0.00006
0.00038 0.00000 0.49404 0.00082 0.00100 0.00001 0.00002 -0.00117 0.00060 -0.00224
0.00000 -0.00002 0.00007 0.66128 -0.00178 0.00019 -0.00103 -0.00022 0.00000 -0.00011
