0.00408 -0.00323 0.01527 0.00254 0.00069 -0.00186 -1.40175 -0.21248 -0.00261 0.00025
2.24753 0.00168 0.00196 -0.00014 -0.00014 0.00136 0.05256 0.00362 -0.00014 0.00119
0.00478 0.00630 0.00051 1.25196 -0.08988 -0.06977 0.00016 -0.00435 -0.00403 -0.00031
0.05776 -0.01157 -0.00090 -0.00099 -1.45430 -2.68990 -0.00225 -0.00019 -0.00839 0.06521
0.18242 -0.04287 -0.00055 0.00014 -0.00042 14.16778 0.00464 0.00059 -0.00344 0.05605
-0.01128 -0.00927 0.00031 0.00042 0.00002 0.00014 0.00207 -0.00027 0.76318 -0.05729
0.00483 0.00027 -0.16546 -0.01414 0.00316 0.01174 0.00044 1.15756 -0.00267 0.00073
-0.00925 0.00255 -1.39890 -0.13835 0.01292 -0.00048 0.00120 0.00032 -0.00137 -0.00140
0.03205 -0.25260 -0.00084 -0.00076 0.00011 0.00951 0.00842 -0.00097 -0.00219 -1.35024
1.37899 2.66403 -0.00171 0.00226 0.00058 -0.00191 0.02879 0.00010 -0.00139 -0.00094
