0.00000 -0.00000 0.00000 -0.00001 -0.00000 -0.00001 -0.00002 -0.00002 0.00005 0.00001
-0.03254 0.00000 -0.01385 -0.00082 -0.14785 -0.08442 -0.00036 -0.01198 1.14022 0.27494
-0.23954 0.00003 0.00000 -0.02616 0.97523 -0.10073 -0.00013 0.09493 -0.88805 0.24844
-0.60528 -0.00892 0.00003 0.00000 -0.42724 -0.41556 -0.02692 -0.08146 0.09185 -0.86481
0.56516 0.00000 0.00000 -0.00000 -0.00000 1.73892 -0.00002 1.38040 -0.07972 -0.00000
-0.09122 0.00000 0.00001 0.00000 0.00000 0.00000 -0.00001 0.21719 -0.04459 -0.00000
-0.10247 -0.01829 -0.01278 -0.00017 -0.17567 -0.10255 -0.00000 -0.03549 0.06022 0.30883
-0.26904 0.00000 0.00001 0.00001 0.00000 0.00001 -0.00001 0.00000 -0.45278 -0.00000
-0.09704 0.00000 -0.00001 -0.00006 -0.00003 -0.00016 -0.00007 -0.00001 0.00000 0.00002
0.85034 -0.00000 0.00001 -0.00000 -0.24785 -1.05968 -0.00001 -1.59155 0.14443 0.00000
