-0.00000 0.00000 -0.00000 -0.06786 0.00000 0.00000 -0.00000 -0.00000 0.00000 0.00137 -0.00003 -0.00000 0.00000 -0.00000 -0.00000 -0.00000 -0.00000 -0.00000 1.30787 0.00000 -0.00000 -0.00000 -0.00000 0.00000 -0.00000 0.00570 0.01577 -0.00000 0.00000 -0.00513 0.00000 0.00000 0.10014 0.00000 -0.00000 0.00000 0.00000 0.00000 0.00000 -0.08233 0.00000 -0.00037 0.00000 -0.00000 0.00000 0.00000 0.00000 0.00000 -0.00000 -0.00000
0.00550 0.00000 0.00006 -0.02293 -0.00032 -0.00000 -0.00000 -0.00000 0.00000 0.00029 -0.00000 0.00054 0.00000 0.00000 0.00000 -0.00000 0.00000 0.00000 0.00625 0.00000 -0.00000 -0.06537 -0.02030 -0.00001 -0.00079 0.00206 0.00901 -0.00000 -0.00000 -0.00334 -0.00000 0.00005 0.01263 -0.00000 -0.00000 0.00000 0.00000 0.00002 0.04757 -0.02146 -0.00000 -0.00014 0.00000 -0.00000 -0.00000 0.00010 0.00000 -0.00000 -0.00000 0.00000
-0.00000 0.00020 -0.00000 0.00032 0.00000 -0.00003 -0.00003 0.00035 0.00000 -0.00009 -0.00000 -0.00000 -0.00000 -0.00034 -0.00010 0.00000 0.00010 -0.00021 0.00000 0.00021 -0.00000 -0.00000 0.00000 0.00000 0.00000 0.00007 0.00000 -0.01489 -0.00000 0.00017 0.00000 -0.00000 -0.00005 0.00003 0.00005 0.00000 0.00000 0.00000 -0.00004 0.00001 -0.00051 0.00000 0.00026 -0.00017 0.00000 0.00000 0.00000 -0.00000 -0.00000 -0.00000
0.00000 -0.00000 0.00000 0.00000 -0.00000 -0.00000 -0.00000 -0.00000 0.00000 -0.28095 -0.00000 -0.00000 0.00000 -0.00000 0.00000 0.00000 0.00000 -0.00000 0.00000 -0.00000 -0.00000 0.00000 -0.00000 0.00000 0.00000 -0.03394 -0.97475 0.00001 -0.00005 0.29312 0.00000 0.00000 -0.00000 -0.00000 -0.00000 -0.00114 0.00000 -0.00703 -0.00000 0.00000 0.00002 0.03402 0.00029 0.00000 -0.00000 -0.00000 -0.00017 -0.00000 -0.00000 -0.00000
0.00000 0.00000 -0.00000 0.00000 -0.00000 0.00000 -0.00030 -0.00015 -0.00000 0.00001 -0.00000 0.00000 0.00000 0.00026 -0.00000 0.00000 0.00000 0.00015 -0.00000 0.00044 -0.00000 -0.00035 0.00000 -0.00000 -0.00000 -0.00004 -0.00000 0.00000 -0.00000 -0.00000 -0.00001 -0.00000 0.00000 0.00000 -0.00004 -0.00000 0.00000 0.00007 0.00040 0.00000 0.00001 -0.00000 -0.00000 0.00011 0.00014 0.00000 0.00000 -0.00000 -0.00000 0.00000
-0.00001 -0.00025 -0.00000 0.00099 0.00000 -0.00000 0.00020 0.00084 -0.00000 -0.00080 0.00000 -0.00000 0.10508 -0.04257 0.00000 0.00001 0.00000 0.00006 0.00000 -0.00156 -0.00000 0.00076 0.00012 0.00000 0.00000 -0.00000 -0.00017 0.09928 -0.00000 0.00080 -0.00000 -0.00000 -0.00083 0.00000 0.00081 0.02687 -0.00000 -0.00060 -0.00077 -0.00000 -0.00009 0.00057 0.00087 0.00000 -0.00000 0.00000 -0.00000 0.25765 -0.00000 0.00000
-0.05521 0.02446 0.00024 0.00032 0.00000 -0.00000 0.00000 0.00000 0.00014 -0.00000 0.00000 0.00000 0.00000 -0.00000 1.57146 -0.00007 0.00000 0.00441 -0.01326 -0.22697 0.00000 0.05802 0.00386 -0.00000 -0.00007 -0.00000 -0.00000 0.00000 -0.00000 0.00000 0.00000 -0.00000 -0.00047 0.00000 0.15287 -0.00000 -0.00000 -0.00000 -0.01581 0.00024 0.00000 0.00000 -0.00000 0.00000 0.00000 -0.00002 -0.00000 -0.00000 0.00000 0.00000
-0.00494 0.00038 -0.00000 0.00000 -0.00001 -0.00000 0.89884 0.00000 0.00003 -0.00000 0.00004 -0.00000 0.00000 -0.00000 0.44116 0.00000 0.00023 0.00457 -0.00131 -0.29265 0.00068 0.00680 0.00068 0.00000 0.00024 -0.00000 -0.00000 -0.00000 0.00000 0.00000 0.00024 -0.00003 -0.00011 -0.00000 0.09942 -0.00000 -0.03133 -0.00000 -0.00215 0.00000 -0.00000 0.00000 -0.00000 0.00000 -0.00003 0.00006 -0.00000 -0.00000 0.00000 0.00000
0.00011 -0.00000 -0.00000 0.00041 -0.00000 0.00000 -0.00000 -0.00000 -0.00000 -0.00004 0.00000 0.00001 0.00012 0.00003 -0.00005 0.00000 0.00004 0.00000 0.00006 -0.00023 0.00000 0.00061 -0.00000 -0.00003 0.00000 -0.00000 -0.00016 -0.00017 -0.00006 0.00030 -0.00000 0.00000 -0.00006 0.00000 0.00000 -0.00000 0.00006 0.00014 -0.00020 -0.00014 -0.00000 -0.00017 -0.00000 0.00014 0.00002 -0.00002 0.00000 0.00000 0.00000 -0.00002
0.00000 -0.00000 0.00000 -0.00000 -0.00000 -0.00003 -0.00002 -0.00034 0.00000 0.00000 0.00000 0.00000 -0.00006 0.00394 -0.00000 -0.00017 0.00009 -0.00000 0.00000 0.00004 0.00000 -0.00000 -0.00000 -0.00000 -0.00000 0.00000 0.00000 0.00687 0.00005 -0.00000 0.00000 0.00018 0.00000 -0.00000 -0.00000 0.12903 0.00008 0.25582 0.00000 -0.00000 0.00556 -0.48134 -0.05701 0.00000 0.00000 0.00000 0.02900 0.00002 0.00015 -0.00000
0.00000 -0.00000 0.00000 -0.00003 -0.00001 -0.00000 -0.00000 -0.00023 -0.00000 0.00000 0.00000 -0.00007 -0.00004 0.00021 0.00010 -0.00000 0.00000 0.00000 0.00000 0.00012 -0.00000 -0.00016 -0.00020 -0.00000 -0.00016 0.00000 -0.00000 0.00000 0.00005 -0.00011 0.00000 0.00000 -0.00000 -0.00000 -0.00036 0.00012 0.00000 -0.00000 0.00023 -0.00000 0.00000 -0.00000 -0.00000 -0.00009 0.00000 -0.00000 0.00000 0.00008 -0.00000 -0.00007
-0.00009 0.00000 0.00000 0.00043 -0.00006 0.00037 -0.00003 0.00007 0.00008 -0.00020 0.00000 0.00000 -0.00000 -0.00118 0.00000 -0.00006 -0.00006 -0.00036 -0.00000 0.00000 0.00007 -0.00000 0.00000 -0.00000 -0.00000 0.00000 -0.00000 0.00038 0.00003 0.00008 0.00005 0.00000 -0.00027 0.00000 0.00010 0.00014 0.00000 0.00000 -0.00018 0.00004 0.00000 0.00019 -0.00003 0.00000 -0.00000 0.00000 0.00000 0.03657 0.46392 -0.00000
-0.00035 -0.00028 0.01460 0.00020 -0.00000 -0.00000 0.00006 0.02349 -0.00000 -0.00010 -0.00004 0.00000 0.00000 -0.16333 -0.00002 0.00010 0.00000 0.00023 -0.00000 -0.00000 0.00000 -0.00000 0.00003 -0.00000 0.00023 -0.00000 -0.00020 0.10568 -0.00000 0.00030 0.00028 -0.00005 -0.00000 0.00000 0.00000 0.14480 -0.00008 0.00000 -0.00000 -0.00006 0.00742 0.00259 0.03421 0.00028 -0.00000 -0.00012 0.03012 -0.00000 -0.21042 0.00000
0.00075 -0.00019 0.00000 -0.00000 -0.00033 0.00000 -0.18520 -1.42104 -0.00008 0.00000 -0.00000 0.00000 -0.00000 0.00000 -0.10436 0.00003 0.00000 -0.00092 0.00018 0.10273 -0.00000 -0.00104 -0.00000 0.00000 -0.00007 0.00000 0.00000 0.00000 -0.00001 -0.00000 -0.00027 -0.00000 0.00000 -0.00000 -0.02952 0.00000 0.00077 0.00000 0.00048 -0.00000 0.00000 -0.00000 -0.00000 -0.00000 -0.00001 -0.00000 0.00000 0.00000 -0.00000 -0.00000
-0.14568 -0.05509 0.00027 0.00102 -0.00000 0.00000 0.00000 0.00000 -0.00013 -0.00000 0.00034 0.00000 0.00000 -0.00000 0.00000 0.00798 0.00000 0.02654 -0.06048 -0.00000 0.00000 0.22307 0.02881 -0.00000 0.00107 -0.00000 -0.00018 -0.00000 -0.00000 0.00000 0.00000 -0.00006 -0.00310 0.00000 0.00000 -0.00000 -0.00000 -0.00000 -0.09952 0.00197 -0.00000 0.00000 -0.00000 0.00363 -0.00013 -0.00000 -0.00000 0.00000 0.00000 0.00000
-0.00001 -0.03581 0.00000 0.00012 -0.00000 0.00000 0.00000 -0.00000 0.00000 -0.00005 -0.00000 -0.00004 0.00000 -0.00000 0.00000 -0.00000 -0.00000 0.28387 0.00000 0.00000 -0.00000 0.00050 0.00020 0.00000 0.00000 0.00000 -0.00000 0.00000 0.00008 0.00000 -0.00001 0.00000 -0.00000 -0.00000 -0.00000 0.00000 0.00000 -0.00000 -0.00043 0.00021 0.00004 0.00000 -0.00000 0.04070 -0.00000 0.00000 -0.00004 0.00028 -0.00000 0.00000
0.00055 -0.00002 0.00000 -0.00047 -0.00000 0.00000 0.13059 0.00003 -0.00000 0.00011 -0.00000 -0.00000 0.00000 -0.00004 -0.65508 0.00000 0.00000 -0.00021 0.00029 0.00624 0.00000 -0.02330 0.00000 0.00004 0.00195 0.00011 0.00074 -0.00000 -0.00000 -0.00003 0.00000 0.00000 0.00043 0.00001 0.00000 -0.00005 -0.00000 -0.00000 0.00004 -0.00022 0.00000 -0.00031 0.00005 -0.00000 0.00000 -0.00000 -0.00001 0.00003 0.00000 0.00000
-0.00055 -0.87398 -0.00000 -0.00000 0.00000 0.00002 -0.00000 -0.00000 0.00015 -0.00000 -0.00000 -0.00000 0.00000 0.00000 -0.00000 -0.00000 0.00000 -0.00000 -0.00010 0.00000 -0.00000 0.00068 -0.00000 0.00001 0.00012 0.00008 -0.00000 0.00000 0.00000 0.00075 -0.00000 0.00000 -0.00000 -0.00000 0.00000 -0.00001 -0.00000 -0.00012 -0.00005 -0.00000 -0.00004 -0.00000 -0.00000 0.58861 0.00000 -0.00006 0.00000 0.00000 -0.00005 -0.00000
-0.00000 0.00000 -0.00000 -0.19973 0.00011 0.00020 -0.00000 -0.00000 -0.00006 0.00740 -0.00004 0.00060 -0.00000 0.00000 -0.00000 -0.00031 -0.00000 -0.00000 0.00000 0.00000 0.00000 -0.00000 -0.00000 0.00016 -0.00186 0.03786 0.08018 -0.00000 0.00000 -0.02962 -0.00004 0.00007 0.14391 -0.00033 -0.00000 0.00000 0.00000 0.00031 0.00000 -0.39073 -0.00000 -0.00247 0.00000 -0.00022 0.00020 0.00011 0.00000 0.00000 -0.00003 -0.00000
-0.00023 -0.00000 -0.00000 0.00000 0.00000 0.00000 -0.00000 -0.00000 0.00000 0.00000 0.00000 0.00000 -0.00000 0.00000 -0.00124 -0.00000 0.00000 -0.00005 -0.00017 0.00000 -0.00000 -0.18526 -0.00539 0.00000 -0.00004 0.00000 0.00000 0.00000 0.00000 -0.00000 0.00000 0.00000 0.00014 -0.00000 -1.47148 0.00000 0.00000 0.00000 0.04096 -0.00024 0.00000 -0.00000 0.00000 -0.00000 -0.00000 -0.00000 0.00000 -0.00000 0.00000 0.00000
0.00003 0.00000 0.00000 0.00140 -0.00000 -0.00026 0.12436 0.00000 0.00000 0.00006 -0.00000 0.00000 -0.00000 0.00007 -0.00011 0.00000 -0.00000 -0.00005 0.00004 -0.00107 -0.00000 0.00062 0.00000 0.00000 -0.26311 0.00000 0.00000 -0.00017 -0.00000 -0.00000 0.00000 -0.00000 -0.00000 0.00002 -0.00017 0.00000 0.00000 -0.00000 -0.00048 0.00000 -0.00000 -0.00000 0.00000 -0.00000 -0.00000 0.00000 -0.00000 0.00000 0.00000 0.00009
-0.08964 -0.00000 0.00000 0.01790 0.00000 0.00000 0.00000 0.00000 0.00000 0.00001 -0.00000 -0.00000 0.00000 -0.00000 0.00000 -0.00000 0.00000 0.00000 -0.09459 -0.00000 0.00000 0.00000 0.20842 0.00000 0.13295 -0.00146 -0.00388 -0.00000 -0.00000 0.00079 -0.00000 -0.00000 -0.06821 0.00000 0.00000 -0.00000 0.00000 -0.00000 -1.63193 0.02642 -0.00000 0.00000 0.00000 0.00000 0.00017 -0.00000 -0.00000 0.00000 -0.00000 -0.00000
-0.11183 0.00000 -0.00033 0.14826 -0.00011 0.00000 0.00000 0.00000 -0.00039 -0.00153 -0.00001 -0.00010 0.00000 -0.00000 0.00000 -0.00000 -0.00000 -0.00000 -0.06638 -0.00000 0.00000 0.00000 0.00000 -0.00000 0.14884 -0.08562 -0.06159 -0.00000 0.00007 0.02419 -0.00000 0.00000 -0.12116 0.00000 0.00000 -0.00000 -0.00000 -0.00021 -0.00000 0.61207 -0.00000 0.00060 -0.00000 -0.00000 0.00019 0.00000 -0.00000 0.00000 -0.00001 -0.00000
-0.00009 -0.00000 -0.00000 0.00010 -0.00000 -0.00000 0.00011 0.00011 -0.00000 0.00011 0.00000 -0.25982 0.00000 0.00036 -0.00000 0.00009 0.00000 0.00006 0.00000 -0.00032 -0.00000 0.00050 0.00032 -0.00000 -0.00000 -0.00000 -0.00000 -0.00014 -0.00000 0.00004 -0.00000 0.00004 -0.00022 -0.00000 0.00042 0.00000 0.00000 -0.00000 -0.00052 -0.00000 0.00000 -0.00037 -0.00000 0.00000 0.00000 -0.00000 -0.00003 0.00000 -0.00512 0.00000
-0.00000 -0.00000 0.00001 0.08175 0.00000 0.00019 0.00000 0.00000 -0.00000 -0.00000 -0.00035 0.00000 0.00033 -0.00000 0.00000 0.00010 0.00000 0.00000 -0.00000 -0.00000 0.00000 -0.00000 0.00000 0.00000 0.00000 -0.07576 -0.03747 -0.00000 0.00009 0.03459 0.00000 -0.00000 0.00000 0.00000 0.00000 -0.00047 -0.00000 -0.00198 -0.00000 0.00000 -0.00000 0.00628 0.00000 0.00000 0.00000 -0.00001 -0.00011 0.00014 -0.00017 -0.00000
-0.00000 0.00000 0.00109 -0.00000 0.00013 0.00037 -0.00000 -0.00000 0.00034 0.20817 0.00000 0.00047 -0.00012 0.00017 -0.00000 -0.00009 0.00000 -0.00000 -0.00000 0.00000 -0.00000 -0.00000 -0.00000 -0.00018 -0.00000 0.00000 0.00000 0.00032 0.00000 -0.00000 -0.00000 -0.00020 0.00000 -0.00103 -0.00000 0.01712 -0.00000 0.07357 0.00000 -0.00000 0.00017 -0.24383 -0.00326 0.00005 -0.00005 -0.00000 0.00291 0.00065 0.00033 0.00000
-0.00000 0.00000 0.00000 -0.00000 -0.00000 0.00000 -0.00000 -0.00000 -0.00000 0.26976 0.00000 -0.00000 0.00000 0.00016 -0.00000 0.00003 0.00000 -0.00000 0.00000 0.00000 0.00000 -0.00000 0.00000 0.00000 0.00000 1.50659 0.00000 0.00092 0.00000 -0.26935 0.00000 -0.00001 0.00000 0.00000 -0.00000 0.01051 -0.00000 0.04426 0.00000 0.00000 0.00040 -0.10875 -0.00437 -0.00000 0.00000 -0.00000 0.00194 -0.00041 0.00000 -0.00000
0.00096 -0.00018 0.00000 -0.00000 -0.00000 -0.00000 -0.02051 -0.00027 -0.00013 0.00000 -0.00005 0.00000 0.00000 0.00018 -0.00000 0.00020 -0.00000 0.00004 0.00029 0.05449 -0.00022 -0.00709 -0.00000 -0.00010 0.00000 0.00000 -0.00000 0.00000 0.00000 -0.00000 0.00009 -0.00000 0.00012 0.00000 -0.02716 0.00000 0.00017 0.00000 0.00112 -0.00000 0.45532 -0.00000 0.00000 0.00000 -0.00008 0.00000 0.00000 0.00000 0.00000 0.00008
-0.00000 0.00000 0.00000 0.00018 0.00004 -0.00000 -0.00003 -0.00000 -0.00000 -0.00008 0.00000 -0.00000 0.00000 -0.00021 0.00000 0.00000 -0.00000 -0.00000 0.00005 -0.00001 -0.00000 -0.00000 -0.00000 0.00000 0.00000 -0.00000 0.00000 -0.00000 -0.00000 0.00000 -0.00000 0.00000 -0.00028 -0.00000 0.00000 -0.00000 -0.00000 0.00000 0.00000 -0.00000 -0.00000 0.00016 -0.00003 0.00000 0.00000 0.00000 -0.00000 -0.00000 -0.00003 0.00000
-0.00000 -0.00000 -0.00012 0.00000 0.00000 0.00000 0.00000 0.00000 0.00000 -0.27735 -0.00000 0.00000 0.00015 -0.00042 -0.00000 -0.00000 -0.00000 0.00000 -0.00000 0.00000 -0.00000 0.00000 -0.00000 -0.00000 0.00000 -0.79030 -0.00000 -0.00006 0.00000 0.00000 -0.00000 0.00000 -0.00000 -0.00000 0.00000 -0.01912 -0.00000 -0.08574 0.00000 -0.00000 -0.00065 0.42302 0.00559 -0.00000 0.00000 0.00000 -0.00246 -0.00000 0.00000 -0.00000
0.00080 -0.00000 -0.00000 -0.00086 0.00000 0.00013 0.00141 0.00009 -0.00000 -0.00000 -0.00000 0.00000 0.00000 0.00024 -0.00006 -0.00000 0.00773 -0.00009 0.00019 0.00119 0.00000 -0.00103 -0.00001 -0.00000 0.25182 0.00000 0.00121 0.00009 -0.00000 -0.00056 -0.00000 -0.00000 0.00074 0.00000 -0.00088 -0.00007 -0.11498 -0.00000 0.00061 -0.00008 0.00028 -0.00027 -0.00013 0.00000 0.00000 0.00000 0.00004 -0.00000 -0.00004 0.00000
-0.00002 -0.00000 0.00000 -0.00005 0.00001 -0.00000 -0.00004 0.00000 -0.00000 0.00016 0.00007 0.00000 -0.00011 0.00017 -0.00000 0.00007 0.00009 -0.00000 0.00000 0.00002 -0.00000 -0.00000 -0.00000 -0.00001 -0.00000 -0.00000 -0.00000 0.00003 -0.00000 -0.00000 0.00000 -0.00000 -0.00000 0.00000 0.00000 0.00000 -0.00001 0.00000 0.00018 -0.00000 0.00009 -0.00021 -0.00002 -0.00000 0.00006 -0.00000 0.00012 -0.00013 0.00004 -0.00000
0.00000 0.00000 0.00015 -0.25782 0.00000 0.00000 -0.00000 -0.00000 -0.00000 0.04502 -0.00000 -0.00000 -0.00000 0.00000 0.00000 0.00000 -0.00000 -0.00000 0.00000 0.00000 0.00000 -0.00000 0.00000 0.00005 -0.00000 0.00006 0.41819 0.00000 -0.00000 -0.12981 0.00001 0.00000 0.00000 -0.00000 -0.00000 0.00017 -0.00000 0.00305 0.00000 -0.06189 -0.00000 -0.01700 -0.00000 -0.00000 0.00000 0.00000 0.00002 0.00004 0.00000 -0.00000
0.00048 -0.00000 -0.00000 -0.00024 0.00000 0.00000 -0.00003 -0.00009 -0.00003 -0.00000 0.00000 0.00000 -0.00000 -0.00000 0.00000 -0.00000 -0.00005 0.00000 -0.00000 0.00041 0.00000 0.00000 -0.00000 -0.00000 0.00000 0.00000 -0.00007 -0.19186 0.00001 0.00001 -0.00000 -0.00000 0.00020 -0.00000 -0.00000 0.00000 0.00000 0.00000 0.00021 -0.00007 -0.01489 0.00000 -0.00000 -0.00000 -0.00000 0.00000 -0.00000 0.00001 -0.00000 -0.00000
0.00008 -0.36146 -0.00000 0.00104 0.00000 0.00000 0.00000 0.00000 0.00002 -0.00000 0.00000 -0.00000 0.00000 -0.00000 1.48676 0.00000 -0.00000 -0.00688 0.00027 -0.00000 0.00000 0.44214 0.03818 0.00000 0.01313 -0.00003 0.00000 -0.00000 0.00001 -0.00000 -0.00000 0.00000 -0.00269 0.00000 0.00000 -0.00000 -0.00000 -0.00000 -0.12609 0.00252 -0.00000 -0.00000 0.00000 0.00000 0.00000 -0.00001 -0.00000 0.00000 -0.00000 -0.00000
0.00000 -0.00003 0.00028 -0.00000 0.00019 0.00000 -0.00502 -0.02613 -0.00003 0.00000 -0.00000 0.00000 0.00000 0.09098 -0.00145 0.00000 -0.00000 0.00010 0.00000 0.00189 -0.00016 -0.00000 -0.00000 -0.00000 0.00000 0.00000 0.00000 0.08649 -0.00003 -0.00000 0.00000 -0.00000 0.00000 -0.00003 -0.00046 0.00000 0.00206 0.00000 0.00000 -0.00000 0.12125 -0.00000 -0.03730 -0.00000 -0.00008 0.00000 1.54557 0.00000 -0.00000 0.00074
-0.00028 0.00000 0.00000 0.00005 0.00000 0.00000 -0.40142 0.00000 -0.00000 -0.00000 0.00000 -0.00000 -0.00000 0.00000 0.29140 -0.00005 -0.17218 -0.00038 0.00008 -0.00015 -0.00000 -0.00005 -0.00000 -0.00007 -0.06480 -0.00000 -0.00000 0.00000 -0.00000 0.00000 -0.00000 -0.00000 -0.00040 -0.00000 0.00020 0.00000 -0.00000 0.00000 -0.00015 -0.00000 0.00000 -0.00000 0.00000 -0.00016 -0.00000 -0.00000 0.00000 -0.00000 -0.00000 0.00000
0.00000 0.00000 -0.00000 -0.00000 -0.00003 -0.00000 -0.00061 -0.00534 -0.00000 0.00000 0.00000 -0.00000 0.00000 0.03094 -0.00008 0.00000 -0.00000 -0.00002 0.00000 0.00046 -0.00000 -0.00000 -0.00000 -0.00000 -0.00000 0.00000 0.00000 -0.00000 -0.00000 -0.00000 0.00000 0.00002 0.00000 -0.00024 -0.00000 1.06296 0.00073 0.00000 0.00000 -0.00000 0.00917 -0.00000 -0.11844 -0.00000 0.00000 0.00000 0.24108 0.00000 0.00000 0.00004
0.10077 -0.00000 -0.00000 -0.06429 -0.00000 -0.00001 -0.00000 -0.00000 -0.00009 0.00034 0.00000 0.00002 -0.00000 0.00000 -0.00000 0.00000 0.00000 0.00000 0.07317 0.00000 -0.00000 -0.00000 -1.44299 0.00000 -0.07525 0.01187 0.01744 0.00000 -0.00005 -0.00418 -0.00000 -0.00000 0.12314 -0.00000 -0.00000 0.00000 0.00000 0.00000 0.00000 -0.12604 0.00000 -0.00000 -0.00000 0.00000 -0.00022 -0.00000 0.00000 -0.00000 -0.00000 0.00000
-0.00000 0.00000 0.00000 0.12198 0.00003 -0.00000 0.00000 0.00000 -0.00041 -0.01580 -0.00000 -0.00000 0.00004 -0.00000 0.00000 -0.00000 -0.00000 -0.00000 -0.00000 -0.00000 0.00008 0.00000 0.00000 0.00000 0.09298 -1.14377 -0.11687 0.00000 0.00014 0.21758 0.00039 -0.00003 0.00000 0.00020 0.00000 -0.00094 -0.00000 -0.00501 -0.00000 0.00000 0.00000 0.02232 0.00007 -0.00000 -0.00018 0.00000 -0.00007 0.00000 -0.00000 -0.00000
0.00155 -0.00000 -0.00000 -0.00000 -0.00006 0.00000 -0.06390 -0.08532 -0.00024 0.00000 -0.00000 -0.00000 0.00000 0.08862 -0.00010 0.00028 0.00002 0.00073 0.00025 0.11987 -0.00009 -0.00780 -0.00006 0.00000 0.00000 0.00000 0.00000 0.00000 0.00002 -0.00000 0.00030 0.00000 0.00015 -0.00000 -0.05850 0.00000 0.00504 0.00000 0.00157 -0.00000 0.00000 -0.00000 0.00000 -0.00000 -0.00000 0.00000 0.00000 -0.00000 -0.00000 0.00114
-0.00000 -0.00000 -0.00000 0.00000 0.00000 -0.00000 0.00008 0.00078 0.00000 -0.00000 0.00000 -0.00000 0.00000 -0.00481 0.00000 -0.00000 -0.00000 0.00000 -0.00000 -0.00000 0.00000 0.00000 0.00000 -0.00000 -0.00000 -0.00000 -0.00000 -0.00000 -0.00008 0.00000 0.00000 0.00000 -0.00000 0.00016 0.00000 -0.42148 -0.00004 -1.54904 -0.00000 0.00000 -0.00043 0.00000 0.01525 -0.00000 -0.00000 0.00000 -0.05724 0.00000 0.00000 -0.00000
-0.00000 -0.00000 -0.00000 0.00000 -0.00000 0.00000 0.00307 0.05418 0.00000 -0.00000 -0.00002 0.00000 0.00000 -0.16559 0.00000 0.00000 -0.00000 -0.00000 -0.00000 -0.03347 0.00001 0.00083 0.00000 -0.00000 -0.00006 -0.00000 -0.00000 0.00000 -0.00001 0.00000 -0.00000 0.00003 -0.00000 -0.00000 0.00545 -0.00000 -0.00074 -0.00000 -0.00000 0.00000 -0.59877 0.00000 -0.00000 0.00000 0.00000 0.00000 -0.00000 -0.00000 -0.00000 -0.00000
-0.00062 -0.27165 0.00000 -0.00035 0.00012 0.00000 0.00000 -0.00000 0.00014 0.00023 0.00001 -0.00023 0.00039 -0.00000 -0.00000 0.00000 -0.00000 0.00000 -0.00030 0.00000 -0.00006 -0.00028 -0.00002 0.00000 0.00006 0.00000 -0.00004 -0.00000 0.00000 0.00014 -0.00000 0.00000 -0.00003 -0.00002 -0.00000 0.00000 0.00000 0.00000 0.00026 -0.00000 0.00073 -0.00009 -0.00128 0.00000 0.00000 0.00000 -0.00005 0.00023 -0.00008 0.00000
0.00000 0.00000 0.00000 0.00055 0.00000 -0.00000 -0.00000 -0.00000 0.00000 -0.00017 0.00000 -0.00000 -0.00000 -0.00033 0.00000 0.00000 0.00000 -0.00000 0.00000 -0.00081 0.00000 0.00057 0.00000 0.00000 0.00000 -0.00000 -0.00030 -0.00004 0.00000 0.00011 -0.00013 -0.00000 -0.00006 0.00000 0.00036 -0.00004 -0.00000 0.00000 0.00000 0.00000 -0.00000 0.00058 -0.00000 -0.00005 -0.00000 -0.00000 -0.00000 0.00000 -0.00000 0.00011
0.00020 0.00000 -0.00000 0.00000 0.00000 0.00000 -0.00000 0.00000 0.00000 0.00000 0.00007 0.00001 0.00000 -0.00000 0.00000 -0.00000 -0.00000 -0.00003 -0.00000 -0.00011 -0.00000 0.00001 0.00000 -0.00000 -0.00003 -0.00000 -0.00000 -0.00003 0.00000 0.00000 0.00000 -0.00000 0.00000 -0.00000 0.00000 0.00000 -0.00000 0.00000 -0.00010 0.00000 -0.00000 0.00000 0.00004 -0.00000 0.00000 -0.00000 -0.00000 0.00011 -0.00000 0.00000
0.00005 -0.00047 0.01279 -0.00000 0.00000 0.00000 -0.03136 -0.15341 0.00000 0.00000 -0.00001 -0.00000 0.00000 0.57446 -0.00875 0.00000 -0.00005 -0.00036 0.00000 0.01065 -0.00039 -0.00010 -0.00000 0.00000 0.00000 0.00000 0.00000 0.08663 0.00001 -0.00000 -0.00010 -0.00007 0.00000 -0.00276 -0.00292 0.00000 0.01616 0.00000 0.00000 -0.00000 0.08935 -0.00000 -0.08853 -0.00000 0.00000 -0.00000 0.00000 0.00000 -0.00000 0.00454
0.00000 -0.00040 0.00250 0.00002 0.00000 0.00000 -0.00016 0.02845 -0.00000 -0.00067 -0.00000 0.00000 0.65000 -0.33869 -0.00003 -0.00000 0.00000 0.00029 0.00000 0.00008 -0.00009 -0.00071 0.00029 -0.00000 0.00011 0.00009 0.00000 0.09653 0.00000 0.00002 0.00024 -0.00000 -0.00000 0.00000 -0.00017 0.48154 -0.00000 0.00007 0.00032 -0.00002 0.00000 0.02261 0.02023 0.00000 0.00000 -0.00004 0.04469 -0.00000 -0.51555 -0.00000
0.00059 0.00066 -0.00323 -0.00063 0.00000 -0.00000 -0.00000 -0.02641 0.00012 0.00129 0.00000 0.00000 -0.00000 0.10026 0.00005 -0.00000 -0.00000 -0.00051 0.00000 0.00197 -0.00000 0.00000 -0.00014 -0.00000 -0.00023 0.00000 0.00000 -0.01422 -0.00001 -0.00225 -0.00000 0.00002 0.00152 -0.00009 -0.00000 -0.06654 0.00004 0.00018 -0.00013 0.00000 0.00000 -0.00314 -0.01850 -0.00021 0.00006 0.00008 -0.02257 -0.00000 0.00000 -0.00000
-0.00160 -0.00000 -0.00000 0.00180 0.00002 0.00012 0.01680 0.00166 -0.00000 -0.00080 -0.00000 0.00006 -0.00000 -0.00947 -0.91532 -0.00006 -0.00005 -0.00018 -0.00025 -0.00055 0.00000 -0.01255 -0.00019 -0.00012 0.00000 0.00000 -0.00007 0.00001 0.00000 0.00108 0.00000 -0.00000 -0.00197 0.00000 0.00149 -0.00000 -0.00000 0.00000 -0.00086 -0.00033 -0.00000 0.00013 -0.00000 0.00000 -0.00000 0.00000 -0.00000 0.00001 0.00000 -0.00000
