0.38329 -0.08834 -0.15697 -0.14684 -0.00005 -0.00004 0.10105 -0.01167 -0.00010 -0.00021 0.00220 0.00002 -0.00033 0.00001 -0.00005 0.00018 -0.03258 0.00018 -0.00022 -0.00004 -0.00024 0.00009 -0.00007 -0.03650 0.00201 -0.00473 -0.38391 -0.00007 -0.00012 -0.00022
-0.43672 -0.14194 -0.00007 -0.00002 -0.00004 -0.02216 -0.11234 0.06041 -0.00009 -0.00013 -0.03619 0.00004 -0.00014 0.00006 -0.00020 0.00010 -0.00016 0.00010 -0.00016 0.00007 -0.00269 -0.05056 -0.05832 0.00009 -0.03424 -0.00009 -0.00018 -0.00008 -0.00009 -0.00013
-0.25046 -0.00026 0.00009 0.00000 -0.42297 -0.00005 -0.29100 -0.29021 -0.00009 -0.00005 -0.13035 0.00002 -0.03029 0.00007 -0.02820 0.00011 -0.14284 -0.36593 -0.00578 -0.02155 -0.08345 -0.15955 -0.12109 0.00004 -0.08616 -0.02467 -0.06760 -0.00009 -0.04974 -0.00007
-0.08839 -0.00016 0.01796 0.00006 -0.00000 0.02016 -0.00013 -0.00003 -0.00017 0.13674 -0.03585 -0.00004 -0.00006 -0.00000 -0.01867 0.00005 -0.00011 0.00006 -0.00012 0.00000 -0.00018 -0.08483 -0.02087 -0.00741 -0.00005 -0.04169 -0.00014 -0.08107 -0.00005 -0.00011
-0.12652 -0.00032 -0.26087 -0.07105 -0.00345 -0.02931 -0.16243 -0.43825 -0.00017 -0.00910 -0.08541 0.00008 -0.00544 0.00014 -0.07755 0.00022 -0.00269 0.03022 -0.00017 -0.01310 -0.01088 -0.05326 -0.03592 -0.11277 -0.14535 -0.01397 -0.00364 -0.00568 -0.00706 -0.00009
-0.16988 -0.00033 -0.00015 -0.00004 -0.00005 -0.23015 -0.11077 -0.56364 -0.06645 -0.00012 -0.15470 -0.04948 -0.05067 0.00003 -0.00336 -0.00400 -0.02162 -0.05393 -0.03350 -0.05181 -0.08826 -0.10387 -0.14332 -0.05825 -0.07985 -0.05369 -0.08034 -0.05768 -0.00005 -0.10703
0.09479 -0.00035 -0.07105 -0.01634 -0.00009 -0.00018 -0.21174 -0.48405 -0.00014 -0.16426 0.11152 0.00008 -0.00008 0.00010 -0.00022 0.07276 -0.11694 0.07111 -0.00008 -0.14265 -0.09505 -0.07715 -0.11427 -0.05502 -0.03488 -0.00882 -0.07533 -0.10935 -0.02321 -0.00012
0.01142 -0.00032 -0.05115 -0.00135 -0.01363 -0.05250 -0.39036 0.28531 -0.33250 -0.02089 0.09929 0.00006 -0.00024 0.00005 -0.00019 0.26068 -0.00501 0.01866 -0.00017 0.00000 -0.00515 0.00005 0.00001 0.00000 0.02368 -0.00012 -0.00015 -0.00008 -0.00007 -0.00020
-0.05189 -0.00027 0.01311 0.00007 0.01169 0.14045 0.43474 0.81444 -0.00013 -0.13881 -0.40271 -0.01216 -0.06182 -0.05928 -0.10799 -0.17378 -0.00962 -0.09509 -0.14598 -0.05123 -0.01624 -0.03063 -0.00009 -0.02509 -0.07510 -0.03020 -0.04294 -0.01136 -0.01734 -0.00008
-0.10163 -0.13095 0.00375 -0.56110 -0.00007 -0.00003 -0.36589 -0.26802 -0.00021 0.10241 -0.13757 -0.06262 -0.00010 -0.00226 -0.00012 -0.08174 -0.00018 -0.01727 -0.00010 0.00010 -0.00024 -0.01165 -0.00003 -0.01926 -0.00259 -0.00000 -0.00005 -0.00009 -0.00003 -0.00007
0.02430 -0.03142 -0.04493 -0.06343 -0.00006 -0.02979 -0.61133 -0.02331 -0.00008 -0.31022 0.10580 0.00005 -0.00010 0.00008 -0.00014 0.14783 -0.11849 0.01083 -0.07029 0.00003 -0.04721 0.00008 0.00000 0.00000 -0.00007 -0.00049 -0.01380 -0.02109 -0.01157 -0.09376
0.00018 -0.00030 -0.00026 -0.00012 -0.00012 0.00498 0.07147 0.09685 -0.00010 -0.15330 0.00015 0.00008 -0.06078 0.00007 -0.00010 0.00023 -0.14702 -0.09183 -0.04281 -0.04883 -0.05823 -0.08762 -0.04247 -0.03401 -0.00007 -0.02124 -0.02693 -0.04210 -0.07166 -0.03273
0.00007 -0.00023 -0.00008 -0.00003 -0.00006 -0.00001 0.00000 0.01785 -0.00010 -0.05246 -0.00883 0.00000 -0.00008 -0.03360 -0.00007 0.00011 -0.04877 0.00007 -0.01514 -0.05725 -0.02674 -0.04305 -0.04553 -0.04451 -0.00007 -0.05037 -0.04454 -0.07304 -0.05934 -0.02157
0.00010 -0.00022 -0.00018 -0.00009 -0.00009 -0.40218 0.00000 -0.16584 -0.00019 -0.00961 0.00584 0.00011 -0.00012 0.36021 -0.01166 0.00431 -0.07243 0.00019 -0.00017 0.00000 -0.03156 -0.00006 0.00002 -0.00246 -0.00003 -0.00001 -0.01498 -0.00004 -0.06998 -0.00012
0.00018 -0.06685 -0.06109 -0.05288 -0.03553 -0.00009 -0.11805 -0.08594 -0.00017 -0.00004 -0.07448 0.00006 -0.06658 -0.05789 0.40387 -0.30959 -0.00023 -0.07575 -0.03102 -0.07263 -0.07295 -0.00345 -0.05186 -0.01025 -0.09593 0.00000 -0.04315 -0.00618 -0.02144 -0.00004
0.00017 -0.18309 -0.18178 -0.30139 -0.10678 -0.07116 -0.35943 -0.33546 -0.23133 -0.00393 -0.09679 0.00002 -0.09865 -0.12112 -0.17700 0.01189 -0.17902 0.00018 -0.20160 -0.17681 -0.10332 -0.11852 -0.13014 -0.07954 -0.22070 -0.00505 -0.01025 -0.05509 -0.03961 -0.00047
-0.00006 -0.00023 0.02731 0.00017 0.00004 -0.00002 -0.01995 -0.01191 -0.00011 0.00005 -0.04204 -0.10856 -0.02989 0.00003 -0.08365 -0.08661 0.45317 0.11086 -0.00009 -0.00000 -0.00010 -0.00036 -0.01850 0.00822 -0.00084 -0.00901 0.00000 -0.00009 -0.00003 0.00000
-0.00000 -0.00023 0.15197 -0.01966 -0.39273 -0.00002 0.02195 -0.06490 -0.00005 -0.05842 0.00002 -0.14876 -0.00049 -0.00004 -0.00009 0.00005 0.00000 0.34698 -0.04182 -0.05052 -0.06970 0.00008 0.00002 0.00004 0.03168 -0.00339 -0.01479 -0.01666 -0.00004 -0.00017
-0.00000 -0.00023 0.00713 0.00005 -0.00004 0.01382 0.02304 -0.02184 0.06727 0.07569 0.22093 -0.00001 -0.00009 0.00001 -0.00004 -0.00576 -0.00013 0.00001 0.15568 -0.01634 -0.00932 -0.03125 -0.00000 -0.01250 -0.00009 -0.03386 -0.00015 -0.06924 -0.00006 -0.00013
-0.09487 -0.00024 0.02455 -0.00000 -0.00001 0.00726 0.60471 0.27431 -0.00019 0.01281 -0.01051 -0.00032 -0.00120 -0.01598 -0.00009 0.00006 -0.02427 0.00008 -0.00020 0.54547 -0.01278 -0.01401 0.00009 -0.00003 -0.00003 -0.01314 -0.00012 -0.00955 -0.00008 -0.00007
-0.00000 -0.00026 0.00917 0.00003 -0.00002 0.00293 -0.00010 0.00364 -0.00009 -0.00001 -0.03324 -0.02455 -0.02468 -0.05705 -0.00007 -0.04918 -0.00010 -0.15208 -0.04434 -0.15421 0.09857 -0.09977 -0.06695 -0.06619 -0.09181 -0.09625 -0.00008 -0.06972 -0.03807 -0.00014
-0.00008 0.03848 0.02298 0.40032 0.00002 0.02072 0.11261 0.11075 -0.00010 0.00011 -0.00086 0.00006 -0.00009 -0.02125 -0.04649 -0.03492 -0.02150 0.00002 -0.00010 -0.00000 -0.00018 0.69895 0.00008 -0.06641 0.08847 -0.08748 -0.03239 -0.18834 -0.00005 -0.04314
-0.19802 -0.00007 0.01863 0.19310 -0.00004 0.02350 0.78358 0.40802 -0.00010 -0.03093 -0.03087 -0.00957 -0.03523 -0.18568 -0.00005 -0.02985 -0.12351 -0.04310 -0.06290 -0.16091 -0.00597 -0.20523 0.33453 -0.13629 -0.03809 -0.13732 -0.02381 -0.27609 -0.13446 -0.11653
-0.05225 -0.00014 -0.24539 0.00008 0.04999 -0.00000 -0.01244 0.00023 -0.00014 0.00012 -0.00321 -0.10605 -0.00022 -0.00014 -0.00011 -0.00003 0.09035 0.04704 -0.00009 -0.00286 0.00003 0.07157 0.00004 0.68321 0.00640 -0.05487 -0.00003 -0.07640 -0.00000 -0.00001
0.00003 -0.00025 0.00033 0.00005 0.27512 -0.00003 -0.03161 0.02362 -0.00008 -0.01471 -0.12071 -0.04394 -0.12546 -0.25554 -0.48834 -0.36048 -0.00013 -0.15877 -0.07290 -0.10999 -0.00022 -0.12451 -0.04856 -0.19884 0.35688 -0.04756 -0.00008 -0.00006 -0.00005 -0.03773
0.00000 -0.00023 -0.00012 -0.00000 -0.00004 -0.00006 -0.00003 0.01042 -0.00006 -0.00002 -0.00000 -0.00001 -0.00013 0.00004 -0.00006 0.00009 -0.00010 -0.00194 -0.00474 -0.00288 -0.00014 0.00003 -0.00000 -0.03402 -0.09632 0.06887 -0.03866 0.26210 -0.00011 -0.00008
0.47769 -0.00033 0.13771 0.01794 -0.00007 0.02266 -0.00007 0.12723 -0.00010 -0.00008 -0.06387 -0.07383 -0.04543 -0.03385 -0.00007 0.00003 -0.02000 -0.13598 -0.02225 -0.04321 -0.00023 -0.09591 -0.10419 -0.16085 -0.04316 -0.11567 0.30852 -0.07152 -0.06963 -0.00012
0.00004 -0.01284 -0.00251 -0.00000 -0.00012 -0.01700 -0.00005 0.00649 -0.00007 -0.00002 -0.09918 -0.00011 -0.00007 0.01722 -0.00010 0.00019 -0.00545 -0.00250 -0.00017 -0.00015 -0.00018 0.04865 0.02717 0.05409 -0.06725 0.20165 -0.00341 0.48174 -0.00003 -0.00007
-0.05847 -0.00023 -0.00009 0.00000 -0.00005 -0.17786 -0.00007 -0.06823 -0.00012 -0.00011 0.00007 -0.00000 -0.00021 0.08740 -0.00021 0.00017 -0.02281 -0.08273 -0.00016 -0.00620 -0.00030 -0.04488 -0.00005 -0.11667 -0.02400 -0.05861 -0.02495 -0.12742 0.11341 -0.18568
0.00007 -0.02255 -0.00017 -0.01519 -0.00004 0.13501 0.00000 -0.04739 -0.07430 -0.00001 0.38225 -0.00000 -0.00027 -0.26045 -0.00004 0.00004 -0.06847 0.00004 -0.00017 0.00004 -0.00023 -0.01810 -0.00006 -0.10669 -0.01423 -0.00005 -0.00017 -0.01447 -0.13787 -0.00022
