-0.00000 -0.21964 -1.48046 -0.83335 -1.10611 0.92232 -0.11570 -0.00036 -0.00000 -0.91137
-0.00000 -0.00000 -0.17386 0.00000 0.00000 0.00240 -0.00000 -0.00000 -0.00000 -0.03684
-0.00000 -0.00000 0.00000 0.00000 0.00000 0.02428 -0.00000 -0.00000 -0.00000 0.02623
-0.00000 4.06099 2.07111 0.00000 2.07290 -0.11491 -0.00000 -0.00000 -0.00000 1.69739
-0.00000 -0.91023 -0.64638 0.00000 0.00000 0.02012 -0.00000 -0.00000 -0.00000 -0.58562
-0.00000 -0.00000 -0.00000 0.00000 0.00000 0.00000 -0.00000 -0.00000 -0.00000 -0.00000
-0.00000 -0.00633 -0.11373 -0.17039 0.08871 0.12027 -0.00000 -0.11594 -0.00034 -0.06063
-0.00034 -0.00859 2.20362 -0.18058 0.09437 0.13988 -0.00000 -0.00000 -0.11584 -0.21336
-0.11666 -3.03496 -1.97886 1.06604 -1.26868 0.29452 -0.00036 -0.00000 -0.00000 -0.03470
-0.00000 -0.00000 -0.00000 0.00000 0.00000 -1.52779 -0.00000 -0.00000 -0.00000 0.00000
