0.00000 -0.00000 0.00000 0.00000 0.00000 0.00000 0.00000 -0.00001 -0.00000 0.00000 -0.07803 0.00000 -0.00001 -0.00000 0.00000 -0.00000 -0.00000 -0.00000 0.00000 0.00000 0.00000 0.00000 0.00001 0.00000 -0.00001 -0.00001 0.00000 0.00000 0.00000 0.00000
-0.17780 -0.00000 -0.00016 0.00000 0.00000 0.00000 -0.00000 -0.00000 -0.01365 0.00000 -0.17215 0.00000 -0.00001 0.03634 0.00000 -0.00000 -0.00000 -0.00000 0.00000 -0.00000 0.00000 0.00000 -0.00542 0.00000 0.07133 -0.00001 0.00000 -0.00000 0.00000 0.00000
0.01421 0.00156 0.00000 0.00000 0.00000 0.00000 -0.00000 -0.00001 -0.02683 0.00000 -0.07619 0.00000 -0.00001 0.08253 0.00000 -0.00000 -0.00000 -0.00000 0.00000 0.00000 0.00000 0.00000 0.00101 0.00000 0.06841 -0.00000 0.00000 0.00000 0.00000 0.00000
-0.07626 -0.16561 -0.19484 -0.00000 -0.00000 -0.00000 0.37387 0.11272 -0.03635 -0.00000 -0.12784 -0.00000 0.29084 0.17414 -0.00000 -0.03855 0.00000 0.00000 -0.00000 0.00000 -0.00000 -0.00000 0.02126 -0.00000 0.26925 0.12068 -0.05198 0.01787 -0.00001 -0.00000
-0.68064 -0.67274 -0.67017 -1.02930 0.00000 -0.07306 -0.62651 0.37611 -0.54411 -0.00004 -0.78006 -0.27072 0.53356 0.53043 -0.00009 -0.56957 -0.23716 -0.34786 -0.00704 -0.25765 0.00000 -0.16075 0.16459 0.00000 0.53447 0.40054 -0.33523 0.30770 0.00593 0.07642
-0.06910 -0.16451 0.03166 -0.71870 0.00000 0.00000 -0.21153 -0.06487 -0.00463 -0.00073 -0.30894 0.00000 0.00896 0.08407 -0.00002 0.03168 0.07976 -0.00000 0.00000 -0.00000 -0.00000 0.00000 -0.01504 -0.00001 -0.05591 -0.04195 0.02414 -0.00094 0.00001 -0.16057
-0.40257 -0.30819 -0.27623 0.00000 -0.00000 -0.00000 0.00000 0.29565 -0.31546 -0.00000 -0.49578 -0.00000 0.31852 0.30468 -0.00000 -0.29203 0.00000 0.00000 -0.00000 0.00000 -0.00000 -0.00000 0.21818 -0.00000 0.31349 0.31285 -0.14529 0.20113 -0.00001 -0.00001
0.03849 0.06421 0.04564 0.00000 0.00000 0.00000 -0.00000 -0.00000 0.08538 0.00000 0.09472 0.00000 -0.21429 -0.06892 0.00000 -0.00000 -0.00000 -0.00000 0.00000 -0.00000 0.00000 0.00000 -0.06651 0.00000 -0.19556 -0.00001 0.00000 -0.00000 0.00000 0.00000
-0.11461 -0.00000 0.00000 -0.00000 0.00000 0.00000 0.00000 -0.00000 0.00000 0.00000 -0.12405 0.00000 -0.00001 0.12615 0.00000 -0.00000 -0.00000 -0.00000 0.00000 -0.00000 0.00000 0.00000 -0.06477 0.00000 -0.04375 -0.00000 0.00000 -0.00000 0.00000 0.00000
-0.31042 -0.23383 -0.37629 -0.84444 -0.00014 0.00007 -0.56431 0.32185 -0.30796 0.00000 -0.33110 0.02258 0.49920 0.29866 -0.00000 -0.28823 -0.06448 -0.00002 0.00000 0.02116 -0.00570 -0.00002 0.12284 -0.28528 0.51749 0.27403 -0.05862 0.05617 -0.04152 -0.01644
0.00000 -0.00000 0.00000 0.00000 0.00000 0.00000 -0.00000 -0.00000 -0.00000 0.00000 0.00000 0.00000 -0.00001 -0.00000 0.00000 -0.00000 -0.00000 -0.00000 0.00000 0.00000 0.00000 0.00000 0.00040 0.00000 -0.00001 -0.00000 0.00000 0.00000 0.00000 0.00000
-0.31690 -0.51902 -0.52141 -1.25014 0.00000 0.07166 -0.46913 0.56245 -0.20255 -0.00001 -0.42203 0.00000 0.84663 0.26718 0.00000 -0.32219 -0.00244 -0.00000 0.00000 -0.00000 -0.00000 0.00000 0.51581 0.00000 0.87988 0.58117 -0.34769 0.22945 0.00000 0.04611
0.01351 0.02955 0.02763 0.00000 0.00000 0.00000 -0.00000 -0.00000 0.02088 0.00000 0.05454 0.00000 -0.00000 -0.02003 0.00000 -0.00000 -0.00000 -0.00000 0.00000 0.00000 0.00000 0.00000 -0.00798 0.00000 -0.18592 -0.00000 0.00000 0.00000 0.00000 0.00000
0.11273 -0.00000 0.00000 0.00000 0.00000 0.00000 -0.00000 -0.00000 -0.00000 0.00000 0.03021 0.00000 -0.00001 -0.00000 0.00000 -0.00000 -0.00000 -0.00000 0.00000 -0.00000 0.00000 0.00000 0.02573 0.00000 0.07056 -0.00000 0.00000 0.00000 0.00000 0.00000
0.47461 0.39190 0.47362 0.20471 -0.00002 0.01501 0.31123 -0.43348 0.38043 -0.17927 0.33947 0.30827 -0.44233 -0.34553 -0.00000 0.50518 0.37927 -0.00000 0.00000 0.26294 -0.00133 0.14972 -0.16613 -0.06478 -0.47881 -0.18768 0.24887 -0.23315 -0.21395 -0.25236
-0.33232 -0.30137 -0.41611 -0.00000 0.00000 0.00000 -0.00000 0.20818 -0.25240 0.00000 -0.33816 0.00000 0.36055 0.16965 0.00000 -0.00000 -0.00000 -0.00000 0.00000 -0.00000 0.00000 0.00000 0.00772 0.00000 0.38463 0.15556 -0.05593 -0.00369 0.00000 0.00001
-0.70703 -0.54601 -0.63973 -0.88413 0.00000 0.00000 -0.36089 0.51953 -0.52608 0.00000 -0.67947 -0.00000 0.68871 0.58104 0.00000 -0.67660 0.00000 -0.00000 0.00000 -0.00000 -0.00000 0.00000 0.21762 0.00000 0.63849 0.36949 -0.25316 0.29660 0.00000 0.08858
-1.23140 -0.98501 -0.98188 -1.40824 0.00000 -0.41078 -0.89385 0.33166 -1.02169 -0.00182 -1.23957 -0.21661 0.46691 1.03536 -0.00453 -0.76083 -0.39646 -0.00000 -0.34752 -0.50128 -0.00000 -0.19351 -0.04185 -0.00002 0.37459 0.38875 -0.43670 0.52535 0.22866 0.19210
-0.11067 -0.17759 -0.11291 -0.86981 0.00000 -0.17480 -0.56450 0.05413 -0.06431 -0.17199 -0.31834 0.11899 0.26556 0.08427 -0.35020 0.01494 0.16348 -0.00000 0.00000 0.05690 -0.00004 -0.00948 0.00445 -0.00141 0.15891 0.05084 0.03209 0.01395 -0.33424 -0.19585
-0.67572 -0.55218 -0.68995 -0.97829 0.00000 0.11077 -0.63460 0.57574 -0.53825 -0.00000 -0.58933 -0.26327 0.73260 0.60145 0.00000 -0.54104 -0.24460 -0.00000 0.00000 0.00000 -0.00000 -0.06664 0.31789 0.00000 0.72836 0.53243 -0.31048 0.31287 0.00000 0.10693
-0.55677 -0.52301 -0.68079 -1.01668 -0.34742 0.05367 -0.72983 0.58282 -0.50529 0.00000 -0.67688 -0.21619 0.79385 0.52834 0.00002 -0.61118 -0.26832 -0.00677 -0.00017 -0.12084 0.00000 -0.06415 0.42464 0.00000 0.74490 0.56650 -0.28344 0.34072 0.00035 0.11835
-0.53095 -0.62336 -0.59246 -1.11216 0.00000 0.04969 -0.89765 0.59282 -0.47134 -0.00087 -0.73346 -0.19051 0.82120 0.48836 0.00000 -0.49828 -0.13982 -0.00000 -0.00001 -0.00000 -0.00000 0.00000 0.47280 -0.00001 0.82602 0.55561 -0.40126 0.33844 0.00001 0.10757
0.00222 0.00001 0.00011 0.00000 0.00000 0.00000 0.00000 -0.00000 0.00000 0.00000 -0.00008 0.00000 -0.00002 -0.00000 0.00000 -0.00001 -0.00000 -0.00000 0.00000 -0.00000 0.00000 0.00000 -0.00000 0.00000 -0.03682 -0.00000 0.00001 -0.00000 0.00000 0.00001
0.06522 0.07858 0.14191 -0.32067 -0.00719 -0.00617 -0.10938 -0.06777 0.02561 0.00000 0.13459 0.11835 -0.05601 -0.01829 0.00000 0.15591 0.04531 -0.00019 -0.00001 0.06799 -0.34767 -0.00658 -0.16600 0.00000 -0.05432 -0.16949 0.06040 -0.23684 0.00001 -0.20577
0.03324 -0.00000 0.00000 0.00000 0.00000 0.00000 -0.00000 -0.00000 0.00000 0.00000 0.02805 0.00000 -0.00000 -0.00000 0.00000 -0.00000 -0.00000 -0.00000 0.00000 0.00000 0.00000 0.00000 -0.00001 0.00000 -0.00000 -0.00000 0.00000 -0.00000 0.00000 0.00000
0.02081 0.02029 0.08323 0.00000 0.00000 0.00000 -0.00000 -0.02313 0.10347 0.00000 0.06827 0.00000 -0.11397 -0.12671 0.00000 -0.00000 -0.00000 -0.00000 0.00000 -0.00000 0.00000 0.00000 -0.09435 0.00000 -0.06157 -0.00000 0.00000 -0.10390 0.00000 0.00000
0.01959 -0.03513 0.01878 0.00000 0.00000 0.00000 0.00000 -0.08460 0.01221 0.00000 0.03061 0.00000 -0.05922 -0.01652 0.00000 -0.00000 -0.00000 -0.00000 0.00000 -0.00000 -0.00000 0.00000 -0.01036 0.00000 -0.03090 -0.04421 0.00000 -0.00506 0.00000 0.00001
0.12673 0.02865 0.02099 0.00000 0.00000 0.00000 0.00000 -0.07023 0.04670 0.00000 0.12345 0.00000 -0.07901 -0.10816 0.00000 -0.00001 -0.00000 -0.00000 0.00000 -0.00000 -0.00000 0.00000 -0.00981 0.00000 -0.04421 -0.00000 0.00000 -0.00000 0.00000 0.00000
0.62963 0.36446 0.47201 0.06992 0.00001 0.00923 -0.04807 -0.33270 0.47959 -0.00000 0.47005 0.23426 -0.33058 -0.45401 0.00000 0.52195 0.33053 -0.00000 0.00000 0.11588 -0.00008 -0.00339 -0.05302 -0.00314 -0.31573 -0.23628 0.13069 -0.31737 0.00000 -0.25981
0.01813 0.03564 0.03212 -0.38896 0.00000 0.00000 -0.04181 -0.02484 0.13655 -0.00000 0.03616 0.00000 0.11950 -0.09597 0.00000 0.01518 -0.00000 -0.00000 0.00000 -0.00000 -0.00000 0.00000 -0.00547 0.00000 0.10897 0.03748 0.00269 -0.11729 0.00000 0.00000
