-0.00000 -0.00103 0.00135 0.00107 0.00024 0.00207 -0.00141 0.00017 0.00027 -0.00013
0.00042 -0.00000 0.00079 -0.00066 0.00306 0.00133 0.00063 0.00029 0.00139 -0.00061
-0.00003 0.00030 0.00000 0.00487 -0.00261 0.00213 0.00027 -0.00020 0.00014 -0.00066
0.00104 -0.00128 0.00172 -0.00001 0.00000 -0.00306 -0.00027 -0.00697 0.00195 -0.04451
0.00139 -0.00267 0.00000 0.00107 0.00000 -0.00345 0.00067 -0.00151 0.00284 -0.00250
0.00031 0.00035 0.00077 0.00002 0.00164 0.00001 -0.00015 -0.00504 -0.00097 0.00099
0.00036 -0.00010 -0.00067 0.00115 0.00018 0.00211 0.00000 -0.05412 -0.05091 -0.27717
0.00064 -0.00077 -0.00115 -0.00214 -0.00176 0.00096 0.00047 -0.00000 -0.00011 -0.00001
-0.00074 0.00052 -0.00391 0.00183 0.00207 -0.03500 0.00004 -0.00011 -0.00000 0.00119
0.00065 -0.00176 0.00047 -0.00032 0.00042 0.00232 -0.00019 0.01710 0.00752 0.00001
