0.00000 0.16028 -0.00014 0.00050 -0.19335 0.00007 0.00168 0.00034 -0.14162 -0.00065 -0.00880 -0.04271 -0.04764 -0.00000 -0.00000 -0.00181 0.00015 0.00000 0.00000 0.00000
0.00001 0.00000 0.00025 0.01853 -0.00000 0.00004 -0.04092 0.00184 -0.00000 -0.01045 0.04641 0.07428 0.05279 -0.00049 -0.00003 0.02865 0.00087 0.00000 0.00000 0.02557
0.00057 0.00098 -0.00000 -0.00088 -0.00124 0.00038 -0.00020 0.00088 -0.00134 0.00018 0.00011 0.00092 0.00017 -0.00033 -0.00077 0.00110 -0.00016 0.00056 -0.00234 0.00018
0.00179 0.00022 -0.00047 0.00000 -0.00180 0.00084 -0.00058 0.00080 -0.00050 -0.00000 -0.00098 -0.00021 -0.00016 -0.00007 -0.00000 0.00209 0.00537 -0.00001 -0.00035 0.00021
-0.00000 -0.28884 -0.00000 -0.00020 0.00000 -0.00197 0.02055 -0.00032 0.24611 0.00107 -0.01811 -0.01982 -0.00917 0.00011 0.00002 -0.02327 -0.00043 -0.00000 -0.00000 -0.01668
-0.00045 -0.00076 0.00060 -0.00036 0.00061 -0.00000 0.00297 -0.00068 0.00114 -0.00114 -0.00223 -0.00019 -0.00000 0.00011 0.00028 -0.00218 -0.00132 -0.00124 -0.00041 -0.00019
0.00231 0.00000 -0.00004 -0.00017 -0.00003 0.00030 -0.00000 0.00010 -0.00000 0.00087 0.00000 -0.74115 -0.09172 -0.00004 0.00057 -0.46754 -0.00074 0.00153 -0.00048 -0.00000
0.00053 0.00076 0.00112 0.00053 -0.00067 -0.00043 0.00055 -0.00000 -0.00186 -0.00033 0.00033 0.00001 0.00064 0.00026 0.00132 0.00015 -0.00000 0.00340 -0.00070 -0.00030
-0.00001 -0.20568 0.00000 -0.01565 0.00000 0.00002 0.02381 -0.00262 0.00000 0.00092 -0.02959 -0.02148 -0.04964 0.00006 0.00000 -0.02628 -0.00051 -0.00001 -0.00000 -0.01641
-0.00000 -0.00022 0.00012 -0.19794 0.00297 -0.00267 0.00214 -0.00005 0.00193 0.00000 -0.00082 0.00004 0.00044 -0.00135 0.00000 -0.00147 -0.00827 0.00003 0.00018 -0.00012
-0.00145 -0.00000 0.00012 -0.00044 0.00005 -0.00051 -0.11336 0.00030 0.00000 -0.00404 -0.00000 -0.00052 0.44141 0.00000 -0.00002 0.18733 0.00009 -0.00001 0.00004 -0.00000
-0.00013 0.00003 0.00021 0.00165 -0.00001 -0.00222 0.00000 -0.00097 -0.00069 -0.00438 -0.00010 0.00000 -0.00000 0.00000 -0.00069 0.00000 0.00039 -0.00000 0.00000 -0.00000
-0.00009 -0.00000 -0.00071 -0.00055 0.00018 -0.00031 0.00000 0.00035 -0.00007 -0.00397 -0.00000 -0.03172 0.00000 0.00000 -0.00002 0.00000 0.00050 -0.00000 0.00000 0.00000
0.04334 -0.02534 -0.00029 -0.00013 0.02788 0.00000 -0.00826 0.00011 0.02835 -0.00148 0.06344 0.20672 0.18427 -0.00000 0.00004 0.04677 0.00000 -0.00000 0.00000 0.00000
0.00450 0.01782 -0.00020 0.45061 -0.02591 0.00051 -0.00006 0.00042 -0.01395 -0.42242 0.00007 0.00024 0.00033 -0.00016 -0.00000 0.00220 -0.00046 -0.22996 -0.08425 0.00001
-0.00452 0.00000 0.00045 0.00025 0.00010 -0.00225 0.00000 -0.00623 -0.00011 -0.00135 -0.00000 0.18012 0.16995 0.00002 0.00000 0.00000 0.00007 -0.00023 0.00008 -0.00000
0.00075 0.00130 0.00003 0.00005 -0.00095 -0.00206 -0.00296 -0.00052 -0.00112 -0.00008 0.00072 0.00038 0.00092 -0.00008 -0.00025 -0.00006 -0.00000 0.00076 -0.00517 -0.00116
0.10246 0.08606 -0.00058 -0.13136 -0.14646 -0.00015 0.00087 0.00069 -0.07642 0.09946 0.00674 0.00000 0.01006 -0.02293 0.00000 -0.00249 0.00004 0.00000 -0.30651 0.00031
-0.70301 -0.57225 0.00003 -0.00053 0.90654 -0.00008 0.02364 -0.00041 0.41795 0.00067 -0.06259 -0.19910 -0.19348 0.18372 0.00000 -0.05785 -0.00047 -0.00000 -0.00000 -0.05481
-0.00081 0.00038 0.00000 0.00006 -0.00016 -0.00006 0.26456 -0.00023 -0.00038 -0.00021 -0.04253 0.70134 -0.10339 0.05471 -0.00227 -0.03277 0.00003 0.00013 -0.00000 -0.00000
