1.000 -0.000 -0.000 -0.000 -0.000 0.000 0.000 -0.000 0.000 0.000
-0.000 1.000 -0.002 -0.002 -0.002 -0.003 -0.002 -0.002 -0.002 -0.003
-0.000 -0.002 1.000 -0.002 -0.002 -0.002 -0.002 -0.002 -0.002 -0.002
-0.000 -0.002 -0.002 1.000 0.001 0.000 0.001 0.001 0.001 0.001
-0.000 -0.002 -0.002 0.001 1.000 0.000 0.001 0.001 0.001 0.000
0.000 -0.003 -0.002 0.000 0.000 1.000 0.000 0.000 0.000 0.000
0.000 -0.002 -0.002 0.001 0.001 0.000 1.000 0.003 0.001 -0.009
-0.000 -0.002 -0.002 0.001 0.001 0.000 0.003 1.000 -0.002 -0.001
0.000 -0.002 -0.002 0.001 0.001 0.000 0.001 -0.002 1.000 -0.001
0.000 -0.003 -0.002 0.001 0.000 0.000 -0.009 -0.001 -0.001 1.000
