-0.00000 0.00231 -0.03579 0.00000 0.01513 0.02795 -0.00002 -0.00000 0.00303 0.00938 -0.00146 0.00029 -0.00075 -0.00151 -0.00022 -0.00172 -0.00049 0.01630 0.02085 -0.01029 0.00046 -0.00025 0.00007 0.00000 -0.00113 0.00359 0.00472 0.03828 -0.00099 -0.00015
0.00015 -0.00000 -0.10642 -0.00014 0.03751 0.00590 -0.00023 -0.00001 0.00212 0.01833 -0.00025 0.00034 -0.00038 0.00000 -0.00000 -0.00145 -0.00020 0.01682 0.00306 -0.00093 -0.00000 -0.00008 0.00001 -0.00000 0.00000 -0.00000 0.00158 0.00017 0.00000 -0.00000
0.00000 0.00000 -0.00000 -0.00006 0.25527 0.00000 -0.00000 -0.00003 -0.00020 0.00000 0.00000 -0.00004 0.00022 -0.00000 -0.00000 0.00000 0.00000 0.00000 -0.00000 -0.00004 0.00000 -0.00025 -0.00006 -0.00000 -0.00000 0.00001 -0.00000 0.00241 0.00000 -0.00003
0.00069 0.00000 -0.02237 -0.00000 0.00739 0.03864 0.00043 -0.00060 0.00205 0.00596 -0.00214 -0.00063 -0.00036 0.00009 -0.00075 -0.00104 -0.00000 0.00959 0.01608 -0.01609 0.00297 -0.00000 0.00008 0.00000 -0.00049 0.01196 0.01833 0.01685 -0.00199 0.00164
-0.00002 -0.00000 0.00000 -0.00042 0.00000 0.00000 -0.00003 -0.00000 -0.00015 0.00001 0.00001 -0.00000 0.00018 0.00002 -0.00020 0.00013 -0.00003 0.00014 0.00000 -0.00022 -0.00000 -0.00037 -0.04965 -0.00011 -0.00005 0.00025 0.00041 0.00114 -0.00037 -0.00009
-0.00002 0.00007 -0.07868 -0.00003 0.05556 0.00000 -0.00000 0.00037 0.11361 -0.00042 0.00006 -0.03045 -0.01777 -0.00010 -0.00220 -0.00064 0.00009 0.02708 -0.36160 -0.01467 -0.00000 -0.00011 -0.40974 0.00000 0.00002 0.01625 0.00025 0.04717 -0.00006 -0.00071
-0.00009 0.00116 -0.05675 -0.00034 -0.00003 -0.35610 0.00000 0.00008 -0.00033 0.02520 -0.00030 0.07454 -0.00085 -0.00063 0.00003 -0.00130 -0.00011 0.01843 0.01802 -0.02327 0.00241 0.00038 0.06177 0.00000 -0.00020 0.00058 0.01387 0.02749 -0.00002 0.00001
0.00093 0.00039 -0.01882 -0.00007 0.01419 0.01109 -0.00184 -0.00000 0.00263 0.00479 -0.00570 0.00063 -0.00044 -0.10795 -0.00314 -0.00117 -0.00128 0.03954 0.00143 -0.00632 -0.07246 0.00000 -0.00000 0.00035 -0.00051 -0.29293 0.01392 0.00663 -0.00071 -0.00030
-0.00030 -0.00007 -0.00771 0.00027 0.00071 0.00000 -0.00009 0.00048 -0.00000 0.01032 -0.00011 -0.00393 -0.00133 0.00000 -0.00165 -0.00084 -0.00019 0.02911 -0.00000 -0.00292 0.00083 0.00030 -0.00000 -0.00010 -0.00020 0.01522 0.00102 0.02727 -0.00134 -0.00018
-0.00000 0.00000 -0.04017 -0.00001 0.01846 0.00045 0.00003 0.00007 -0.00019 0.00000 -0.00064 -0.00005 0.00010 -0.00000 -0.00008 0.00019 -0.00004 0.04781 0.00904 -0.00001 0.00008 -0.00000 -0.00015 -0.00000 -0.00004 0.00075 -0.00000 0.01348 -0.00142 0.00010
0.00044 0.00006 -0.08614 0.00002 0.03872 0.02714 -0.00191 0.00018 0.00283 0.00111 0.00000 -0.00116 -0.02488 -0.02157 -0.00000 0.00003 0.00011 -0.77126 0.00179 -0.04965 -0.00004 -0.00082 -0.00042 0.00001 -0.00016 0.00000 0.00043 0.00052 -0.00000 -0.00080
0.00041 0.00253 -0.04524 0.00041 -0.90381 0.00000 -0.00000 -0.00066 0.00005 0.00223 -0.00208 -0.00000 -0.00159 -0.00150 -0.00055 -0.00135 -0.00070 0.03689 -0.00000 -0.00087 -0.00036 -0.00000 -0.00007 0.00011 -0.00061 0.00284 0.00001 0.04421 -0.00040 -0.00042
-0.00012 0.00012 -0.01887 -0.00018 0.00308 -0.00005 0.00060 -0.00301 0.00117 0.01639 0.00004 -0.00060 -0.00000 -0.00016 0.00004 0.00000 -0.00035 0.02780 0.01660 -0.00000 -0.00003 0.00000 0.00001 -0.00145 -0.00000 0.00212 -0.00000 0.04372 -0.00204 0.00038
-0.00092 -0.32792 -0.17907 0.00051 0.04619 0.00021 -0.00492 0.00000 0.00000 -0.00003 0.00009 -0.00139 -0.00201 0.00000 0.00000 -0.00192 -0.00022 0.00315 -0.00000 -0.00382 0.20684 -0.00038 -0.00044 0.00020 0.00035 -0.00000 0.00000 -0.00004 -0.00000 0.00000
-0.00011 0.00554 -0.02356 0.00015 0.00154 0.00077 -0.00149 0.00039 0.00127 0.00534 -0.01277 0.00022 0.00000 -0.38287 -0.00000 -0.00079 0.00007 0.04243 0.02349 -0.00427 0.00509 0.00004 0.00013 0.00003 -0.00073 0.12989 0.01062 0.04625 -0.00001 0.48880
0.00039 0.00006 -0.02958 -0.00000 0.00678 0.00524 -0.00008 0.00034 0.00167 0.00734 -0.01448 0.00052 0.11830 -0.00054 -0.00004 0.00000 -0.00076 0.00630 0.00190 -0.13810 0.00013 0.22734 0.00010 -0.00030 -0.00642 0.00036 -0.24458 0.03933 -0.00000 0.00021
0.00020 0.00449 -0.03041 -0.00013 0.00080 0.00880 -0.00180 -0.00056 0.00135 0.00161 -0.00939 0.00054 -0.00127 -0.00257 -0.00030 -0.00223 -0.00000 0.01860 0.01742 -0.00603 0.00129 -0.00007 -0.00005 0.00000 0.00013 0.01824 0.02432 0.00854 -0.00109 -0.00017
-0.00008 0.00007 -0.05074 -0.00026 0.01291 -0.00003 -0.00005 0.00005 -0.00003 -0.00000 -0.00000 0.00002 0.00001 -0.00036 0.00001 0.00010 -0.00008 0.00000 -0.00000 -0.00000 0.00005 -0.00014 0.00001 -0.00004 -0.00000 -0.00002 0.00008 -0.00007 -0.00001 -0.00007
-0.00005 0.00017 -0.08227 -0.00000 0.11168 -0.00000 0.00000 0.00005 -0.00048 -0.00001 -0.00076 -0.17998 0.00023 -0.00003 -0.00004 -0.00028 -0.00000 0.05337 -0.00000 -0.00000 0.00753 -0.00003 0.38063 -0.00000 -0.00000 0.02955 0.00000 0.05975 -0.00004 0.00278
0.00003 0.00086 -0.02449 0.00005 0.00890 0.00018 0.00000 0.00012 0.00158 0.01049 -0.00000 0.00000 -0.17057 -0.00020 -0.00039 -0.00000 0.00013 0.04241 0.02648 0.00000 0.00650 -0.00000 -0.00018 0.00000 -0.00002 0.00477 0.00000 0.02638 -0.00004 -0.00016
-0.00147 0.18035 -0.34742 0.00032 0.10160 -0.00011 0.00060 -0.00000 0.00042 0.00597 -0.00094 -0.00484 -0.01431 0.00000 0.00001 -0.00980 -0.00017 0.03191 -0.00000 -0.00039 0.00000 -0.00030 -0.00007 0.00017 0.00403 -0.00000 0.00066 -0.00054 -0.00038 0.00009
-0.00000 -0.00002 -0.01458 -0.00004 0.00266 0.01790 0.00086 0.00048 0.00057 0.02987 -0.00329 -0.00086 0.15602 -0.00012 -0.00012 0.00000 -0.00040 0.02142 0.01823 -0.21300 0.00032 -0.00000 -0.00023 -0.00015 -0.00162 0.00184 -0.00000 0.01204 -0.00275 0.00139
-0.00008 -0.00002 0.00000 -0.00004 -0.00002 -0.00000 0.00000 -0.00049 -0.16002 0.00118 -0.00065 -0.00000 -0.00007 -0.00038 -0.00000 -0.00286 -0.00037 0.01705 0.00000 0.00010 0.00036 0.00006 -0.00000 0.00040 -0.00007 0.00204 0.00050 0.01896 -0.00024 0.00001
0.00021 0.00000 -0.03914 -0.00002 0.00706 0.00915 0.00043 0.00010 0.00158 -0.22379 -0.00395 0.00011 -0.00092 -0.00019 -0.00063 -0.01621 -0.00009 0.04054 0.02854 -0.00175 0.00031 -0.00016 -0.00018 -0.00000 -0.00030 0.01525 0.03317 0.02936 -0.00049 -0.00006
0.00072 0.08562 -0.10422 -0.00000 0.03850 0.01933 0.00064 0.00038 0.00115 0.02152 -0.00883 0.00049 -0.00114 -0.00904 -0.00011 -0.00008 -0.00018 0.04375 0.02575 -0.01702 0.00098 -0.00043 -0.00009 0.00042 -0.00000 -0.00065 0.00006 -0.63667 -0.00000 0.00053
-0.00016 -0.00247 -0.00110 -0.00012 0.02560 0.00014 -0.00024 -0.00000 -0.00014 0.00156 -0.01168 -0.00007 -0.00052 -0.17052 -0.00000 -0.00119 0.00001 0.04548 -0.00001 -0.00017 -0.24770 -0.00000 -0.00017 -0.00018 -0.00007 0.00000 0.00087 0.00000 0.00019 -0.00000
-0.00024 0.00015 -0.02229 -0.00005 0.00010 0.01319 -0.00010 0.00005 0.00171 0.00618 -0.01003 0.00004 -0.05839 -0.00000 -0.00014 -0.00000 -0.00000 0.00807 0.00895 0.50232 0.00129 -0.25089 -0.00000 0.00000 -0.02410 -0.00016 0.00000 0.04157 -0.00081 -0.00007
0.00001 -0.00663 0.00018 -0.00013 0.00205 0.00002 0.00000 -0.00009 -0.00003 -0.00003 -0.00271 -0.00000 -0.00000 0.00071 -0.00000 0.00000 0.00001 0.03808 -0.00003 -0.00002 -0.00688 -0.00029 0.00004 -0.00013 -0.00000 0.12274 -0.00001 0.00000 0.00005 -0.25308
-0.00010 0.00000 -0.04461 -0.00013 0.00814 0.01956 -0.00279 0.00022 0.00151 -0.00001 -0.01242 -0.00001 -0.00091 0.12296 -0.02792 -0.01040 -0.00009 0.04054 0.02908 -0.00264 0.01188 -0.00046 0.00000 0.00029 -0.03322 -0.00101 0.00668 -0.00004 -0.00000 -0.32026
-0.00030 0.00011 -0.00954 0.00051 0.00365 0.00035 0.00013 0.00048 -0.00030 0.00046 -0.00136 -0.00015 -0.00078 0.51074 0.00000 -0.00034 -0.00015 0.00121 -0.00009 0.00009 0.00965 -0.00032 -0.00044 0.00005 0.00000 -0.13557 0.00035 -0.00000 -0.00000 0.00000
