0.00000 -0.08382 -0.02298 -0.09563 -0.00917 0.05519 0.11980 0.00565 0.00017 -0.00744 -0.00001 0.28607 -0.00561 -0.00002 -0.00004 -0.06691 1.61377 -0.48296 -0.18144 -0.03389 -0.17803 -0.00002 -0.00002 -0.04022 0.00008 -0.01060 -0.02792 -0.03173 0.00706 -0.11934
-0.00000 0.00000 -0.00220 -0.20114 0.08690 -1.92895 0.10760 -0.10929 -0.00000 -0.00000 -0.00000 -0.73023 -0.03261 -0.00000 0.00000 -0.16948 0.00000 0.00000 -0.00000 -0.00001 0.00000 0.00000 0.00001 0.00000 0.00001 0.00001 -0.01176 0.00002 -0.08128 -0.19000
-0.00003 -0.00000 0.00000 -0.01042 0.00003 0.00325 0.00002 0.00000 0.00016 0.00038 0.00013 0.00038 0.00679 -0.00152 -0.00745 -0.02516 -0.00036 0.00004 -0.00160 -0.00000 -0.00011 0.00002 -0.00232 0.00009 0.00000 -0.00108 0.39464 -0.00818 -0.00002 -0.02394
0.00000 0.00000 -0.00002 0.00000 -0.00000 -0.00001 -0.00000 -0.00000 -0.00000 -0.00000 0.00000 -0.00004 0.00001 0.00000 0.00000 0.00000 0.00001 -0.00000 0.00001 0.00000 0.00001 0.00000 -0.00000 -0.00000 0.00000 0.00001 0.00000 0.00002 0.00000 0.00001
-0.00001 0.00001 -0.02654 -0.29878 0.00000 -0.00001 0.33314 0.04368 0.00003 -0.00000 -0.00001 0.87243 -0.06044 -0.00005 0.00003 -0.25641 -0.00001 0.00000 -0.00001 -0.00028 0.00001 0.00000 -0.00002 0.00000 0.00005 0.00002 -0.01890 0.00004 -0.10201 -0.25185
-0.00000 -0.00000 0.00066 -0.05519 -0.05444 0.00000 0.03920 0.04514 0.00000 0.00000 -0.00000 0.28119 -0.00966 -0.00000 -0.00001 -0.03418 -0.00001 0.00000 0.00000 -0.00001 -0.00000 -0.00001 -0.00001 0.00000 -0.00001 -0.00001 0.00067 -0.00001 -0.01178 -0.04429
-0.00000 -0.00000 -0.02892 -0.11469 0.00000 0.00003 0.00000 0.07927 0.00001 0.00000 -0.00001 0.00005 -0.03936 -0.00000 -0.00018 -0.11744 -0.00001 0.00000 -0.00003 -0.00000 -0.00001 -0.00000 -0.00001 -0.00000 0.00000 -0.00004 -0.02940 -0.00017 -0.00130 -0.10597
-0.00000 -0.00001 -0.03498 -0.21445 0.00000 0.00002 -0.00004 0.00000 0.00003 0.00001 -0.00001 0.00001 -0.03609 -0.00003 -0.00003 -0.17756 -0.00005 0.00000 0.00003 -0.00000 -0.00005 -0.00002 -0.00004 -0.00000 -0.00004 -0.00010 -0.02936 -0.00012 -0.06939 -0.21031
-0.01674 -0.06048 -0.01150 -0.07570 -0.01461 0.05223 0.07077 0.02937 0.00000 0.00264 -0.00002 0.16366 -0.03165 -0.00002 -0.00001 -0.07577 -1.91112 0.10199 -0.13849 -0.01343 -0.14352 -0.00001 -0.00000 -0.00000 -0.00001 -0.00014 -0.00902 -0.00829 0.00140 -0.05652
-0.00001 -0.31373 -0.00188 -0.14500 -0.16245 0.10594 0.13778 0.03018 0.00003 0.00000 0.00001 0.45457 -0.04323 -0.00003 -0.00003 -0.10853 -0.00004 0.00000 0.84701 -0.00017 0.00000 -0.00000 0.00001 0.00001 -0.00003 -0.00000 -0.00519 -0.00001 -0.06250 -0.13816
-0.01109 -0.03340 0.00433 -0.04548 -0.00831 0.01900 0.03843 0.01482 0.03868 0.01286 0.00000 0.16928 -0.00062 -0.00006 -0.00002 -0.05361 -0.01917 0.02431 -0.06048 -0.00038 -0.11251 -0.00012 -0.02492 -0.01235 -0.01829 -0.00004 -0.01022 -0.00002 -0.05103 -0.04826
-0.00000 -0.00000 0.00093 0.01677 0.00000 0.00000 0.06968 0.43142 0.00000 0.00000 -0.00000 0.00000 0.00119 -0.00000 -0.00001 -0.00389 -0.00001 0.00000 0.00000 -0.00000 -0.00001 -0.00000 -0.00001 -0.00000 -0.00000 -0.00001 -0.00309 -0.00002 0.01002 0.02147
-0.00001 -0.00003 0.00001 -0.04773 0.00000 0.00035 0.00002 0.00000 0.00002 0.00006 -0.00010 0.00036 0.00000 -0.00001 -0.00130 -0.03800 -0.00014 0.00002 0.00003 -0.00000 -0.00007 -0.00003 -0.00003 -0.00003 -0.00005 -0.00017 0.00000 -0.00005 0.00001 0.00001
-0.02299 -0.05485 -0.00011 -0.04685 -0.00653 0.04148 0.05852 -0.00013 0.03696 0.00327 -0.01802 0.10120 -0.01959 0.00000 -0.00001 -0.05148 -0.03600 0.00982 -0.06461 -0.01214 -0.09813 -0.00000 -0.00001 -0.02662 0.00001 -0.00004 -0.01372 -0.00354 0.03077 -0.03694
-0.02135 -0.04599 -0.00008 -0.04518 -0.00728 0.04412 0.01128 0.00997 0.04856 0.00581 -0.02725 0.12849 -0.00087 -0.02807 0.00000 -0.06199 -0.01935 0.02193 -0.12439 -0.00029 -0.09370 -0.02456 -0.03805 -0.01645 -0.04099 -0.00001 -0.00005 0.00001 -0.00253 -0.04961
-0.00000 -0.00000 0.00003 1.73853 0.00000 -0.00001 -0.00000 -0.00000 -0.00000 0.00000 0.00000 -0.00004 0.00001 -0.00000 0.00000 0.00000 0.00001 -0.00000 0.00001 0.00000 0.00001 0.00000 -0.00001 -0.00000 0.00000 0.00001 0.00000 0.00002 -0.00000 0.00001
0.00000 0.02091 -0.00011 0.02770 -0.00085 -0.02633 -0.04085 0.00779 -0.00000 -0.00014 0.00001 -0.08117 0.00341 0.00001 0.00000 0.01099 0.00000 0.29562 0.06403 0.00432 0.07430 0.00001 -0.00000 0.00000 0.00001 0.00002 0.00866 0.00021 0.00874 0.03548
-0.00000 -0.15421 -0.03788 -0.17456 -0.01981 0.14740 0.24031 0.01842 -0.00000 0.00852 0.00001 0.48054 -0.05249 -0.00009 -0.00001 -0.16124 0.00000 0.00000 -0.44968 -0.00016 -0.49156 -0.00000 -0.00003 0.00001 0.00000 -0.00006 -0.01695 0.00006 -0.03037 -0.19739
-0.00000 -0.34431 0.00062 0.00800 -0.15769 1.18036 0.02341 -0.03150 0.00000 0.00000 0.00000 -0.11196 0.00576 -0.00000 -0.00000 -0.02405 -0.00000 0.00000 0.00000 -0.00002 -0.00000 -0.00000 -0.00001 0.00000 -0.00000 -0.00000 0.00047 -0.00000 -0.01824 -0.00665
-0.00002 -0.05095 -0.06557 -0.47360 -0.01486 0.05688 -1.13186 -0.27217 0.00005 0.00327 -0.01931 -2.18741 -0.12949 -0.00034 -0.02187 1.17187 -0.00034 0.03163 -0.06835 0.00000 -0.08518 -0.00009 -0.00020 0.00000 -0.03712 -0.05089 -0.11847 -0.07314 -0.09162 -0.43480
0.00000 0.30983 0.01530 0.10786 0.15473 -0.10616 -0.09816 -0.02237 -0.00000 0.30641 -0.00000 -0.30294 0.02786 -0.00000 0.00000 0.07333 0.00000 -0.00000 -0.92252 0.00000 0.00000 0.00000 0.00000 -0.00000 0.00000 0.00000 0.00010 0.00000 0.03551 0.08614
-0.02711 -0.03685 -0.01119 -0.05373 -0.00828 0.02602 0.05236 0.00939 0.04810 0.00911 -0.00807 0.09840 -0.02138 -0.04562 -0.00001 -0.04946 -0.01410 0.02807 -0.06831 -0.00681 -0.09358 0.00000 -0.00002 -0.04085 -0.00000 -0.00003 -0.00101 -0.00004 -0.04637 -0.04841
-0.02768 -0.02970 0.00012 -0.04354 -0.01468 0.02584 0.07462 0.01317 0.06642 0.02140 -0.00000 0.11080 -0.02046 -0.03457 -0.00001 -0.05260 -0.03744 0.02631 -0.06358 -0.00947 -0.07240 -0.03159 0.00000 -0.01922 -0.00001 -0.00002 -0.01474 0.00003 0.01712 -0.04308
-0.00002 0.50868 -0.02178 0.02203 0.30672 0.07928 -0.08011 -0.02927 0.03362 -0.00540 0.00000 -0.18473 -0.00074 -0.00002 -0.00002 0.00507 -0.03721 0.02566 1.36128 -0.02989 -0.11026 -0.00001 -0.00002 0.00000 0.00008 -0.00088 -0.00729 -0.00669 -0.02575 0.03401
-0.01065 -0.03101 -0.01686 -0.05109 0.00246 0.04250 0.06125 -0.00178 0.03364 0.00556 0.00002 0.09804 -0.01040 -0.02476 -0.00001 -0.04524 -0.03709 0.03494 -0.06104 -0.00005 -0.07466 -0.03831 -0.03137 -0.00869 0.00000 -0.00003 -0.01093 -0.00002 -0.04249 -0.04899
-0.00016 0.05183 -0.00261 -0.02797 0.06079 0.05507 0.03933 0.02095 0.03096 -0.16406 -0.03667 0.15342 -0.01245 -0.02992 -0.07482 -0.04540 -0.03691 0.03402 -0.50511 -0.00001 0.44734 -0.03871 -0.03694 -0.00693 -0.03223 0.00000 -0.00038 -0.00000 0.01616 -0.02264
-0.00002 -0.00017 0.00000 -0.04453 0.00007 0.00265 0.00003 0.00001 0.00014 0.00059 0.00004 0.00041 0.29175 -0.00040 -0.01433 -0.03880 -0.00015 0.00020 -0.00173 -0.00000 -0.00054 -0.00016 -0.00029 0.00007 0.00002 -0.00236 0.00000 -0.01274 -0.00002 -0.07164
-0.00002 -0.02150 -0.00003 -0.04344 -0.00919 0.01360 0.01484 0.00476 0.00018 -0.01695 -0.03717 0.08859 -0.01322 -0.00038 -0.02295 -0.04568 -0.01470 0.03049 -0.09199 -0.00003 -0.07201 -0.01906 -0.01333 0.00079 -0.02411 -0.06012 0.00001 0.00000 -0.00434 -0.05519
0.00002 -0.00001 -0.09755 -0.06182 0.00000 0.00010 0.00172 -0.00000 0.00019 -0.00000 -0.00001 0.00003 0.34352 0.00003 -0.00041 -0.09577 -0.00003 0.00005 0.00001 -0.00000 -0.00001 -0.00002 -0.00000 -0.00001 -0.00002 -0.00001 -0.11504 -0.00035 0.00000 1.59169
0.00000 -0.00000 -0.00001 0.04067 -0.00000 -0.00000 0.00000 -0.00000 0.00000 -0.00000 -0.00001 -0.00001 0.05143 0.00002 0.00001 0.05533 0.00001 -0.00000 0.00001 0.00000 0.00000 -0.00001 0.00000 -0.00000 -0.00001 0.00001 -0.00000 -0.00000 0.00000 0.00000
