0.00000 -0.00000 -0.01194 0.00000 0.00005 -0.00000 -0.00000 -0.00000 0.00000 0.00000 -0.25441 -0.00000 -0.00000 -0.00000 0.00000 -0.00000 -0.00000 -0.00031 0.00000 0.00000
-0.84452 0.00000 -0.02621 -0.00000 -0.00311 -0.00001 -0.00000 -0.00000 -0.00002 -0.06036 0.21743 -0.00000 -0.00000 0.00000 -0.00000 0.00000 -0.00000 -0.00543 -0.00000 0.00000
0.00003 0.00001 0.00000 0.00000 -0.00105 0.00000 -0.00000 0.00000 0.00000 0.00000 0.11066 -0.00000 -0.00000 0.00000 0.00000 -0.00000 0.00000 0.00000 -0.00000 0.00000
1.40174 -0.05873 -0.22792 0.00000 -0.21251 -0.00000 -0.00000 -0.78297 -0.16174 -0.21094 0.26235 -0.00000 -0.00000 -0.00000 0.00000 -1.09105 -0.00001 -0.31784 0.00000 0.01538
0.02208 0.00050 0.00129 0.00000 0.00000 -0.00000 -0.00000 0.00000 0.00000 0.00000 0.04221 -0.00000 -0.00000 0.00000 0.00000 0.00000 0.00000 0.00000 -0.00000 0.00000
-0.02919 -0.04031 0.42856 -0.08030 -0.10154 0.00000 -0.33695 -0.26747 -0.05932 -0.08595 -0.08317 -0.04656 -0.00054 -0.00000 0.00000 0.07797 -0.00002 -0.12672 -0.01037 0.01903
-0.05624 -0.04865 -0.18993 -0.07571 -0.16278 -0.00000 0.00000 -0.26969 -0.07109 -0.08280 -0.06496 -0.37335 -0.01402 -0.00001 0.00000 0.06385 -0.00046 0.51800 -0.08856 0.01871
-0.05178 -0.03350 -0.04845 0.00000 -0.04413 -0.00000 -0.00000 0.00000 -0.05520 -0.02904 -0.01250 0.00000 0.00000 -0.00000 0.00000 0.00000 -0.00000 -0.02672 -0.00000 -0.42075
1.26926 0.02054 -0.03766 -0.00000 -0.03590 -0.00000 -0.00000 -0.00000 0.00000 1.01311 0.30496 -0.00000 -0.00000 -0.00000 0.00000 0.00000 -0.00001 -0.07991 -0.00000 0.00000
0.05902 0.00006 0.06703 0.00000 0.02701 -0.00000 -0.00000 -0.00000 0.00000 0.00000 0.02903 0.00000 -0.00000 -0.00000 0.00000 0.00000 -0.00001 0.08970 -0.00000 0.00000
-0.00000 0.00000 0.00000 -0.00000 -0.00000 -0.00000 -0.00000 -0.00000 -0.00000 0.00000 0.00000 -0.00000 -0.00000 0.00000 -0.00000 0.00000 -0.00000 -0.00000 -0.00000 0.00000
-0.75398 -0.73962 -0.45447 -0.06744 -0.36241 -0.00000 -0.00000 1.08358 -0.07356 1.82885 -0.01041 0.00000 -0.09127 -0.00018 0.00000 0.07443 -0.00976 1.64416 -0.33603 0.60466
-0.23335 -0.23024 -0.65247 -1.44903 -0.65184 -0.00048 -0.00002 1.64566 -0.60589 -1.40735 -0.34069 -0.00000 0.00000 -0.03054 0.00058 0.13534 -0.37566 -0.81573 -0.00000 -0.73402
-0.87481 1.26885 -0.22863 -0.13639 -0.24085 -0.14568 -0.01092 -0.56145 -0.12648 -0.20354 0.09595 -0.00067 -0.00000 0.00000 -0.44798 0.11121 -0.00000 -0.27756 -0.00006 0.01593
-0.02759 -0.13111 -0.16898 -0.11144 -0.14071 -0.27972 -0.08893 -0.43713 -0.07886 -0.15997 -0.09193 -0.01646 -0.00008 -0.00000 0.00000 0.09942 -0.00000 -0.19959 -0.00127 0.01769
-0.13525 -0.05979 -0.19785 -0.00000 -0.15706 -0.00000 -0.00000 -0.50523 -0.12270 -0.16990 -0.10915 -0.00000 0.00000 -0.00000 0.00000 0.00000 -0.00000 -0.22830 -0.00000 0.00020
-0.09003 -0.07724 1.65889 -0.09056 1.98402 -0.01082 -0.00040 -0.26918 -0.05648 -0.10144 -0.40819 -0.00004 -0.00000 -0.40455 0.00941 0.08154 0.00000 -0.12211 -0.00000 0.01819
0.00095 0.00001 0.11419 0.00000 0.09687 -0.00000 0.00000 0.00000 0.00000 0.00000 0.04093 0.00000 -0.00000 -0.00000 0.00000 -0.00000 -0.00000 0.00000 0.00000 0.00000
0.05405 -0.07239 -0.07725 1.57235 -0.08003 -0.00004 -0.00000 -0.07431 -0.04630 -0.07674 -0.01181 -0.00000 -0.33093 -0.00258 0.00007 0.01014 -0.05066 -0.07633 0.00000 0.00755
-0.14739 -0.23550 -0.38643 -0.00000 -0.35156 -0.00000 -0.00000 -0.00000 1.02003 -0.69016 -0.15319 -0.00000 -0.00000 -0.00000 0.00000 0.00000 -0.00001 -0.41226 -0.00000 0.00000
