1.000 0.001 0.000 0.000 0.000 0.000 0.000 0.000 0.001 0.000 0.000 0.000 0.000 0.000 0.000 0.002 0.001 0.000 0.000 0.001 0.001 0.000 0.001 0.000 0.000 0.000 0.002 0.000 0.001 0.000
0.001 1.000 0.001 0.001 0.001 0.001 0.001 -0.000 -0.002 0.001 0.001 0.001 0.001 0.001 0.001 -0.005 -0.004 0.001 0.001 -0.003 -0.002 0.001 -0.001 0.001 0.001 0.000 -0.005 0.001 -0.001 0.001
0.000 0.001 1.000 0.003 0.003 0.003 0.002 0.005 0.010 0.003 0.003 0.003 0.002 0.003 0.003 0.016 0.013 0.003 0.003 0.012 0.008 0.002 0.007 0.002 0.003 0.004 0.017 0.002 0.007 0.003
0.000 0.001 0.003 1.000 -0.000 -0.000 -0.000 -0.000 -0.000 -0.000 -0.000 -0.000 -0.000 -0.000 -0.000 0.000 -0.000 -0.000 -0.000 -0.000 -0.000 -0.000 -0.000 -0.000 -0.000 -0.000 0.000 -0.000 -0.000 -0.000
0.000 0.001 0.003 -0.000 1.000 -0.002 -0.002 -0.002 -0.002 -0.002 -0.002 -0.002 -0.002 -0.002 -0.002 -0.001 -0.001 -0.002 -0.002 -0.002 -0.002 -0.002 -0.002 -0.002 -0.002 -0.002 -0.001 -0.002 -0.002 -0.002
0.000 0.001 0.003 -0.000 -0.002 1.000 -0.005 -0.008 -0.011 -0.006 -0.006 -0.006 -0.005 -0.005 -0.006 -0.016 -0.014 -0.006 -0.006 -0.013 -0.010 -0.005 -0.009 -0.005 -0.006 -0.007 -0.017 -0.005 -0.009 -0.006
0.000 0.001 0.002 -0.000 -0.002 -0.005 1.000 -0.003 -0.006 -0.002 -0.002 -0.002 -0.002 -0.002 -0.002 -0.010 -0.008 -0.002 -0.002 -0.007 -0.005 -0.002 -0.005 -0.002 -0.002 -0.003 -0.011 -0.002 -0.005 -0.002
0.000 -0.000 0.005 -0.000 -0.002 -0.008 -0.003 1.000 0.007 0.003 0.003 0.003 0.003 0.003 0.003 0.009 0.008 0.003 0.003 0.008 0.006 0.003 0.005 0.003 0.003 0.004 0.010 0.003 0.005 0.003
0.001 -0.002 0.010 -0.000 -0.002 -0.011 -0.006 0.007 1.000 0.001 0.001 0.000 0.001 0.001 0.001 -0.002 -0.001 0.001 0.000 -0.001 -0.001 0.001 -0.000 0.001 0.000 0.000 -0.002 0.001 -0.000 0.001
0.000 0.001 0.003 -0.000 -0.002 -0.006 -0.002 0.003 0.001 1.000 -0.000 -0.000 -0.000 -0.000 -0.000 -0.001 -0.001 -0.000 -0.000 -0.001 -0.001 -0.000 -0.001 -0.000 -0.000 -0.000 -0.002 -0.000 -0.001 -0.000
0.000 0.001 0.003 -0.000 -0.002 -0.006 -0.002 0.003 0.001 -0.000 1.000 0.000 0.001 0.001 0.001 -0.001 -0.001 0.001 0.001 -0.000 -0.000 0.001 0.000 0.001 0.001 0.000 -0.001 0.001 0.000 0.001
0.000 0.001 0.003 -0.000 -0.002 -0.006 -0.002 0.003 0.000 -0.000 0.000 1.000 0.007 0.007 0.007 0.010 0.010 0.007 0.007 0.009 0.009 0.007 0.008 0.007 0.007 0.008 0.011 0.007 0.008 0.007
0.000 0.001 0.002 -0.000 -0.002 -0.005 -0.002 0.003 0.001 -0.000 0.001 0.007 1.000 -0.001 -0.001 -0.004 -0.003 -0.001 -0.001 -0.003 -0.002 -0.001 -0.002 -0.001 -0.001 -0.001 -0.004 -0.001 -0.002 -0.001
0.000 0.001 0.003 -0.000 -0.002 -0.005 -0.002 0.003 0.001 -0.000 0.001 0.007 -0.001 1.000 -0.002 -0.012 -0.010 -0.002 -0.002 -0.009 -0.006 -0.002 -0.005 -0.002 -0.002 -0.003 -0.013 -0.002 -0.005 -0.002
0.000 0.001 0.003 -0.000 -0.002 -0.006 -0.002 0.003 0.001 -0.000 0.001 0.007 -0.001 -0.002 1.000 0.001 0.001 0.001 0.001 0.001 0.001 0.001 0.001 0.001 0.001 0.001 0.001 0.001 0.001 0.001
0.002 -0.005 0.016 0.000 -0.001 -0.016 -0.010 0.009 -0.002 -0.001 -0.001 0.010 -0.004 -0.012 0.001 1.001 -0.008 -0.007 -0.007 -0.008 -0.007 -0.007 -0.007 -0.007 -0.007 -0.007 -0.008 -0.007 -0.007 -0.007
0.001 -0.004 0.013 -0.000 -0.001 -0.014 -0.008 0.008 -0.001 -0.001 -0.001 0.010 -0.003 -0.010 0.001 -0.008 1.001 0.001 0.001 0.002 0.001 0.001 0.001 0.001 0.001 0.001 0.002 0.001 0.001 0.001
0.000 0.001 0.003 -0.000 -0.002 -0.006 -0.002 0.003 0.001 -0.000 0.001 0.007 -0.001 -0.002 0.001 -0.007 0.001 1.000 0.001 -0.004 -0.002 0.001 -0.002 0.001 0.001 0.000 -0.008 0.001 -0.002 0.001
0.000 0.001 0.003 -0.000 -0.002 -0.006 -0.002 0.003 0.000 -0.000 0.001 0.007 -0.001 -0.002 0.001 -0.007 0.001 0.001 1.000 -0.001 -0.001 -0.001 -0.001 -0.001 -0.001 -0.001 -0.000 -0.001 -0.001 -0.001
0.001 -0.003 0.012 -0.000 -0.002 -0.013 -0.007 0.008 -0.001 -0.001 -0.000 0.009 -0.003 -0.009 0.001 -0.008 0.002 -0.004 -0.001 1.001 0.004 -0.002 0.003 -0.002 -0.001 -0.000 0.013 -0.002 0.003 -0.001
0.001 -0.002 0.008 -0.000 -0.002 -0.010 -0.005 0.006 -0.001 -0.001 -0.000 0.009 -0.002 -0.006 0.001 -0.007 0.001 -0.002 -0.001 0.004 1.000 0.002 -0.005 0.002 0.002 0.000 -0.019 0.003 -0.005 0.002
0.000 0.001 0.002 -0.000 -0.002 -0.005 -0.002 0.003 0.001 -0.000 0.001 0.007 -0.001 -0.002 0.001 -0.007 0.001 0.001 -0.001 -0.002 0.002 1.000 0.004 0.004 0.004 0.004 0.004 0.004 0.004 0.004
0.001 -0.001 0.007 -0.000 -0.002 -0.009 -0.005 0.005 -0.000 -0.001 0.000 0.008 -0.002 -0.005 0.001 -0.007 0.001 -0.002 -0.001 0.003 -0.005 0.004 1.000 0.004 0.004 0.004 0.002 0.004 0.003 0.004
0.000 0.001 0.002 -0.000 -0.002 -0.005 -0.002 0.003 0.001 -0.000 0.001 0.007 -0.001 -0.002 0.001 -0.007 0.001 0.001 -0.001 -0.002 0.002 0.004 0.004 1.000 0.001 0.001 0.002 0.001 0.001 0.001
0.000 0.001 0.003 -0.000 -0.002 -0.006 -0.002 0.003 0.000 -0.000 0.001 0.007 -0.001 -0.002 0.001 -0.007 0.001 0.001 -0.001 -0.001 0.002 0.004 0.004 0.001 1.000 -0.002 -0.003 -0.002 -0.002 -0.002
0.000 0.000 0.004 -0.000 -0.002 -0.007 -0.003 0.004 0.000 -0.000 0.000 0.008 -0.001 -0.003 0.001 -0.007 0.001 0.000 -0.001 -0.000 0.000 0.004 0.004 0.001 -0.002 1.000 -0.007 -0.011 -0.010 -0.011
0.002 -0.005 0.017 0.000 -0.001 -0.017 -0.011 0.010 -0.002 -0.002 -0.001 0.011 -0.004 -0.013 0.001 -0.008 0.002 -0.008 -0.000 0.013 -0.019 0.004 0.002 0.002 -0.003 -0.007 1.002 -0.015 -0.013 -0.015
0.000 0.001 0.002 -0.000 -0.002 -0.005 -0.002 0.003 0.001 -0.000 0.001 0.007 -0.001 -0.002 0.001 -0.007 0.001 0.001 -0.001 -0.002 0.003 0.004 0.004 0.001 -0.002 -0.011 -0.015 1.001 -0.012 -0.007
0.001 -0.001 0.007 -0.000 -0.002 -0.009 -0.005 0.005 -0.000 -0.001 0.000 0.008 -0.002 -0.005 0.001 -0.007 0.001 -0.002 -0.001 0.003 -0.005 0.004 0.003 0.001 -0.002 -0.010 -0.013 -0.012 1.001 0.003
0.000 0.001 0.003 -0.000 -0.002 -0.006 -0.002 0.003 0.001 -0.000 0.001 0.007 -0.001 -0.002 0.001 -0.007 0.001 0.001 -0.001 -0.001 0.002 0.004 0.004 0.001 -0.002 -0.011 -0.015 -0.007 0.003 1.001
