0.00000 -0.00001 -0.00003 -0.00000 0.00000 0.00009 -0.00034 0.00002 0.00000 0.00000 -0.00000 0.00014 0.00074 -0.00000 -0.00009 0.00000 -0.00008 -0.00000 -0.00013 -0.00000 -0.00012 -0.00000 0.00000 -0.00000 -0.00000 -0.00000 -0.00000 0.00004 0.00000 -0.00002
-0.00000 0.00000 -0.00022 -0.00000 0.00007 -0.00000 0.00016 0.00000 0.00000 -0.00005 0.00000 -0.00006 -0.00000 -0.00000 0.00007 0.34969 0.07187 0.00000 0.08563 -0.00000 0.00000 -0.00024 0.00016 0.00000 -0.00000 0.10485 -0.10699 0.00000 -0.00000 0.03922
0.00000 0.00000 -0.00000 0.00000 -0.00000 0.00010 0.00000 0.00000 0.00000 0.00000 -0.00006 0.00000 0.00000 0.00013 -0.00000 0.00000 0.00009 0.00000 0.00000 -0.00018 0.06117 -0.00000 0.00006 0.00000 -0.00000 0.00013 -0.54386 -0.00000 -0.00000 -0.00000
0.00000 -0.00000 -0.00000 -0.00000 -0.00000 0.00000 0.00000 -0.00000 0.00000 -0.00005 -0.00002 -0.00000 0.00000 -0.00008 -0.00000 -0.00001 -0.00000 0.00001 -0.00004 0.00000 0.00000 -0.00000 -0.00002 -0.00000 0.00000 -0.00000 0.00000 -0.00000 0.00000 0.00003
0.00008 0.00004 -0.00000 -0.00000 -0.00000 -0.00000 0.00000 0.00000 -0.00004 0.00015 -0.00000 -0.00000 -0.00000 0.00000 0.00005 -0.00009 -0.00001 0.00017 0.00000 -0.00000 0.00000 0.00000 0.00026 0.00109 0.00009 -0.00000 0.00000 0.00011 0.00005 -0.00006
0.00008 -0.00000 0.00000 0.00000 -0.00000 -0.00000 0.00005 0.12411 -0.00000 0.00010 -0.00007 -0.00000 -0.00000 0.00000 -0.00002 -0.00000 0.53129 0.00000 -0.00000 0.00000 0.00000 0.00000 0.00000 -0.00008 0.00000 -0.00006 0.00001 -0.00000 -0.00000 0.00009
0.00000 -0.00000 0.00002 0.00000 0.00001 0.00005 -0.00000 -0.00000 0.00000 0.00000 -0.00000 -0.00000 -0.00000 0.00000 0.00000 0.00074 -0.00000 -0.00000 -0.00007 0.00000 -0.00000 -0.00003 -0.00000 -0.00001 0.00000 -0.00000 0.22789 0.00000 0.00001 -0.00000
0.00001 0.00000 0.00044 -0.00003 0.00000 0.00000 -0.00000 -0.00000 -0.00048 0.00007 0.00000 0.00000 0.00000 0.00000 0.00000 -0.18282 0.19474 -0.00006 -0.00000 0.00004 -0.00003 0.00006 0.00000 0.00000 0.00000 -0.00000 -0.00024 0.00000 0.00006 -0.00016
-0.00000 0.00000 -0.00000 0.00000 0.00000 -0.00000 -0.00000 -0.00053 0.00000 0.00000 -0.00000 -0.00000 0.00006 0.00000 0.00000 -0.00000 0.00002 -0.00000 -0.00000 -0.00051 0.00005 0.00000 -0.00021 -0.00014 -0.00000 -0.00000 -0.00000 -0.00000 -0.00000 -0.00013
0.00000 -0.00001 -0.00000 -0.00000 -0.00000 0.00000 0.00000 0.00000 -0.61454 -0.00000 -0.00000 0.00000 0.00000 -0.00000 -0.00000 -0.00002 -0.00001 0.00000 -0.00000 -0.00000 -0.00000 0.00000 0.00000 -0.00000 0.00000 0.00000 -0.00010 0.00000 0.00000 0.00000
-0.00000 0.00007 -0.00004 -0.00000 -0.00000 -0.00006 -0.00003 0.00000 0.00000 -0.00001 -0.00000 0.00000 -0.00000 -0.00000 0.00000 -0.00007 -0.00000 -0.00000 0.00000 0.00004 0.00016 -0.00000 0.00009 -0.00000 -0.00001 0.00001 -0.00000 -0.00017 0.00003 -0.00000
-0.00000 -0.00000 -0.00013 -0.00000 0.00000 0.00000 -0.00001 0.00000 -0.00000 0.00021 -0.00000 -0.00000 -0.00000 -0.00000 0.00000 0.00000 0.00006 0.00007 0.00000 -0.00000 0.00000 -0.00005 -0.00011 -0.00000 -0.00008 -0.00000 0.00016 -0.00028 -0.44563 -0.00000
-0.00000 -0.00000 -0.00000 -0.00000 0.00000 0.00000 0.00000 -0.00000 0.00000 -0.00002 0.00000 -0.00000 -0.00000 -0.00009 0.00000 0.11310 0.00000 -0.00000 0.00000 -0.00000 -0.00040 0.00000 0.00004 -0.00000 0.00000 -0.00018 -0.00000 -0.00000 0.00000 0.00010
-0.00002 -0.00003 0.00000 0.00000 -0.00000 0.00000 0.00000 -0.00000 0.00000 -0.00028 0.00000 0.00000 0.00000 -0.00000 0.00001 -0.00000 0.00002 0.00000 -0.00000 -0.00000 -0.00000 0.00000 0.00000 0.00000 -0.00000 0.00000 0.27249 0.00000 -0.00002 0.00000
-0.00000 0.00019 -0.00000 0.00000 -0.00000 -0.00000 0.00000 0.00000 -0.00000 0.00000 -0.00000 -0.00005 0.00000 -0.00000 -0.00000 0.00013 -0.00011 -0.00004 -0.00000 -0.00000 -0.00002 0.00000 0.00010 0.00000 -0.00000 0.00000 -0.00000 -0.00000 0.00000 -0.00000
-0.00017 0.00000 0.00038 -0.00033 -0.00002 -0.00117 0.00100 -0.00000 0.00023 -0.00006 -0.00005 -0.00007 0.00000 0.00000 0.00013 0.00000 0.00000 -0.00000 0.03307 0.00009 0.00028 0.00035 0.07200 -0.00018 -0.00007 0.00000 -0.06380 -0.00011 0.00000 0.00000
-0.00000 0.00033 -0.00015 0.00000 -0.00006 -0.00000 -0.00000 0.00000 -0.00017 0.00000 -0.00010 0.00000 0.00009 0.00000 0.00000 -0.00006 0.00000 -0.00178 0.00125 -0.00024 0.00082 -0.00030 -0.00000 0.00000 -0.00020 0.00000 -0.00107 -0.00000 -0.00000 -0.00000
-0.00000 -0.38816 -0.00000 0.00000 -0.00000 -0.00000 0.00000 -0.00004 -0.00000 0.00000 0.00000 -0.00005 0.00000 -0.00000 0.00002 -0.25880 -0.00050 -0.00000 -0.00046 0.00013 0.00000 0.00010 0.00000 0.00000 0.00008 -0.01198 0.03910 -0.00006 0.00000 -0.00349
-0.00009 -0.00000 -0.00011 -0.00000 0.00000 -0.00000 -0.00000 -0.00000 0.00000 0.00000 0.00000 0.00000 -0.00000 0.00000 -0.00000 0.00063 0.00000 -0.00034 -0.00000 0.00000 0.00015 -0.00000 -0.00000 0.00000 -0.00007 0.00077 0.00010 -0.00000 0.00000 0.00020
-0.00010 0.00000 -0.00013 0.00000 0.00014 -0.00000 0.00000 0.00000 0.00000 -0.00000 0.00033 0.00001 0.00000 -0.00000 0.00000 0.00000 -0.00001 0.00000 0.00006 0.00000 0.00000 -0.00000 -0.13824 0.00014 -0.00000 0.00008 0.02842 -0.00000 -0.01698 -0.00022
0.00000 0.00014 0.00001 0.00000 0.00010 -0.00000 -0.00036 -0.00000 -0.00019 0.00000 -0.00000 0.00000 0.00004 -0.00000 -0.00012 0.00029 -0.00000 -0.00003 -0.00000 0.27463 0.00000 -0.01255 0.00660 0.00000 0.00029 0.00016 0.49988 0.00000 -0.08956 0.00000
0.00000 -0.00000 0.00000 -0.00000 0.00000 -0.00000 -0.00002 -0.00000 -0.00009 0.00000 0.00000 0.00017 0.00000 0.00004 0.00000 0.00013 -0.00022 0.00000 0.00000 0.49789 -0.00000 -0.00000 -0.15772 -0.00000 -0.00000 -0.00001 0.00000 0.00000 0.00000 -0.00029
0.00000 0.00005 0.00000 -0.00000 0.00699 0.00000 0.00001 0.00000 -0.00000 0.00008 0.00002 -0.00010 0.00012 -0.00006 0.00006 0.00039 0.00022 -0.00027 -0.00016 -0.00002 0.00014 -0.00000 0.00000 0.00000 0.00000 -0.00000 0.00015 -0.00035 -0.00000 -0.00000
0.00003 0.00000 0.00000 -0.00000 0.01622 -0.00002 -0.00000 -0.00000 -0.00001 0.00000 -0.00000 -0.00000 -0.00000 0.00000 0.00000 -0.00004 0.00000 -0.00000 -0.00000 0.00004 0.00000 0.00006 0.27121 -0.00000 0.00000 -0.00003 -0.00000 -0.00006 -0.00024 -0.00000
0.64511 -0.00000 -0.00000 0.00000 -0.00000 -0.00000 -0.00000 0.00000 -0.00000 0.00003 -0.00000 -0.00003 0.00000 -0.00000 -0.00000 -0.00000 -0.00000 0.00014 0.00000 -0.00000 -0.00000 -0.00012 0.00000 0.00000 -0.00000 -0.00003 0.00008 -0.00000 0.00006 -0.00000
-0.00007 0.00000 0.00000 -0.00000 0.00000 -0.02703 0.00000 0.00000 -0.00000 0.00000 0.00014 -0.00000 -0.00003 -0.00000 -0.00000 0.09474 0.38026 -0.00033 0.00068 0.00020 0.00000 -0.00000 -0.00005 0.00000 -0.00000 0.00000 -0.00146 -0.00002 0.00000 0.00000
0.00000 0.00000 0.00000 0.00000 0.00004 0.00110 -0.00000 -0.00035 -0.00034 -0.00016 0.00004 -0.00000 -0.00013 0.00000 -0.00009 -0.00028 -0.00021 0.00000 -0.00042 0.00112 0.00000 0.00000 0.00426 0.00016 0.00016 -0.00029 0.00000 0.00000 -0.00762 -0.00039
-0.00000 -0.00001 -0.00008 0.00005 0.00025 0.00000 0.00000 0.00003 -0.00009 0.00009 0.00000 0.00000 0.00000 -0.00000 0.00000 0.00000 -0.00000 -0.00022 -0.00000 -0.16550 -0.42022 0.00008 -0.00002 -0.00000 -0.00000 -0.00000 -0.00124 -0.00000 0.00027 -0.00000
0.00000 -0.00000 -0.00000 0.00022 -0.00000 0.00002 0.00015 0.00002 0.00000 -0.00003 -0.00000 0.00000 -0.00004 0.00001 0.00000 0.00015 0.00000 -0.00000 -0.00000 -0.00009 -0.00000 -0.00000 -0.00000 0.00000 0.00000 0.00003 0.00000 0.00000 0.00000 -0.00000
-0.00000 0.00013 0.00000 -0.00000 -0.00004 0.00007 -0.00005 -0.00006 0.00000 -0.00000 -0.00002 0.00000 0.00000 -0.00000 -0.00000 -0.58826 0.00000 -0.00111 0.00000 -0.00000 0.00000 0.00000 -0.07255 0.00000 -0.00000 0.00000 0.00000 -0.00000 -0.00001 -0.00000
