0.00000 -0.00070 -0.81954 -0.00084 -0.46563 -0.11438 -0.00256 -1.36506 -0.00225 -0.15404 0.00006 -0.00027 -0.00063 -0.42153 -0.00499 -0.00019 -0.00581 -0.00007 -0.00009 0.20262
0.45794 0.00000 -0.98791 -0.01350 -0.13437 0.99288 -0.61125 -0.94224 0.06374 0.35609 0.15521 0.00057 0.00510 0.21483 0.03823 0.00081 -0.11873 0.01293 0.00019 -0.59493
0.00015 0.00009 -0.00000 0.00034 -0.02259 -0.00305 -0.00368 -0.07883 0.00020 0.00013 -0.00010 0.00005 0.00002 0.00001 0.00021 -0.00006 -0.00046 0.00002 0.00010 -0.06642
-0.56675 0.23363 -0.40369 -0.00000 -0.52574 -0.67652 0.63567 -0.86146 0.08386 -0.45521 -0.45879 0.08172 -0.01999 -0.42146 -0.30391 0.12429 0.20512 0.01528 0.00192 0.62245
0.14642 0.12692 -0.68614 0.01033 -0.00001 0.46174 -0.36082 -0.65181 0.01213 -0.01055 -0.00239 0.00241 0.00026 -0.10197 -0.12174 -0.00038 -0.02799 0.00028 0.00146 -0.23223
0.06429 0.00012 -0.54319 0.00101 0.04943 0.00000 -0.00003 -0.72575 0.01262 0.00442 -0.00024 0.00031 0.00024 0.04396 0.00173 -0.00003 -0.00655 0.00014 0.00093 -0.19130
-0.04194 -0.00112 -0.69771 -0.00100 0.10743 0.22615 0.00022 -0.58186 -0.00605 0.03600 0.00111 -0.00029 -0.00009 0.08990 0.00346 0.00099 -0.00250 -0.00016 -0.00061 0.27002
0.05099 0.00035 -1.01180 0.00107 0.08917 0.22650 -0.11271 -0.00001 0.00068 0.05121 0.00617 0.00026 0.00008 0.33442 0.00529 -0.00014 -0.00231 0.00008 0.00025 -0.98097
0.27572 -0.00956 -0.92199 -0.01011 -0.45837 0.06231 -0.00168 -0.97073 -0.00001 -0.06069 0.00054 -0.00028 -0.00008 -0.39716 -0.11611 0.00003 -0.03305 -0.00007 -0.00045 -0.08289
-0.02602 -0.00810 -1.18310 -0.00193 -0.61466 -0.49671 0.09479 -1.04098 -0.07892 0.00000 0.00021 -0.00016 -0.00002 0.07922 -0.00239 0.00004 -0.01026 -0.00002 -0.00044 0.03884
-0.72525 -0.17565 -0.61716 0.00376 -0.80435 -1.38897 0.75887 -0.66283 -0.38985 -0.75574 -0.00000 0.00204 -0.00053 -0.68939 -0.43823 -0.00009 0.10855 0.00280 -0.02223 0.57643
0.52431 0.54054 -1.26197 -0.35248 -0.22393 1.30192 -1.53457 -1.16990 0.76944 1.07649 0.80855 -0.00000 -0.24961 1.14833 0.97021 0.18586 -0.63861 -0.44589 0.37859 -0.76605
-0.30097 -0.41109 -0.26938 -0.45814 -1.13054 -0.43975 1.21788 -0.81745 -0.55704 -0.83888 -0.77057 0.08814 0.00000 -0.65480 -0.53008 -0.00801 0.44056 0.03127 -0.01020 -0.16906
0.00092 -0.00202 -1.60592 -0.00108 -0.31935 -0.08964 -0.12910 -0.27890 -0.00060 0.09220 0.00002 -0.00001 0.00007 -0.00000 0.00419 0.00003 -0.00870 0.00004 0.00001 -0.32716
0.27043 0.14754 -0.74585 -0.04927 -0.39482 0.64703 -0.21344 -1.42705 -0.09513 -0.11794 -0.01529 -0.00080 -0.00227 -0.14991 0.00000 0.00015 -0.02023 -0.00024 -0.00203 -0.32470
-0.70955 -0.22950 -0.76443 0.22176 -0.90058 -2.15703 0.67744 -0.41538 -0.55045 -1.10952 -0.86154 0.33441 0.35029 -1.15854 -0.90112 0.00000 0.31803 0.33895 -0.19022 0.61014
0.89229 0.23195 -1.39563 -0.16271 -0.39134 0.28330 -1.12259 -0.80639 0.55990 0.76640 0.49225 -0.04381 -0.00726 0.77498 0.59633 0.06792 -0.00003 -0.07251 0.01573 -1.24666
-0.84041 -0.32691 -0.56108 0.28268 -1.28022 -1.21227 1.21801 -0.46676 -0.64247 -1.05381 -0.91284 0.15334 0.32963 -1.01824 -0.85581 -0.11424 0.53466 -0.00000 -0.07710 0.48847
-1.80968 -1.04199 -0.19171 0.80987 -1.12519 -0.06710 0.62494 -1.53811 -0.74353 -0.43200 -0.60639 0.21676 0.49242 -0.35116 -0.54005 -0.35416 0.85308 0.70607 -0.00000 1.70075
-0.00060 -0.00056 -0.41091 -0.00096 -0.36573 -0.02075 -0.00775 -0.27143 -0.00154 0.00011 0.00064 -0.00036 -0.00013 0.00519 -0.00066 0.00049 -0.00161 -0.00007 -0.00030 -0.00002
