0.00000 0.00000 0.00000 0.00000 0.00000 0.00000 0.00000 0.00000 0.00000 0.00000 0.00000 0.00000 0.00000 0.00000 0.00000 0.00000 0.00000 0.00000 0.00000 0.00000
0.00000 0.00000 0.00000 0.00000 0.00000 0.00000 0.00000 0.00000 0.00000 -0.31649 0.00000 0.00000 0.00000 0.00000 0.00000 0.00000 0.00000 0.00000 0.00000 0.00000
0.00000 0.00000 0.00000 0.00000 0.53447 0.00000 0.00000 0.00000 0.00000 0.00000 0.00000 0.00000 0.00000 0.00000 0.00000 0.34820 0.00000 0.00000 0.00000 0.00000
1.46928 0.00000 0.00000 0.00000 0.00000 0.00000 0.00000 0.00000 0.00000 0.00000 0.00000 0.00000 0.00000 0.00000 0.00000 0.00000 0.00000 0.00000 0.00000 0.40543
0.00000 0.00000 0.00000 0.00000 0.00000 0.00000 0.00000 0.00000 0.00000 0.00000 0.00000 0.00000 0.00000 0.00000 0.00000 0.00000 0.00000 0.00000 0.00000 0.00000
0.00000 0.00000 0.00000 0.00000 -0.34981 0.00000 -0.82846 0.00000 -0.35471 -0.42320 0.00000 0.00000 0.00000 0.00000 0.00000 -0.33140 -0.35464 0.00000 0.00000 -0.40108
0.00000 0.00000 0.00000 -0.37103 0.00000 0.00000 0.00000 -0.75531 -0.96772 -0.72344 0.00000 0.00000 0.00000 0.00000 -0.40472 -0.45614 -0.84344 0.00000 0.00000 0.00000
-0.49353 0.00000 0.00000 0.00000 0.00000 0.00000 0.00000 0.00000 0.00000 0.00000 0.00000 0.00000 0.00000 0.00000 0.00000 0.00000 0.00000 0.00000 0.00000 0.00000
0.37329 0.00000 0.00000 0.00000 0.00000 0.00000 0.00000 -0.79652 0.00000 0.00000 0.00000 0.00000 0.00000 0.00000 0.00000 0.00000 0.00000 0.00000 0.00000 0.00000
0.38421 0.00000 0.00000 0.00000 0.00000 0.00000 0.00000 0.00000 0.54636 0.00000 0.00000 0.00000 0.00000 0.00000 0.00000 0.00000 0.00000 0.00000 0.00000 0.00000
-1.31928 1.09475 0.00000 -0.31037 0.00000 0.00000 0.00000 0.00000 0.00000 0.00000 0.00000 -0.57025 0.00000 0.00000 0.00000 0.00000 0.00000 0.00000 0.00000 0.00000
0.00000 -1.17394 -0.82884 0.00000 0.00000 0.00000 0.00000 0.00000 0.00000 0.00000 0.00000 0.00000 0.00000 -0.77517 0.00000 0.00000 0.00000 0.30525 0.00000 0.00000
0.00000 -0.35357 -0.46365 0.00000 0.00000 0.00000 0.00000 -0.32082 -0.62028 -1.01619 -0.62081 -0.39082 0.00000 0.00000 0.00000 0.00000 0.00000 -0.75627 0.00000 0.00000
-1.31294 -0.36855 0.00000 -0.37771 0.00000 -0.32915 0.00000 0.00000 0.57210 0.36439 0.00000 0.00000 0.00000 0.00000 0.00000 0.00000 0.00000 0.00000 -0.91278 0.00000
-0.32919 -0.30657 0.00000 0.00000 -0.34384 0.00000 0.00000 0.00000 0.00000 0.00000 -0.76525 0.00000 0.00000 0.00000 0.00000 0.00000 0.00000 0.00000 0.00000 0.00000
0.00000 0.00000 0.00000 0.00000 0.00000 0.00000 0.00000 0.00000 0.00000 0.00000 0.00000 0.00000 0.00000 0.00000 0.00000 0.00000 0.00000 0.00000 0.00000 0.00000
0.39675 0.00000 0.00000 0.00000 0.00000 0.00000 0.00000 -0.53695 -0.60175 -0.73140 0.00000 0.00000 -0.62008 0.00000 -0.65649 -0.43018 0.00000 -0.39156 0.00000 -0.44729
0.00000 0.00000 0.00000 0.00000 0.00000 0.00000 0.00000 0.57412 0.00000 0.52543 0.00000 0.00000 0.00000 0.00000 0.00000 0.00000 0.00000 0.00000 0.00000 0.00000
-0.37890 -0.32768 0.00000 0.00000 -0.44519 -0.82633 -0.31493 0.00000 0.00000 0.00000 0.00000 0.00000 0.00000 0.00000 0.00000 -0.49201 0.00000 0.00000 0.00000 0.00000
0.34443 0.00000 0.00000 0.00000 0.00000 0.00000 0.00000 0.00000 0.00000 0.40406 0.00000 0.00000 0.00000 0.00000 0.00000 0.00000 0.00000 0.00000 0.00000 0.00000
