0.00000 0.00010 -0.03988 -0.00000 0.01273 -0.07581 -0.00000 0.27464 0.02254 0.00000 -0.17673 -0.00000 -0.00000 -0.00000 0.00297 -0.00010 0.00000 0.00042 0.00000 0.00000 -0.05970 0.00000 -0.21076 0.02232 0.00000 0.00000 0.00000 -0.08216 0.00000 0.00000
0.00191 0.00000 -0.00053 0.00008 -0.00038 0.00335 -0.00000 0.00021 0.00077 -0.00004 -0.00017 -0.00284 -0.00000 -0.00019 0.00000 -0.00000 0.00093 -0.43980 -0.00808 0.00085 0.00002 -0.00000 0.00005 -0.00000 0.00038 0.02729 -0.00023 0.00016 -0.00000 0.04669
-0.00000 0.00218 -0.00000 0.00000 -0.00000 0.00023 -0.00010 -0.02159 0.00099 0.00005 0.39295 -0.00000 0.00039 0.00000 0.01744 -0.00000 0.00003 0.00205 -0.00000 0.00000 -0.00000 0.00000 0.00000 0.00030 0.00013 0.00001 0.00000 0.00000 0.00000 0.00069
-0.00362 0.00836 -0.00059 -0.00000 -0.00203 -0.06355 -0.00090 0.09166 0.00024 0.00007 -0.00000 0.08065 0.00717 0.00069 -0.00000 0.01395 0.00052 0.04229 -0.00922 0.00061 0.06493 -0.01938 -0.00043 0.02366 0.00040 0.00024 -0.01007 0.02396 -0.00008 0.00130
0.00000 -0.00047 0.00124 -0.00000 0.00000 0.02078 0.00633 -0.01661 0.00000 0.00486 0.00123 -0.00007 0.01772 -0.00000 -0.01691 0.04044 0.00319 0.00000 0.00000 0.00422 -0.00000 0.00000 -0.05274 0.06289 -0.00000 0.00000 0.00044 -0.02706 0.00041 0.00108
-0.00000 -0.00012 0.00009 0.00000 0.00000 -0.00000 -0.00021 -0.00000 0.00008 -0.00000 0.00000 0.00000 -0.00022 0.00000 -0.00045 0.00127 -0.00003 0.00948 -0.00000 -0.00002 -0.00003 -0.00006 0.02636 0.00000 -0.00000 -0.00000 -0.00000 0.17082 -0.00000 0.00004
0.00026 0.09111 -0.00126 0.00005 0.00002 0.00062 -0.00000 0.01347 0.00102 0.00000 -0.00267 -0.03811 -0.20231 0.00000 0.00011 0.43926 0.00009 0.01840 -0.00020 0.00048 -0.00053 -0.00742 -0.00997 -0.00017 0.00030 0.00032 -0.00000 -0.00325 -0.00006 -0.06851
0.00000 -0.00056 -0.00000 -0.00000 -0.00000 -0.13884 -0.00000 0.00000 0.00101 0.00000 -0.00000 -0.00000 0.00000 -0.00000 -0.01929 0.01113 0.00000 0.00452 0.00000 0.00000 -0.00000 0.00000 -0.00081 -0.21687 0.00000 -0.00000 0.00000 -0.00986 -0.00000 -0.00000
0.00000 0.00002 -0.00050 0.00000 0.11212 0.00000 -0.00052 0.00087 -0.00000 0.00002 -0.00017 -0.00000 0.00104 -0.00000 0.00279 -0.00030 0.00000 0.00188 -0.00002 0.00008 -0.01208 -0.00000 -0.00115 0.00009 -0.00000 0.00000 -0.00000 0.00014 0.00000 0.00008
-0.00098 0.00014 -0.00155 0.00072 -0.00000 0.00409 -0.00619 0.00043 0.00113 -0.00000 -0.00132 -0.02996 0.00006 0.00046 0.00042 0.00048 0.00045 0.01926 -0.00068 0.00069 -0.00017 0.00007 -0.01464 -0.00037 0.00117 0.00080 -0.00066 -0.00975 0.00008 0.00015
-0.00000 0.00209 0.00000 0.00000 0.00005 0.00503 -0.00000 -0.60528 0.00089 -0.00000 0.00000 -0.00000 0.00002 0.00000 0.02471 -0.00345 0.00000 0.00155 -0.00000 0.00000 0.00040 -0.00000 0.00000 0.02288 0.00000 0.00000 0.00000 0.00033 0.00000 0.00004
-1.79154 0.00020 -0.07582 0.00000 0.00067 0.09575 -0.00000 0.27403 0.03845 -0.00000 -0.32427 0.00000 0.00000 0.00000 -0.00065 0.00030 -0.00000 -0.00000 -0.00000 0.00000 0.01514 -0.00000 -0.43724 -0.00770 0.00000 -0.00000 -0.00000 -0.33826 -0.00000 -0.00000
-0.01094 -0.02461 -0.00135 0.00000 -0.00000 0.00311 -0.00000 0.00032 0.00006 0.00065 -0.00003 -0.02519 0.00000 0.00000 0.00000 -0.00000 -0.00000 0.02033 -0.00007 -0.00001 -0.00000 0.00000 0.00216 -0.00000 0.00000 0.00586 -0.00000 0.00638 0.00000 0.04846
0.01395 0.00064 -0.00146 0.00013 0.01365 0.04647 -0.00713 -0.14850 0.00505 -0.00014 0.00970 0.13726 0.00131 -0.00000 0.00058 -0.00006 0.00106 0.02215 -0.00039 0.00000 -0.07874 -0.00606 -0.00659 -0.08479 0.00074 0.00026 -0.00344 -0.02318 -0.00059 0.00058
0.00000 0.30047 -0.00000 0.00000 -0.00000 0.00015 -0.00117 0.00000 0.00039 0.00066 -0.00000 -0.00003 -0.01174 0.00000 -0.00000 -0.44893 0.00032 -0.00599 -0.00012 0.00051 0.00000 -0.00094 -0.00000 -0.00000 0.00022 0.00076 -0.00003 0.00000 -0.00000 0.00069
0.00000 -0.14240 0.00001 0.00000 0.00000 -0.00072 0.00000 -0.00000 0.00031 0.00024 0.00003 -0.00007 -0.09230 0.00000 -0.00000 0.00000 0.00002 0.01919 0.00013 0.00015 -0.00000 -0.00000 -0.00000 0.00000 0.00000 -0.00378 -0.00000 -0.00005 -0.00002 0.16547
-0.01233 -0.00037 -0.00027 0.00025 -0.00001 0.00060 -0.00281 -0.00016 0.00356 0.00149 0.00061 -0.05187 0.01565 0.00022 0.00015 0.00048 -0.00000 0.02087 -0.00017 0.00030 -0.00038 0.00026 -0.01506 -0.00012 0.00029 0.00018 -0.00053 -0.00550 0.00021 0.00054
-0.00016 -0.00000 0.00061 0.00000 0.01083 0.00014 0.00000 -0.00034 0.00027 -0.00000 0.00090 -0.00103 0.00000 -0.00001 -0.00000 0.00000 -0.00000 0.00000 0.11921 -0.00000 -0.00156 0.00000 -0.00380 0.00041 0.00000 -0.03851 -0.00000 -0.01599 0.00000 -0.10196
-0.00121 -0.00000 -0.00017 0.00002 0.39403 -0.00049 0.00040 0.00037 0.01156 0.00000 0.00110 -0.02795 0.00193 0.00017 -0.00073 0.00247 0.00006 0.00000 -0.00000 -0.00000 0.00000 0.00000 -0.10069 0.03104 0.00000 0.00000 -0.00008 -0.05157 -0.00000 0.00020
-0.01527 -0.00009 -0.00088 0.00010 0.00004 0.00038 -0.00166 0.00115 0.00388 0.00031 0.00018 -0.04665 0.00749 0.00017 0.00008 0.01058 0.00101 0.01918 -0.00036 -0.00000 -0.00066 -0.00145 -0.01592 0.00014 0.00061 0.00085 -0.00002 -0.00198 -0.00021 0.00120
-0.00000 -0.00076 -0.00066 0.00000 -0.51024 -0.01021 -0.00073 0.02372 -0.00004 -0.00008 0.00012 0.00000 0.00040 0.00000 -0.00131 0.04055 -0.00000 0.00056 -0.00081 0.00000 -0.00000 -0.00009 -0.01066 0.08560 0.00000 0.00000 -0.00000 0.00078 -0.00000 -0.00002
-0.00629 -0.32622 -0.00044 0.00000 0.00037 0.00332 -0.00000 0.00022 0.00558 0.00096 0.00064 -0.07107 -0.00020 0.00000 0.00022 -0.26852 0.00095 0.07287 -0.07912 0.00037 -0.00120 -0.00000 -0.01641 -0.00056 0.00055 0.01169 -0.00051 -0.00656 -0.00017 -0.14492
-0.00000 0.00185 0.08144 -0.00000 -0.00000 0.00000 -0.00000 -0.00043 -0.00000 -0.00000 0.00653 -0.00000 0.00003 0.00000 0.04088 -0.02005 0.00000 -0.00003 -0.00000 -0.00000 0.00000 -0.00000 0.00000 0.00000 0.00000 0.00000 0.00000 0.00000 0.00000 0.00005
-0.00000 -0.01328 0.00003 0.00000 0.00000 0.02979 -0.00030 -0.00000 0.00000 -0.00001 0.00000 -0.00000 0.00643 0.00000 -0.14362 0.09143 0.00005 0.00072 0.00000 -0.00000 -0.00000 0.00003 0.01572 0.00000 0.00000 0.00000 0.00000 0.20244 0.00001 0.00228
-0.00866 0.00031 -0.00022 0.00008 -0.10081 0.01263 -0.00190 0.00000 -0.14346 0.00087 0.00133 -0.04518 0.01012 0.00025 0.00044 0.01330 0.00164 0.02485 -0.01441 0.00096 0.00781 -0.00160 -0.00294 0.01051 -0.00000 0.00057 -0.00032 -0.00383 -0.00023 0.00059
-0.05392 0.00000 -0.00049 0.00054 -0.00526 0.00786 -0.00114 0.00828 0.00323 -0.00003 -0.00949 -0.06815 0.00005 0.00000 0.00032 -0.00036 0.00029 -0.00000 -0.05751 0.00039 -0.00006 -0.00000 0.02461 -0.01459 0.00036 -0.00000 -0.00040 0.00020 -0.00000 0.00202
-0.19651 0.00132 -0.00086 0.00003 -0.00069 -0.00331 -0.00911 0.00019 0.01325 -0.00013 -0.00508 -0.21873 0.01018 0.00000 0.00078 0.00044 0.00122 0.02169 -0.00474 0.00051 0.00360 -0.00085 -0.04133 0.00001 0.00066 0.00105 -0.00000 -0.01070 0.00005 0.00128
-0.00000 0.00016 0.00525 -0.00000 0.00000 -0.00000 -0.00000 -0.00000 0.00046 0.00000 0.00042 -0.00000 0.00001 0.00000 0.00065 -0.00010 0.00000 0.00000 0.00000 -0.00000 -0.00000 -0.00000 0.74620 0.00000 0.00000 0.00000 0.00000 0.00000 0.00000 0.00003
-0.07000 0.00016 -0.00965 0.00061 0.00009 0.00481 -0.01039 0.00247 0.00416 0.00090 -0.00442 -0.06775 0.20710 0.00000 -0.00009 0.00202 0.00169 0.01564 -0.00699 0.00027 -0.00000 -0.00113 0.12950 0.00817 0.00310 0.00009 -0.00062 0.00053 -0.00000 0.00089
0.00368 0.00000 -0.00001 0.00015 0.00006 0.00000 0.00000 0.00004 0.00633 0.00019 0.00026 -0.02536 0.00000 -0.00000 0.00000 0.00000 0.00021 -0.00000 0.00105 0.00021 0.00000 -0.00000 -0.00001 0.00000 0.00014 0.00014 -0.00009 0.00000 0.00000 0.00000
