0.00173 -0.85610 0.00159 -0.00018 -0.02167 0.31263 0.00099 0.02673 -0.00093 0.00322
-0.00326 -0.00001 -0.00349 -0.00124 -0.09990 -1.03880 0.01043 -0.46210 0.00233 0.06138
0.15442 -0.02207 0.00094 0.00055 -0.00242 0.01745 -0.00027 0.00960 -0.84298 -0.00124
0.01685 -0.01506 1.18939 -0.00018 -0.00056 0.01446 -0.00130 0.00591 -0.20739 -0.00138
-0.00884 0.00453 -0.06712 -0.20644 0.00390 -0.00166 0.52792 -0.00119 0.01100 1.38322
0.00505 -0.00226 0.00678 0.00765 -0.38885 0.00063 -0.01281 0.95143 -0.00570 -0.02329
-0.00950 0.00841 -0.27816 -1.17038 0.00052 -0.00123 -0.00002 -0.00039 0.01904 0.00017
0.01156 -0.00724 0.00221 0.02873 -1.17973 0.00501 -0.26899 0.00286 -0.01509 -0.52477
-1.42163 0.23790 -0.00199 -0.00172 -0.00032 -0.02839 0.00057 -0.02461 0.00032 0.00252
-0.00109 0.00356 -0.06604 -0.24962 0.00007 0.00284 2.72488 0.00127 0.00186 -0.00010
