0.00000 0.05293 0.54374 -0.00361 -0.00000 -0.00001 0.43617 0.26271 -0.01344 0.00350 0.00000 0.00002 -0.00000 0.00000 0.00007 -0.00000 0.00049 0.00038 0.00000 -0.00000 0.33223 -0.00002 0.00014 -0.00092 -0.00100 0.00095 0.00060 -0.00040 0.00205 -0.00000
0.00000 0.00000 -0.00000 1.28206 -0.00000 -0.00004 -0.00000 0.00346 -0.29129 0.33499 0.00002 0.00164 -0.00000 -0.00000 0.00034 -0.00014 0.00187 -0.00446 0.00001 0.00000 0.19551 -0.00000 0.00086 -0.03735 0.00000 0.00147 0.00271 0.00000 -0.30889 0.00025
-0.00000 0.72085 0.00000 0.12870 0.00000 -0.00011 0.47654 -0.02681 0.00018 -0.02690 0.00000 0.00022 0.00002 0.00000 0.00040 -0.00000 -0.00003 0.00115 0.00006 -0.00000 -0.10005 0.00000 0.00054 -0.00446 -0.00008 0.00137 0.00116 -0.00000 -0.00502 -0.00000
0.00000 -0.00000 -0.00000 -0.00000 0.00000 -0.00000 -0.00000 0.02382 -1.00480 -0.00000 0.00007 -0.00542 0.00000 0.00000 -0.00619 0.00027 0.00149 0.11428 -0.00000 -0.00000 -0.00009 -0.00000 0.10480 -0.14005 0.00510 0.55255 0.50626 0.05157 0.21346 0.00245
0.09919 0.00314 0.00880 0.00067 -0.00000 -0.00000 -0.00283 0.00146 -0.00014 0.00000 0.00000 0.00001 1.09421 -0.00000 -0.00000 0.00000 -0.00002 -0.00000 -0.00000 -0.00000 0.00097 -0.00000 -0.00007 0.00000 -0.00000 -0.00001 0.00000 -0.00007 0.00030 0.00001
0.03306 0.05699 0.03262 0.00209 0.00272 0.00000 0.00238 0.10229 -0.00000 -0.22350 0.00083 -0.00000 0.00149 0.00000 -0.01115 0.01826 0.01524 0.00076 0.20343 0.00298 -0.00129 -0.21404 0.00021 -0.00004 -0.00002 0.00065 -0.00155 0.00045 -0.01161 -0.00009
-0.00001 0.97608 0.00000 0.22959 -0.00000 -0.00020 0.00000 -0.08471 -0.03388 -0.10666 -0.00000 0.00097 0.00000 -0.00005 0.00162 -0.00028 -0.00049 0.00160 -0.00003 -0.00002 -0.01408 0.00000 0.00056 0.00302 -0.00338 0.00068 0.00000 -0.00061 0.00081 -0.00012
-0.00000 0.00000 0.00001 -0.00000 -0.00000 0.00000 0.00000 0.00000 0.00000 -0.00000 -0.00000 0.00000 0.00000 0.00000 0.00001 0.00000 0.00005 0.00000 0.00000 0.00001 0.00000 0.00000 0.00000 -0.00000 -0.00002 0.00001 0.00000 -0.00001 0.00005 0.00001
-0.00000 -0.00000 -0.00000 0.00000 -0.00006 -0.00003 -0.00000 0.02485 -0.00000 0.00090 -0.00005 -0.00361 -0.00000 0.00000 0.00456 -0.00053 0.00000 -0.92585 -0.00020 -0.00209 -0.00100 -0.00112 -0.05106 0.66394 -0.00317 -0.01276 -0.13027 -0.00037 0.00283 -0.00178
-0.00003 -0.00000 0.00000 0.00002 -0.00000 -0.00000 0.00000 0.13262 0.00000 -0.00000 -0.00000 -0.00000 -0.00000 0.00000 0.00000 -0.00000 -0.00002 -0.00000 0.00000 -0.00000 0.00000 0.00000 -0.00000 0.00000 0.00001 -0.00001 -0.00003 -0.00003 0.00000 -0.00000
-0.00145 0.00064 0.00706 0.00001 1.05132 -0.00000 0.00553 0.45631 -0.00000 0.00125 0.00000 0.00000 0.25332 0.00000 0.00000 -0.00000 -0.00007 -0.00000 -0.00000 -0.00000 -0.00100 -0.00000 -0.00000 -0.00005 -0.00001 -0.00000 -0.00001 0.00002 -0.00007 -0.00000
-0.00010 0.00000 0.00000 -0.00000 -0.00038 -0.00008 -0.00000 -0.01542 0.00000 0.00412 -0.00074 -0.00000 -0.00000 -0.00263 0.20206 0.19818 0.08732 0.00000 0.00026 0.14222 -0.00027 0.03166 -0.00000 0.00000 0.03716 -0.00000 -0.00000 0.04805 0.02009 0.92500
1.28643 0.00389 0.12699 0.00603 0.00000 0.00004 0.03533 -1.01272 -0.00085 -0.34159 0.00000 0.00000 -0.00000 -0.00001 0.00000 -0.00000 0.00000 0.00000 -0.00000 -0.00000 -0.00000 -0.00000 0.00002 -0.00021 -0.00017 0.00000 -0.00000 -0.00019 0.00002 0.00000
0.00129 0.00011 0.00145 0.00009 0.39350 0.00002 0.00080 -0.63239 -0.00003 0.00069 0.89502 -0.00000 0.00251 -0.00000 -0.00000 -0.00000 -0.00000 -0.00000 0.00000 -0.00000 -0.00060 0.00000 0.00000 -0.00000 -0.00000 -0.00006 -0.00000 -0.00003 0.00012 -0.00000
-0.00074 -0.00000 -0.00002 0.00003 -0.00979 -0.00035 -0.00003 -0.79874 0.00000 -0.03122 -0.01098 -0.00000 -0.00093 -0.01107 -0.00000 -1.07582 -0.61005 -0.00000 -0.04475 -0.65371 -0.11072 -0.17758 0.00000 -0.00000 -0.46386 -0.00000 -0.00000 -0.52845 -0.27231 -0.00000
-0.00006 -0.00000 -0.00006 0.00000 -0.00118 0.00021 0.00000 0.00176 0.00000 -0.05325 -0.00381 -0.00000 -0.00016 -0.00198 0.00000 -0.00000 -0.00000 0.00000 0.13893 1.00753 0.00005 0.60964 0.00000 0.00000 0.00000 0.00000 -0.00000 -0.00000 0.00010 -0.00000
-0.00000 0.00000 -0.00002 0.00000 -0.00026 0.00011 -0.00000 0.01106 0.00000 0.00230 -0.00071 0.00000 0.00027 -0.00163 -0.00000 0.34703 0.00000 -0.00000 0.00304 0.11536 0.00006 0.00117 -0.00000 0.00000 0.00000 0.00000 0.00000 0.00000 0.00000 -0.00000
-0.00000 0.00000 0.00000 -0.00000 -0.00000 0.00006 0.00000 -0.17186 -0.00000 -0.01037 0.00000 2.01447 0.00000 -0.00000 0.21868 0.07307 0.04355 -0.00000 0.00108 0.03038 0.03392 -0.00461 0.32642 -0.00000 0.27131 0.37107 0.27759 0.31693 0.20368 0.92815
-0.00054 0.00002 -0.00005 -0.00000 -0.03368 -0.00000 -0.00000 0.24964 -0.00000 -0.10372 -0.48092 -0.00000 -0.00374 -1.03016 -0.00000 -0.00000 0.00005 0.00000 -0.00000 -0.00000 0.00000 -0.00000 0.00000 -0.00000 0.00004 0.00000 0.00000 0.00000 -0.00001 0.00000
-0.00014 -0.00000 0.00004 -0.00000 -0.00382 -0.00023 -0.00000 0.00008 -0.00000 -0.06537 0.00404 0.00000 -0.00067 -0.05372 -0.00000 -0.00000 0.00003 0.00000 0.39519 -0.00000 0.00020 1.02715 0.00000 0.00000 -0.00003 0.00001 0.00000 0.00000 -0.00016 0.00000
0.00000 -0.00001 0.00007 0.00000 -0.00000 0.00008 0.00000 0.00000 -0.00000 0.19219 0.00000 -0.00000 0.00000 0.00000 0.00000 -0.00085 0.00633 0.00000 -0.00000 -0.00030 0.00000 -0.00000 -0.00000 -0.00000 -0.00713 -0.00000 -0.00000 -0.00048 -0.00000 -0.00000
-0.00039 -0.00000 -0.00009 0.00000 0.00050 0.00000 -0.00005 -0.00099 0.00000 0.57442 -0.05071 -0.00000 -0.00245 -0.30622 -0.00000 0.00000 0.00000 -0.00000 1.17333 -0.00000 -0.00050 -0.00000 -0.00000 -0.00000 0.00000 0.00000 -0.00000 0.00000 -0.00016 0.00000
0.00000 -0.00000 -0.00000 -0.00000 -0.00030 -0.00000 -0.00000 -0.02489 -0.00000 -0.00630 -0.00059 1.94996 -0.00000 -0.00494 0.07545 0.11864 0.05202 -0.00001 0.00001 0.03500 -0.00031 0.00026 -0.00000 0.00000 0.10391 -0.00000 0.00000 0.14264 0.00741 0.87353
-0.00000 0.00000 -0.00000 0.00000 0.00004 0.00000 -0.00000 0.99226 0.00000 0.00978 0.00011 -0.77470 0.00001 0.00256 -0.39027 -0.00054 0.00022 -0.27997 -0.00345 -0.02803 -0.20607 -0.00238 -1.34283 0.00000 -0.30105 -0.85033 -0.64526 -0.36913 -0.33837 -0.62904
-0.00005 -0.00000 0.00004 0.00000 -0.00017 -0.00008 0.00000 -0.06599 -0.00000 -0.00679 -0.00198 -0.00000 -0.00031 -0.01722 -0.00000 0.38313 -0.48951 -0.00000 0.00247 0.10290 -0.00002 -0.00284 0.00000 0.00000 -0.00000 0.00000 0.00005 0.00187 0.00027 -0.00000
0.00000 -0.00000 0.00000 0.00001 -0.00004 0.00007 0.00000 -0.00163 -0.00000 -0.00859 -0.00009 -0.00359 -0.00000 -0.00064 0.00447 -0.00165 0.00945 -0.00000 -0.00025 0.00387 -0.00033 0.00232 0.82974 0.00000 0.00455 -0.00000 0.00000 0.00109 0.00709 0.04035
0.00000 -0.00000 -0.00000 0.00000 0.00002 -0.00000 -0.00000 -0.37361 -0.00000 0.00337 0.00000 0.30655 -0.00000 -0.00004 -0.00624 0.01733 0.04083 0.00000 0.00029 0.00369 -0.00299 0.00104 0.53901 -0.00000 0.00286 0.28160 -0.00000 0.03739 -0.00546 0.13042
-0.00003 -0.00000 -0.00000 0.00000 -0.00032 0.00010 0.00000 -0.06815 0.00000 0.00341 -0.00098 0.00002 -0.00003 -0.00226 -0.00000 0.17482 0.16988 0.00000 0.00537 0.05677 0.00144 0.00191 0.00000 0.00000 0.00106 -0.00000 0.00000 0.00000 0.00000 -0.00000
0.00000 -0.00000 -0.00001 0.00000 -0.00000 -0.00008 0.00000 0.02851 0.00000 -0.14811 0.00000 0.00000 0.00001 -0.00008 -0.00000 0.01186 0.15011 -0.00000 0.00047 0.00358 -0.85905 0.00334 0.00000 0.00000 0.00341 0.00000 0.00000 0.02766 -0.00000 -0.00000
-0.00006 -0.00000 0.00000 -0.00000 -0.00165 -0.00045 -0.00000 -0.15435 0.00000 0.00180 -0.00268 -0.00000 -0.00019 0.00052 0.45754 0.83912 0.50202 -0.00000 -0.00454 0.50998 0.10300 0.15789 -0.00000 0.00000 0.34727 -0.00000 -0.00000 0.39525 0.18225 0.00000
