0.00248 -0.00218 0.16302 -0.02555 -0.04120 -0.05601 -0.00558 -0.01128 -0.05360 0.00066 0.58088 0.00402 0.01825 -0.04078 0.00152 -0.10703 -0.00455 -0.04938 -0.04833 1.23923 -0.03274 -0.01296 -0.07409 -0.00530 -0.03429 -0.02445 -0.04232 -0.01953 -0.02975 0.13777
-0.07137 0.00111 0.32876 -0.07546 -0.05913 -0.03215 0.20268 -0.00322 -0.14524 -0.14365 -0.06098 -0.04644 -0.01453 -0.08466 -0.02457 -0.15759 0.08324 -0.01804 -0.07342 -0.08921 -0.00646 -0.03895 -0.04043 -0.00099 -0.00991 -0.09711 -0.03841 -0.02601 -0.06063 1.17269
-0.00683 -0.00158 0.00500 -0.02560 -0.01977 -0.01388 -0.00533 -0.00901 -0.00940 -0.01203 -0.04053 -0.00641 0.00211 -0.00182 0.00484 -0.00685 0.04283 -0.03000 -0.02805 -0.02545 0.00389 -0.00324 -0.02255 -0.01328 -0.00879 -0.03148 -0.00246 -0.00147 -0.01319 -0.06085
0.00572 -0.00400 -0.01021 -0.00146 0.00342 -0.01452 -0.01723 0.21637 0.00186 -0.07939 0.02332 -0.01000 0.01136 -0.00059 -0.00072 0.00855 -0.00309 -0.01891 0.00642 0.01478 0.01403 0.01639 0.00261 0.40421 -0.02219 -0.00983 0.01424 0.00003 0.03427 -0.00087
-0.01983 0.02069 0.08553 -0.00559 0.00372 0.00979 0.02143 -0.00835 -0.03120 -0.06910 -0.04221 0.00050 -0.01171 -0.03367 0.00055 -0.03067 0.02407 0.00983 -0.00639 -0.01964 0.00631 -0.01095 -0.01003 -0.00487 0.00423 0.00636 -0.00597 0.00805 0.00261 -0.03072
0.00824 0.01107 0.11699 -0.02491 0.00120 -0.00122 0.00851 0.01142 -0.05619 -0.06707 -0.02740 -0.05048 -0.00622 -0.04079 -0.00440 -0.07405 0.01825 -0.01996 -0.01911 -0.01501 -0.01490 -0.01520 -0.02125 -0.00275 -0.02516 -0.03089 -0.04999 -0.02112 -0.02444 -0.05462
-0.01096 0.01511 0.22750 -0.07368 -0.01865 -0.03369 -0.00181 0.02263 -0.13042 -0.14181 -0.09599 -0.06743 -0.00536 -0.07110 -0.01233 -0.15571 0.14310 -0.02303 -0.04038 -0.05895 -0.02076 0.00031 -0.06540 -0.03570 -0.03698 -0.07815 -0.05166 -0.05496 -0.01643 -0.01659
-0.00030 0.00788 0.23191 0.00416 -0.05596 -0.01528 0.02426 -0.00317 -0.03648 0.02468 -0.02759 -0.05593 -0.01119 -0.07006 -0.01791 -0.10099 0.02143 -0.01541 -0.03528 -0.01984 -0.00844 -0.00823 -0.07359 0.00397 -0.02599 -0.03916 -0.02639 -0.00731 -0.01592 -0.07868
0.00647 0.01321 -0.05798 -0.02582 -0.01046 0.00922 0.00945 0.01904 0.00640 0.11091 -0.09900 0.05486 -0.00446 -0.02891 0.00601 0.75146 -1.07290 0.01130 -0.01177 -0.02917 0.00630 -0.00752 -0.02939 0.02589 0.00428 -0.02860 -0.01308 0.11186 0.00074 -0.06907
-0.02148 0.02270 -0.45384 -0.01963 0.00609 0.00747 0.00757 0.04051 -0.01189 -0.00150 -0.00983 -0.00677 0.00656 0.01669 0.00554 -0.02547 0.75203 0.01753 0.01607 -0.02253 0.00615 -0.00511 0.00700 -0.01109 0.00581 -0.00447 0.03367 0.00173 -0.00274 0.02960
0.00631 0.02442 -0.03744 0.05045 0.00833 0.02827 0.00852 0.04388 -0.00309 -0.00754 -0.00343 -0.00461 0.02522 0.02302 0.00315 -0.00226 -0.03423 0.01018 0.03503 0.01034 0.02436 0.01711 0.02991 0.03550 0.01891 -0.00529 0.00910 -0.02568 0.03315 0.02123
0.18884 0.02372 -0.21956 -0.01684 -0.56530 0.01190 0.01356 -0.00367 -0.01248 -0.68818 -0.23298 -0.00645 -0.00376 -0.04612 0.01036 -0.10359 0.59246 -0.01223 0.01003 -0.41758 0.00602 -0.02067 -0.02275 -0.00876 -0.01309 0.81142 0.58051 0.01019 -0.01617 -0.11065
-0.02658 -0.71971 0.63756 0.11086 -0.06318 -0.05610 -0.98623 -0.27984 -0.30315 -0.18877 -0.15583 -0.15086 0.00245 0.69999 -0.03723 -0.36285 0.05416 -0.00231 -0.08049 -0.17247 -0.01063 -0.01687 0.47551 0.34155 -0.02711 -0.18699 -0.10928 -0.03157 -0.06696 -0.44018
-0.01194 0.02413 0.28872 -0.03285 -0.02076 -0.01620 0.01822 -0.03411 -0.03413 0.02469 -0.04428 -0.00716 0.01280 0.00139 -0.01066 -0.03358 -0.37967 -0.00068 -0.00648 -0.01033 -0.01618 0.00711 -0.00303 -0.02389 -0.00843 -0.01518 -0.00910 0.02359 -0.00354 -0.00941
-0.04949 0.07148 -3.71315 -0.16911 -0.13165 -0.06491 0.14179 0.02003 1.39500 -0.17292 -0.39751 -0.14656 -0.03144 -0.13658 0.00377 1.23576 -1.37485 -0.07458 -0.11634 -0.23765 -0.02008 -0.08223 -0.11511 -0.00514 -0.02883 -0.21352 -0.18612 -0.01378 -0.06111 -0.52837
-0.01519 0.01792 0.64108 0.05060 0.03238 0.02329 0.00970 -0.00324 0.00724 -0.01847 0.10863 0.03211 -0.00425 0.01817 0.00605 0.00437 0.54397 0.02925 0.03732 0.05136 0.00621 0.02115 0.03010 -0.00658 0.00869 0.04425 0.05118 -0.03966 0.02227 0.14260
-0.01499 0.01571 0.51805 -0.00651 0.00399 -0.00665 0.01373 -0.00503 -0.00467 0.02269 -0.02501 0.00529 -0.01683 -0.02211 -0.00434 -0.00301 0.01711 -0.01003 -0.00521 -0.02025 -0.01010 0.00464 -0.00544 0.00290 0.00771 -0.00513 -0.00180 0.01253 -0.00223 0.00486
0.00734 0.04304 0.05586 -0.04256 0.54980 -0.02487 0.02854 0.01644 -0.05050 -0.00094 -0.02912 -0.03768 -0.01287 -0.01276 -0.00778 -0.06849 -0.00145 0.00275 -0.02854 -0.00732 -0.00295 0.00264 -0.03566 -0.00488 -0.01958 -0.09673 0.01708 -0.02777 -0.03046 -0.00936
0.00482 0.01020 0.11273 0.55036 -0.02813 -0.00763 0.02268 -0.16327 -0.03974 0.03458 -0.03816 -0.03759 -0.03892 -0.02819 0.00752 -0.03803 0.04799 -0.00876 -0.00574 -0.01740 -0.03262 -0.01575 -0.02682 -0.31212 -0.01111 -0.03732 -0.04402 0.01018 0.02368 -0.02520
0.00892 0.00096 0.09574 0.01306 0.00090 0.00554 -0.00428 0.03311 -0.01565 -0.15924 1.12977 -0.00434 0.02041 0.02022 0.00672 -0.02268 0.06356 0.03010 0.02265 -0.00214 0.00707 -0.02399 0.04033 0.03166 -0.00120 -0.02342 -0.00828 -0.02241 0.01454 0.47071
-0.00208 0.00900 0.20817 -0.01899 -0.02087 -0.01598 0.02397 -0.00174 -0.09021 -0.08223 -0.03869 -0.03403 -0.02626 -0.06842 -0.02445 -0.12785 -0.01630 -0.01407 -0.04829 -0.03237 0.00402 0.00463 -0.04808 -0.02610 -0.03574 -0.06285 -0.04122 -0.02722 -0.03742 -0.10164
0.00900 -0.00500 0.11278 -0.01759 -0.03748 -0.01544 0.03973 0.00089 -0.06423 -0.04281 -0.02454 -0.03130 -0.00868 -0.02403 0.00282 -0.05677 0.06296 -0.01042 -0.02445 -0.02946 0.00322 0.00300 -0.03722 -0.01431 -0.03792 -0.00641 -0.04200 -0.02708 0.00272 -0.06802
-0.01408 0.04071 0.09018 -0.02058 -0.01127 -0.00598 0.01891 -0.03123 -0.05475 -0.03383 -0.03743 -0.00889 0.00802 -0.02071 0.01100 -0.04523 0.03395 -0.01543 -0.01840 -0.01109 -0.01541 -0.01735 0.00357 -0.00895 -0.00900 -0.01876 -0.00236 -0.01118 -0.03268 -0.04514
0.00330 0.01340 0.01170 0.00225 -0.01070 -0.01440 -0.02111 0.60614 -0.01426 -0.08971 0.00125 -0.02369 0.01271 -0.00003 -0.02009 -0.02418 0.05201 -0.01431 -0.01891 0.00379 -0.00897 0.00345 0.00372 -0.00291 -0.00654 -0.01824 -0.01570 -0.00619 -0.03912 -0.01934
-0.00147 0.01902 0.14507 -0.04555 -0.00327 -0.03667 -0.00212 -0.00943 -0.08553 -0.09534 -0.03757 -0.06651 -0.01697 -0.04696 -0.01871 -0.10501 0.06954 -0.03564 -0.04162 -0.03146 -0.03767 -0.03984 -0.04422 -0.00537 0.00169 -0.06230 -0.04351 -0.03354 -0.02791 -0.08097
0.01561 0.01479 -0.09785 0.01833 1.43796 -0.00097 0.00294 0.03042 0.01121 0.04152 0.03324 -0.00083 -0.00904 0.05475 0.00882 0.03281 -0.01867 0.00041 0.00291 0.01416 -0.00195 0.04735 0.03434 0.03311 -0.01546 0.00121 0.04019 0.02906 -0.00498 0.06271
0.00404 0.02899 0.19595 0.01972 -0.91661 -0.00612 0.02685 0.02441 -0.03767 -0.03395 -0.07347 -0.00081 -0.00212 -0.05822 0.00696 -0.02539 0.02500 0.03669 -0.02755 -0.03579 -0.00577 -0.02340 -0.02392 0.00133 -0.00507 0.03660 0.00074 -0.00927 -0.00297 -0.08491
-0.16039 0.05212 0.31643 -0.41166 -0.00960 -0.01897 0.02889 -0.70732 -0.02267 2.07832 -0.07862 0.39914 0.00993 -0.10156 -0.01411 -0.14112 0.34545 -0.02365 -0.06094 0.00613 -0.01608 -0.05230 -0.10280 -0.59081 -0.00702 0.03609 -0.27911 0.00118 -0.01971 -0.13496
0.00484 0.00064 0.11623 -0.02449 -0.00575 -0.02101 0.03941 0.02717 -0.05980 -0.06929 -0.04040 -0.03246 -0.03381 -0.02891 -0.00711 -0.06650 0.05438 -0.01750 0.12367 -0.03087 -0.03059 0.01769 -0.04573 -0.01530 -0.01003 -0.03172 -0.02275 -0.01254 0.00126 -0.05416
-0.00182 -0.00014 -0.04764 0.03827 0.00264 0.02309 0.08250 0.01092 0.02124 0.03684 -0.01798 0.00573 -0.01169 0.03882 0.00061 0.01324 -0.00998 0.02089 0.02993 -0.01220 0.01000 0.01363 0.00056 0.02559 0.00150 0.01349 0.01103 -0.01662 0.02681 0.00234
