0.00000 -0.00000 -0.00000 0.00703 -0.00494 -0.00000 -0.00000 -0.00000 -0.00000 0.00000 0.00000 0.00085 0.00000 -0.03094 0.00004 0.00000 -0.78393 0.00000 -0.00000 0.20956
-0.00000 0.00000 0.02572 -0.00000 0.00000 0.00017 0.98745 0.10662 0.00159 -1.21148 -0.00000 -0.00000 -0.00004 0.00000 -0.00000 0.00000 0.00000 -0.00276 0.00000 -0.00000
-0.00242 0.00000 0.00000 -0.00000 -0.00000 0.08277 0.00000 0.00000 0.80922 0.00000 -0.00000 -0.00000 -0.01305 0.00000 -0.00000 0.00000 0.00011 -0.44246 0.01438 -0.00000
0.00000 -0.04342 -0.00008 0.00000 -0.00000 -0.00000 -0.00350 -0.00037 -0.00000 0.00797 0.00000 1.39533 0.00000 -0.00000 0.20261 0.00000 -0.00000 0.00000 -0.00000 0.00000
-0.00000 0.12975 -0.00033 -0.29798 -0.00000 -0.00000 0.01005 0.00094 -0.00001 -0.00574 0.00000 -0.38997 0.00000 -0.00000 0.01761 0.00000 -0.00000 0.00003 -0.00000 0.00000
-0.11275 0.00000 0.00000 -0.00005 0.00004 0.00000 0.00000 0.00000 0.00000 0.00000 -0.00000 -0.00000 -0.67590 0.00026 -0.00000 0.00000 0.01651 -0.00000 0.79534 -0.00250
-0.00001 0.00000 0.22248 -0.00000 0.00000 0.00207 0.00000 0.91070 0.01811 -0.00000 -0.00000 -0.00000 -0.00037 0.00000 -0.00000 -0.00000 0.00000 -0.03651 0.00019 -0.00000
-0.00026 0.00000 0.92008 -0.00000 0.00000 0.02383 0.00000 0.00000 0.14320 -0.00000 -0.00000 -0.00000 -0.00786 0.00000 -0.00000 -0.00000 0.00000 -0.32623 0.00188 -0.00000
-0.02832 0.00000 0.00000 -0.00000 0.00000 1.09527 0.00000 0.00000 0.00000 0.00000 -0.00000 -0.00000 -0.02189 0.00001 0.00000 0.00000 0.00171 0.00000 0.16631 -0.00016
0.00000 -0.00000 -0.20830 0.00000 -0.00000 -0.00234 -0.40985 -0.62906 -0.02690 0.00000 0.00000 -0.00000 0.00135 -0.00000 0.00000 0.00000 -0.00000 0.05925 -0.00007 0.00000
-0.08276 0.44171 -0.19663 0.01006 -0.07264 -0.14324 -0.30242 -0.23656 -0.12781 0.10192 0.00000 -0.10309 0.02648 -0.03374 0.04596 0.00000 -0.14388 0.17194 0.08955 0.10905
0.00000 -0.14179 -0.00041 0.00000 -0.00000 -0.00000 -0.02148 -0.00216 -0.00001 0.03597 0.00000 0.00000 0.00000 -0.00000 0.87476 0.00000 -0.00000 0.00004 -0.00000 0.00000
0.12712 -0.00000 -0.00000 0.00018 -0.00047 -0.00000 -0.00000 -0.00000 -0.00000 0.00000 0.00000 -0.00000 0.00000 -0.00117 0.00000 0.00000 -0.11586 0.00000 -0.60895 0.01493
-0.00000 0.00964 0.00000 -0.69946 0.36781 0.00000 0.00076 0.00006 0.00000 -0.00067 0.00000 -0.85004 0.00000 0.00000 -0.03839 0.00000 0.00000 -0.00000 0.00000 -0.00000
0.00000 -0.77122 -0.00868 0.00000 -0.00000 -0.00005 -0.14278 -0.02719 -0.00043 0.29816 0.00000 0.00000 0.00000 -0.00000 0.00000 0.00000 -0.00000 0.00094 -0.00000 0.00000
-0.07162 0.15215 -0.08450 -0.01241 -0.06612 0.07013 0.19050 0.31377 -0.21468 0.55190 0.13038 -0.11725 0.20790 -0.03851 0.01224 0.00000 -0.14573 0.22100 -0.14252 0.08155
-0.00000 0.00010 0.00000 -0.04708 0.02764 0.00000 0.00000 0.00000 0.00000 -0.00000 -0.00000 -0.01036 0.00000 0.13970 -0.00092 0.00000 0.00000 0.00000 0.00000 -1.29638
-0.00089 -0.00000 0.00000 0.00000 -0.00000 -0.83194 -0.00000 -0.00000 -0.56467 0.00000 0.00000 -0.00000 0.65687 -0.00001 0.00000 0.00000 -0.00271 0.00000 0.01289 0.00032
-1.85191 0.00000 0.00000 -0.00110 0.00068 -0.00000 0.00000 0.00000 0.00000 -0.00000 -0.00000 -0.00020 -0.00000 0.00419 -0.00000 -0.00000 0.07301 0.00000 0.00000 -0.03047
0.00000 -0.00063 -0.00000 0.38375 -0.17244 -0.00000 -0.00005 -0.00000 -0.00000 0.00012 0.00000 0.04774 0.00000 -0.79576 0.00643 0.00000 -0.00000 0.00000 -0.00000 0.00000
