0.00000 -0.00000 -0.00195 0.00000 -0.00000 0.00000 -0.00000 -0.00002 0.00000 -0.00003 -0.05244 -0.00000 -0.00000 -0.00028 -0.00330 0.00000 -0.00000 1.76580 0.00000 0.00000 -0.00129 -0.00000 0.00430 -0.00005 0.00053 0.00035 0.00000 -0.36756 0.00000 -0.02814
0.22221 -0.00000 -0.20282 -0.13890 -0.00000 -0.06993 0.00000 0.21362 -0.40734 -0.39956 -0.17916 0.47604 -0.30362 0.17881 -0.06843 -0.22712 -0.14573 -0.46556 -0.11515 0.15092 0.00560 -0.55941 -0.01586 -0.45687 -0.08793 -0.01286 0.21971 0.10341 0.01616 -0.44990
0.00000 -0.00000 0.00000 0.00215 -0.00000 -0.00019 0.00000 -0.20982 0.00003 -0.01093 0.00057 -0.00039 -0.00000 0.13910 0.13927 -0.00000 0.00001 -0.00000 -0.00000 0.02125 -0.34593 0.00000 -0.00000 -0.00493 0.64349 -0.18677 -0.00000 0.00000 0.00000 0.00000
0.00105 0.00000 0.00000 -0.00000 0.00000 -0.19181 -0.00000 -0.00000 0.01557 -0.00000 -0.00001 -1.20813 0.00000 -0.00000 -0.00000 0.00351 -0.00138 0.00006 -0.00009 -0.00000 -0.00000 0.00336 0.00000 -0.00000 -0.00000 -0.00000 0.00579 -0.00001 0.00000 -0.00000
-0.24262 -0.67424 -0.67240 -0.59028 0.00000 -0.10265 0.12038 0.03947 -0.05774 -0.47072 -0.54177 -0.26860 -0.37675 0.51574 -0.21801 -0.00569 -0.08777 -0.96322 -0.39935 -0.00482 -0.02085 -0.83168 0.00509 -0.55272 -0.07568 -0.01436 0.44778 -0.23353 0.02013 -0.87285
-0.00257 0.00000 -0.00024 0.00000 0.00000 -0.00000 0.00000 0.00000 -0.35456 0.00000 0.00095 0.00000 -0.00000 0.00001 -0.00001 0.00221 0.00245 -0.00422 -0.00387 0.00000 0.00001 -0.08052 -0.00004 0.00000 0.00000 0.00000 -1.15102 0.00157 0.00468 0.00000
-0.42778 -0.25680 -0.46662 -0.14693 0.00000 -0.74123 -0.00000 0.00063 -0.77604 -0.23405 -0.18082 0.00233 -0.26273 0.24581 -0.00470 -0.35192 -0.46915 -0.05196 -0.24409 0.00418 -0.11138 -0.15140 0.01692 -0.19097 -0.00033 0.01800 -0.95344 -0.13440 0.03183 0.11887
-0.00000 -0.00000 -0.00000 -0.00141 0.00000 0.00246 0.00000 0.00000 -0.00002 0.78498 -0.00654 0.01113 -0.00000 0.00000 -0.00000 -0.00000 0.00000 -0.00000 -0.00000 -0.07322 -0.00000 -0.00000 -0.00000 0.74847 -0.00000 0.00000 -0.00011 -0.00000 0.00000 -0.00000
0.45585 -0.00000 0.00447 0.00000 0.00000 -0.00000 -0.00000 -0.00000 0.00000 -0.00000 -0.00817 -0.00000 -0.00000 0.00032 0.00124 0.63689 0.55343 -0.00548 -0.00181 -0.00000 -0.00094 0.95543 0.00363 0.00000 0.00000 -0.00143 -0.00000 0.00523 -0.10199 -0.00361
-0.00001 -0.00000 0.00000 -0.10562 -0.00000 0.00833 0.00000 0.00000 -0.00040 0.00000 -0.02796 -0.00189 0.00000 -0.00000 0.00000 -0.00004 0.00001 -0.00000 -0.00000 -0.81061 0.00000 -0.00015 -0.00000 0.28763 -0.00000 0.00000 -0.00126 0.00000 0.00002 -0.00000
-0.00000 -0.00000 -0.00000 -0.00001 -0.00000 0.00000 0.00000 -0.00000 0.00000 0.00000 0.00000 -0.00000 0.00000 0.00013 0.00025 0.00000 -0.00000 -0.00001 0.00002 -0.00000 0.00000 0.00000 0.00000 -0.00000 -0.00018 -0.00033 0.00000 -0.00000 0.00002 -0.00000
-0.00234 -0.00000 -0.00001 -0.00000 -0.00000 0.92195 -0.00000 0.00000 -0.00867 -0.00000 0.05454 0.00000 -0.00000 0.00000 -0.00000 -0.00552 -0.00176 -0.00118 -0.00050 -0.00000 -0.00000 -0.00517 -0.00000 0.00000 -0.00000 0.00000 -0.18310 0.00018 0.00403 0.00000
0.00786 0.00000 -0.00016 -0.68139 -0.00000 -0.58458 -0.00000 0.22048 -0.62713 -0.42997 -0.01413 0.03606 0.00000 0.10552 -0.01667 -0.00334 -0.23668 -0.76277 -0.04541 0.23399 -0.01734 -0.61381 0.00340 -0.52876 -0.18834 -0.00108 0.33554 0.21249 0.29318 -0.40293
-0.00000 -0.00000 -0.00000 -0.00112 -0.00000 -0.00000 -0.00000 0.02540 -0.00000 0.00603 -0.00581 0.00011 0.00000 0.00000 0.00000 0.00000 -0.00000 -0.00000 -0.00000 -0.00144 -0.00000 0.00000 0.00000 0.00467 -1.59496 -0.00000 0.00000 -0.00000 0.00000 0.00000
-0.00001 -0.00000 0.00000 -0.00227 0.00000 0.00018 0.00000 -0.22814 0.00002 0.07839 -0.00523 -0.00109 -0.00000 1.90503 -0.00000 0.00003 -0.00003 -0.00000 -0.00002 -0.00512 0.00000 0.00000 0.00000 -0.00250 -0.13629 0.00000 0.00003 -0.00000 0.00001 -0.00000
0.97377 0.00000 -0.01294 0.00000 0.00000 0.00000 0.00000 0.00127 -0.00000 0.00015 0.08723 0.00000 -0.00000 -0.00740 -0.00509 0.00000 -0.00000 0.06309 -0.00623 -0.00000 0.00333 0.00000 -0.00378 0.00006 -0.00364 0.00789 -0.00000 0.03917 -0.41726 -0.00250
0.99740 -0.00000 0.01377 0.00000 -0.00000 0.00000 -0.00000 -0.00094 0.00000 -0.00018 -0.03180 -0.00000 0.00000 0.00894 0.01240 -1.56172 0.00000 0.00000 0.08976 0.00001 -0.00294 0.00000 0.00334 -0.00015 0.00308 -0.00496 0.00000 -0.27637 -0.42377 -0.03571
-0.00000 0.00000 -0.03480 -0.00000 0.00000 0.00000 0.00000 -0.00016 0.00000 -0.00001 -0.00252 0.00000 -0.00000 -0.00073 -0.02071 -0.00000 0.00000 0.00000 0.00000 0.00000 0.00013 -0.00000 -0.00531 -0.00017 0.00130 0.00146 -0.00000 -1.15975 0.00000 -0.30457
0.29240 0.00000 0.15799 0.00000 0.00000 0.00000 -0.00000 0.00245 0.00000 -0.00331 0.01397 0.00000 -0.00000 -0.00043 -0.02149 0.00000 0.00000 -0.56077 0.00000 0.00031 0.05369 0.00000 0.08664 -0.00282 0.00000 -0.00225 -0.00000 0.08951 -0.00000 -0.06239
0.00013 0.00000 0.00000 1.03293 -0.00000 0.00109 0.00000 -0.00000 0.00343 0.00000 0.05283 -0.16973 0.00000 0.00000 -0.00000 0.00114 -0.00034 0.00000 0.00000 0.00000 0.00000 0.00063 0.00000 -0.00000 -0.00000 0.00000 0.02368 -0.00000 -0.00005 -0.00000
0.00000 -0.00000 -0.00000 -0.00052 -0.00000 0.00003 0.00000 -0.00143 -0.00000 -0.00237 -0.36202 -0.00005 0.00000 -2.12618 0.54476 0.00000 0.00000 0.00000 -0.00000 -0.00532 0.00000 -0.00000 0.00000 -0.00745 -0.00582 -0.00064 0.00000 0.00000 -0.00000 -0.00000
1.14646 -0.00000 0.01394 0.00000 0.00000 -0.00000 -0.00000 -0.00016 0.00000 -0.00002 0.27749 -0.00000 0.00000 0.00164 0.00589 1.03856 1.21389 -0.00001 0.17546 0.00000 -0.00500 0.00000 0.00706 -0.00002 0.00040 -0.00562 0.00000 -0.03091 -0.06190 0.00475
0.00000 -0.00000 0.58081 0.00045 -0.00000 -0.00001 0.00000 -0.10506 0.00000 0.00322 0.07198 -0.00006 0.00000 -0.99325 0.06205 0.00000 -0.00000 0.00000 -0.00000 0.00355 0.55711 0.00000 0.00000 0.00031 0.42087 0.29886 0.00000 0.00000 0.00000 -0.00000
-0.00002 -0.00000 0.00000 -0.15130 -0.00000 0.01265 0.00000 -0.00000 -0.00076 -0.00000 -0.03750 -0.00112 -0.00000 0.00000 0.00000 -0.00032 0.00006 -0.00000 -0.00000 -0.71155 0.00000 -0.00010 -0.00000 0.00000 -0.00000 -0.00000 -0.00197 0.00000 0.00003 -0.00000
-0.00000 -0.00000 -0.00000 0.00614 -0.00000 -0.00020 -0.00000 -1.16212 0.00000 -0.19752 0.00231 -0.00120 -0.00000 0.00000 0.00000 0.00000 -0.00000 -0.00000 0.00000 -0.00434 0.00000 0.00000 -0.00000 -0.18013 0.00000 0.00000 0.00003 0.00000 -0.00000 0.00000
-0.00000 -0.00000 -0.00000 -0.00117 0.00000 -0.00000 0.00000 0.00010 -0.00000 0.03143 -0.02662 -0.00007 -0.00000 -1.39344 0.32863 -0.00000 0.00000 -0.00000 -0.00000 -0.00445 0.00207 -0.00000 0.00000 -0.05909 0.00093 -0.00000 0.00000 0.00000 0.00000 -0.00000
0.01472 -0.00000 0.00067 -0.00000 0.00000 0.00000 0.00000 -0.00000 1.23436 0.00000 -0.00887 -0.00000 0.00000 0.00005 0.00006 0.05091 0.06050 0.00227 0.00151 -0.00000 -0.00022 0.33764 0.00074 -0.00000 0.00000 -0.00025 0.00000 -0.00280 -0.00140 -0.00104
0.00000 -0.00000 -0.01175 -0.00000 0.00000 0.00000 -0.00000 0.00496 -0.00000 0.00049 -0.00047 0.00000 -0.00000 0.01079 0.00812 0.00000 -0.00000 0.00000 -0.00000 -0.00005 -0.04384 -0.00000 -0.19084 0.00012 -0.00489 -0.03449 0.00000 -0.00000 0.00000 1.02080
-0.42850 0.00000 -0.00677 0.00000 0.00000 0.00000 0.00000 -0.00242 0.00000 -0.00020 -0.01034 -0.00000 0.00000 0.00773 -0.00862 0.00000 0.00000 -0.01367 -0.45651 0.00000 -0.01100 -0.00000 0.04493 -0.00090 0.00181 -0.00386 -0.00000 0.60167 -0.00000 -0.00083
0.00000 -0.00000 -0.00366 -0.00004 -0.00000 0.00000 0.00000 0.00005 0.00000 0.00152 -0.01416 0.00001 -0.00000 0.24055 -0.00467 -0.00000 0.00000 0.00000 -0.00000 -0.00019 -0.43650 -0.00000 -1.05564 -0.00000 -0.03399 -0.28047 0.00000 -0.00000 0.00000 -0.00000
