0.00000 0.00000 -0.00791 -0.00769 -0.00000 0.04796 -0.07255 -0.00023 0.00024 0.02294 -0.00283 0.05390 -0.10529 -0.00000 -0.00001 0.02158 -0.01449 -0.00002 0.07487 0.00013 -0.00010 -0.02936 -0.00015 0.00034 -0.00000 0.00000 0.00035 0.00000 -0.00000 -0.00000
-1.08098 0.00000 -0.04957 -0.04872 -0.00023 0.20110 -0.27682 -0.00210 -0.04346 0.33128 -0.05406 0.08200 -0.49922 -0.00001 -0.00003 0.18961 -0.07215 -0.00008 0.30596 -0.00054 -0.00142 -0.18511 -0.06875 -0.19382 -0.00006 0.00000 -0.04746 -0.37165 -0.00000 -0.31805
0.00006 0.00005 0.00000 -0.00002 -0.00039 0.00000 -0.01095 -0.00418 0.00001 0.00006 0.00005 0.00012 -0.00001 0.00001 0.00003 0.00006 0.43317 -0.00001 -0.00006 -0.00142 -0.00244 0.00060 0.00005 0.00033 0.00001 0.00001 -0.00004 0.00004 -0.00004 -0.00004
0.00001 0.00000 -0.03959 0.00000 0.00011 0.00000 0.00010 -0.00015 -0.00000 0.00004 0.00006 -0.00000 -0.00001 -0.00000 0.00010 0.00028 -0.11423 -0.00003 -1.25969 0.00009 -0.00005 -0.26779 0.00002 -0.00000 -0.00005 0.00003 -0.00001 0.00004 -0.00001 -0.00006
0.00790 -0.00041 -0.00141 -0.00897 0.00000 0.00744 -0.07265 0.00001 0.00001 0.05400 -0.00001 0.02341 -0.05849 -0.07816 -0.22928 0.00004 -0.01290 0.01781 0.06490 0.00000 0.00000 -0.02665 0.00001 0.00024 -0.25888 0.00418 0.00008 -0.00018 -0.00860 0.00013
0.00014 -0.00000 -0.08160 -0.27956 0.00010 -0.00000 -0.12184 -0.00119 0.00000 -0.00004 -0.01868 -1.87141 1.67879 -0.00001 -0.00008 0.08183 -0.14839 -0.00007 -1.64987 -0.00023 -0.00056 -0.28611 0.00000 0.00001 -0.00003 0.00000 -0.02131 0.00005 -0.00000 -0.00001
0.00002 0.00000 -0.00002 0.00126 -0.00002 -0.00000 0.00000 0.00004 0.00000 0.00000 -0.00000 -0.02756 0.02522 -0.00001 -0.00002 -0.00007 0.00009 0.00000 0.00761 0.00001 -0.00009 0.01265 0.00000 -0.00006 -0.00003 0.00001 0.00000 0.00000 -0.00000 -0.00001
-0.00052 0.00002 -0.00007 -0.00662 -0.16616 -0.00002 -0.04925 0.00000 -0.00000 0.01547 0.00003 0.03601 -0.06602 -0.00166 -0.10604 -0.00004 -0.02746 0.00083 0.05048 -0.15630 -0.15658 -0.03801 0.00000 -0.00022 -0.00701 0.00035 -0.00000 0.00004 -0.00007 -0.00005
0.00587 -0.00000 -0.04681 -0.05988 -0.03098 -1.22935 1.63422 -0.14363 0.00000 0.03994 -0.04281 -0.04229 -0.20578 -0.00012 -0.01296 0.18970 -0.05624 0.00028 0.08780 -0.12595 -0.14140 -0.13529 0.00000 0.00001 -0.00068 0.00008 -0.11767 0.00005 -0.00032 -0.00001
-0.00002 0.00000 -0.03233 -0.01926 -0.00000 0.04956 -0.09684 -0.00012 0.00002 0.00000 -0.00033 0.04187 -0.15943 0.00001 -0.00001 0.00754 -0.03760 0.00000 0.10113 0.00000 -0.00008 -0.03185 0.00000 0.00024 -0.00000 0.00000 -0.00003 0.00001 -0.00001 -0.00000
0.00004 0.00001 -0.03382 -0.03451 -0.00200 -0.00015 -0.18973 -0.07511 0.00003 0.00045 -0.00000 0.04523 -0.18185 -0.00009 -0.00075 -0.00000 -0.04050 -0.00012 0.13531 -0.02271 -0.04134 -0.29465 0.00000 -0.00001 0.00030 -0.00000 -0.00000 0.00000 -0.00004 -0.00000
0.00001 0.00000 0.00355 0.31469 -0.00002 0.00000 0.00012 0.00004 -0.00000 -0.00001 0.00001 0.00000 -0.00000 -0.00000 -0.00001 -0.00006 0.00265 -0.00002 -0.14039 -0.00003 0.00012 0.02971 0.00000 -0.00000 -0.00001 0.00000 0.00000 0.00000 -0.00000 -0.00000
0.00001 0.00000 0.00663 0.14229 -0.00002 0.00000 0.00013 0.00006 -0.00000 -0.00001 0.00001 1.03151 -0.00000 -0.00000 -0.00000 -0.00006 0.01902 -0.00001 -0.17955 0.00000 -0.00010 0.02406 0.00000 -0.00005 -0.00001 0.00000 0.00000 0.00000 -0.00000 -0.00001
0.02182 -0.03255 -0.04010 -0.11627 -0.00000 0.05790 -0.09797 -0.00015 0.00006 0.05043 -0.00083 -0.74522 0.58705 0.00000 -0.00000 0.00706 -0.05341 -0.00001 0.22186 0.00011 0.00008 -0.07995 -0.00042 -0.00649 -0.00000 0.28158 -0.00021 -0.01097 -0.31140 -0.00515
-0.00215 -0.00078 -0.00168 -0.01277 -0.00000 0.02363 -0.04526 0.00001 -0.00004 0.03275 -0.00011 0.02609 -0.08784 -0.12813 -0.00000 0.00000 -0.02478 0.00244 0.05117 0.00000 -0.00001 -0.03226 -0.00007 0.00021 -0.34863 0.01163 -0.00007 -0.00026 -0.01845 0.00009
-0.00003 0.00000 -0.00247 -0.00049 -0.00039 0.00000 0.04417 -0.01618 -0.00000 0.00010 0.51344 -0.02412 0.01826 -0.00001 0.00001 0.00000 0.00124 -0.00019 -0.00428 -0.00420 -0.00922 0.06674 0.00000 -0.00000 -0.00003 0.00000 -0.15951 0.00000 0.00002 -0.00000
-0.00006 0.00003 0.00000 -0.00000 0.00004 0.00000 -0.00198 -0.00010 0.00000 0.00003 0.00005 0.00005 -0.00008 -0.00003 0.00009 0.00017 -0.00000 -0.00003 -0.00001 0.00007 0.00009 -0.03254 -0.00002 -0.00037 -0.00001 0.00007 0.00006 0.00003 -0.00003 -0.00002
0.02278 -0.02322 -0.03908 -0.03882 -0.00000 0.06251 -0.12526 -0.00018 0.00001 -1.19430 -0.00110 -0.04057 -0.13209 0.10940 -0.00002 0.00851 -0.04375 -0.00000 0.15228 0.00013 0.00005 -0.03810 -0.00065 -0.00881 -0.00000 0.05664 -0.00040 -0.01249 -0.08319 -0.00958
0.00001 0.00000 -0.00997 -0.00000 -0.00002 -0.00000 0.00009 0.00008 0.00000 -0.00001 0.00001 -0.00000 -0.00001 -0.00000 -0.00002 -0.00014 -0.04185 -0.00001 0.00000 0.00001 -0.00009 -0.09107 0.00000 -0.00000 -0.00001 0.00000 -0.00000 0.00001 -0.00000 -0.00001
0.00395 -0.00019 -0.00024 -0.01336 -0.25374 0.00075 -0.05784 0.00000 0.00001 0.04746 0.00008 0.03065 -0.06515 -0.00946 -0.18398 0.00011 -0.01604 0.00261 0.06314 0.00000 0.00001 -0.02556 -0.00000 0.00010 -0.04096 0.00054 0.00001 -0.00013 -0.00068 0.00005
-0.00260 -0.00007 -0.00012 -0.00673 -0.19665 0.00016 -0.05313 0.00000 -0.00001 0.03769 0.00006 0.00733 -0.04058 -0.00344 -0.12853 0.00026 -0.02336 0.00079 0.04107 -0.17658 -0.00000 -0.02812 0.00000 -0.00034 -0.01418 0.00030 -0.00001 -0.00002 -0.00024 -0.00011
0.00003 0.00000 -0.00002 -0.00000 0.00015 0.00000 0.00008 -0.00005 -0.00000 0.00005 0.00000 0.00003 -0.00015 -0.00001 -0.00007 -0.00003 0.00004 -0.00002 0.00003 0.00014 0.00011 -0.00000 0.00001 -0.00005 -0.00005 0.00000 -0.00000 0.00000 -0.00001 -0.00003
0.00111 0.00001 -0.04353 -0.03757 -0.00821 0.12291 -0.12061 -0.19562 -0.32389 0.24271 0.32559 0.04956 -0.18640 -0.00008 -0.00306 -0.54881 -0.07570 0.00003 0.16615 -0.07916 -0.14932 -0.04162 0.00000 -0.15794 0.00004 0.00005 -0.40332 0.00002 -0.00003 -0.00000
0.00359 0.00001 0.00140 -0.26835 -0.00105 0.01725 -0.01323 -0.00566 -0.04887 0.00699 -0.01020 0.90072 0.00552 0.00005 -0.00021 -0.41654 -0.00894 -0.00021 0.12161 -0.00337 -0.00505 -0.04009 0.00000 -0.00000 0.00002 -0.00000 0.34759 0.00005 -0.00003 -0.00002
-0.57680 -0.01384 -0.01193 -0.02199 -0.00000 0.06595 -0.12944 -0.00003 0.00023 0.14794 -0.00016 -0.03988 -0.10423 -0.55928 -0.00000 0.00419 -0.03774 -0.69672 0.12324 0.00001 -0.00009 -0.05734 -0.00016 -0.00037 -0.00000 0.17609 0.00008 -0.00283 -0.24782 -0.00101
-0.40415 -0.48502 -0.03690 -0.04047 -0.00001 0.22502 -0.17702 -0.00026 -0.00388 0.18554 -0.01244 0.05256 -0.29526 -0.00000 -0.00002 0.10981 -0.05116 -0.00001 0.23369 -0.00011 -0.00003 -0.09510 -0.00784 -0.09390 -0.00001 0.00000 -0.00440 -0.19218 -0.00000 -0.12994
0.00012 -0.00000 -0.02088 0.01717 -0.01096 -0.00011 -0.18511 -0.16742 -0.00001 0.00078 -0.55167 -0.29841 -0.27577 -0.00001 -0.00385 0.00001 -0.03626 -0.00004 0.14343 -0.08546 -0.12530 -0.23341 0.00000 -0.00000 -0.00003 0.00002 -0.00000 0.00000 -0.00006 -0.00001
0.00942 0.00000 -0.07776 -0.05160 -0.00037 0.02619 -0.17886 -0.01762 -0.08275 0.06585 -0.56529 0.01690 -0.23895 -0.00004 0.00001 -0.94035 -0.06577 -0.00019 0.13837 -0.00350 -0.00887 1.43196 -0.11094 -0.08391 -0.00003 0.00000 -0.18852 0.00000 0.00002 -0.16890
-0.53166 -0.11576 -0.06342 -0.05082 -0.00001 -0.38431 -0.21611 -0.00020 -0.00088 0.09155 -0.00526 0.02333 -0.22946 -0.00000 -0.00002 0.10443 -0.06845 -0.00001 0.22667 -0.00010 -0.00007 -0.09777 -0.00225 -0.04871 -0.00001 -1.20114 -0.00163 -0.08112 -0.00000 -0.03547
1.85164 0.00000 -0.04411 -0.02232 -0.00062 0.03197 -0.05530 -0.04223 -0.16534 -0.85038 -0.24586 -0.00048 -0.05337 0.00003 -0.00008 0.50989 -0.05467 -0.00037 0.04919 -0.01008 -0.02787 -0.04804 -0.47984 -0.07446 0.00003 0.00000 -0.07311 0.00001 -0.00002 -0.00000
