0.00000 0.00753 0.00006 0.00218 -0.00013 -0.00374 -0.00000 -0.00001 -0.00018 0.02720 0.08822 -0.05303 -0.00001 0.00177 0.02100 0.00001 0.11888 -0.21277 0.00003 0.00000
0.00011 0.00000 -0.00051 0.02924 0.00002 0.00002 0.00034 0.00004 -0.00002 0.00035 0.00008 0.00020 0.00006 -0.00789 0.00012 -0.00001 -0.50246 0.05722 -0.00019 -0.00013
0.03123 -0.00388 0.00000 0.02495 -0.02464 -0.00017 -0.00000 -0.00000 -0.00000 0.10152 0.11288 -0.18254 0.00001 0.00600 0.01795 -0.02511 0.02844 -0.01767 1.71165 0.00001
-0.00045 -0.00004 0.00009 0.00000 0.00001 0.00008 0.00000 -0.00000 -0.00010 -0.00001 -0.00035 -0.00162 -0.00003 0.00000 0.01555 0.00004 0.00600 -0.00115 -0.00010 0.00002
-0.01602 0.03214 0.00013 -0.01172 0.00000 -0.01388 0.00000 0.00000 -0.00025 0.09046 0.03885 -0.00078 0.00241 0.01668 0.03491 0.00007 0.02326 0.12582 0.00017 0.00000
0.00166 0.01753 0.00761 -0.00539 -0.00014 0.00000 0.00000 -0.01196 -0.02051 0.02995 0.03071 0.01921 0.00179 0.01796 0.35274 -0.00001 0.01419 0.00120 0.00412 0.02636
-0.03688 -0.01034 0.09367 -0.06395 -0.11892 -0.04055 0.00000 -0.33322 -0.24681 0.00825 -0.01538 -0.01581 0.00001 -0.00304 -0.01273 -0.08529 0.03038 -0.02426 0.04489 0.19005
-0.13636 0.05723 -1.44149 -0.57014 0.07839 -0.00031 -0.00000 0.00000 0.57213 -0.05406 -0.02231 0.07644 0.00002 0.04461 0.03972 -0.07874 0.03235 -0.28665 -0.66223 0.00003
-0.01275 -0.03317 -0.90325 -0.02271 -0.01645 0.00008 0.00000 0.00000 0.00000 -0.01104 -0.17542 0.08339 -0.00001 -0.03891 -0.05474 0.00277 -0.40361 -0.01299 -0.18616 -0.00000
-0.00018 -0.01705 0.00006 -0.04285 0.00001 0.00001 0.00003 -0.00002 -0.00013 -0.00000 0.10278 -0.00001 -0.00001 -0.01030 -0.00106 0.00094 -0.00997 -0.00093 0.00006 -0.00000
-0.00002 -0.01406 0.00005 -0.00740 0.00001 -0.00001 0.00001 -0.00002 -0.00004 -0.00001 -0.00000 -0.00004 0.00009 -0.00392 -0.08738 0.00010 0.00159 -0.00907 0.00004 0.00007
0.00006 -0.03330 -0.00003 0.00060 -0.00841 0.00009 0.00002 0.00001 0.00007 -0.26720 -0.16373 0.00000 -0.00017 -0.01733 -0.09673 -0.00011 -0.05306 0.04339 -0.00003 -0.00011
-0.03377 0.01781 0.02260 0.00807 -0.00216 -0.00364 0.02176 -0.03077 -0.01601 0.03225 0.01302 0.01316 0.00000 0.02532 0.02881 -0.00464 0.17953 0.04674 0.05170 0.04381
0.00263 -0.00007 0.00002 0.69235 0.00003 0.00000 -0.00003 -0.00001 0.00001 0.00099 -0.00673 -0.00006 0.00001 0.00000 -0.03041 -0.00000 0.00023 -0.03979 -0.00035 0.00004
0.00006 0.03051 -0.00000 0.00004 -0.00000 0.00000 0.00019 0.00001 -0.00001 0.00015 0.00000 -0.00000 0.00000 -0.00004 0.00000 -0.00000 0.02333 0.00000 0.00001 0.00006
0.07557 -0.06806 -0.00017 0.01587 -0.02062 -0.04722 0.00000 -0.00000 0.00052 0.00038 -0.01305 0.01202 -0.00051 -0.06187 0.05366 0.00000 -0.00748 0.40344 0.00016 0.00051
0.00000 -0.00000 0.00018 -0.00108 -0.00007 -0.00017 0.00000 -0.00001 -0.00001 0.00242 -0.00031 -0.00021 0.00000 0.00498 -0.00043 -0.00006 -0.00000 -0.00405 0.00013 0.00002
-0.00000 0.00004 -0.00070 0.00391 0.00000 -0.00463 -0.00000 0.00000 0.00119 -0.02187 0.00045 0.00024 -0.00000 0.00006 -0.03535 0.00000 -0.00480 0.00000 0.00002 -0.00018
0.04152 -0.02025 0.00000 0.02506 0.03377 -0.00061 0.00000 -0.00000 -0.00000 0.09271 0.11421 -0.17855 0.00001 0.02014 0.03984 -0.01925 0.04014 -0.01590 0.00000 0.00001
0.13111 -0.01039 0.05322 -0.02154 -0.01843 -0.00003 -0.00000 -0.02853 -0.34586 -0.11057 -0.00800 -0.02562 -0.00000 -0.01676 -0.01341 -0.00420 0.00251 -0.01556 0.02705 0.00000
