-0.00000 0.00001 -0.00000 -0.00017 0.00060 0.00001 0.00000 -0.00000 -0.00000 -0.07290 0.03105 0.00000 -0.00000 -0.00000 0.00159 0.00003 0.00000 -0.87771 -0.00442 -0.22426
-0.00010 -0.00000 -0.00000 -0.00000 -0.00000 -0.00000 -0.00000 -0.00002 -0.00000 0.00002 -0.00000 -0.00000 -0.00003 0.00005 0.00002 -0.00000 0.22648 -0.00327 -0.00036 0.00149
0.00023 -0.00003 0.00000 0.00000 0.00009 0.00001 -0.67398 -0.00000 -0.00000 0.00000 -0.00000 0.00032 -0.00006 0.00000 0.00002 0.00017 -0.00000 0.00000 0.00014 -0.00004
-0.00013 0.00000 0.00006 0.00000 -0.00017 -0.17464 -0.00007 0.00007 -0.00001 0.00016 -0.00000 -0.00005 -0.00000 -0.00000 -0.00005 0.00000 -0.00000 0.00000 0.00000 0.00020
0.00086 -0.00000 0.03010 -0.00000 0.00000 -0.03046 -0.08246 0.00015 -0.00800 0.00016 0.00000 -0.00000 -0.10845 0.04683 0.00000 0.00073 -0.00000 0.93710 -0.00025 0.01968
0.00021 0.00000 0.00000 -0.00000 -0.00052 -0.00000 -0.00000 -0.00000 0.00070 -0.00000 0.00000 0.00007 0.00000 -0.00042 0.00000 -0.00000 -0.00000 -0.00012 -0.00003 -0.00025
-0.00011 -0.00000 -0.00000 -0.00000 -0.00001 0.09508 0.00000 0.00000 0.04759 0.00000 0.00008 -0.00025 0.07701 -0.07398 0.00000 -0.02147 0.00000 0.00007 -0.00003 0.00000
-0.00016 -0.00000 -0.00000 0.00000 0.00009 0.00000 0.00000 0.00000 0.00000 0.00000 -0.00006 -0.00000 -0.00002 -0.00003 -0.43562 -0.00000 0.11521 0.00007 0.00000 0.00000
0.00000 -0.00000 -0.00000 -0.00009 -0.00040 0.00001 -0.00000 -0.00000 -0.00000 0.00000 -0.00000 0.00000 0.00009 -0.00022 -0.00000 0.00000 0.00000 -0.00020 -0.00000 -0.00028
-0.00012 -0.00000 0.07071 0.00015 0.00010 -0.13061 -0.09061 -0.01747 -0.08785 -0.00000 0.00000 -0.00000 -0.12585 0.10313 -0.26709 0.03332 -0.00328 -0.00000 -0.00070 0.00000
0.00007 0.00000 0.00067 -0.00000 -0.00002 -0.00000 -0.00005 0.00010 0.00012 -0.45706 -0.00000 0.00000 0.00072 -0.00017 0.13604 -0.00014 0.00063 -0.00000 -0.00010 -0.00000
0.00008 0.00000 0.00022 0.00000 -0.00002 -0.00011 -0.00021 0.00005 0.00000 -0.29460 0.00183 -0.00000 0.00004 -0.00029 -0.00000 -0.00000 0.00017 0.00000 0.13092 -0.50562
0.00022 -0.00000 -0.00000 -0.00000 -0.00000 0.07301 0.00000 -0.00000 0.04018 -0.00000 0.00012 0.00025 -0.00000 -0.07295 -0.00000 -0.00047 -0.00000 -0.00034 -0.00008 -0.00039
0.00000 -0.00000 0.00000 -0.00000 0.00052 -0.00024 0.00000 0.00000 -0.00041 -0.00000 -0.00034 -0.00000 -0.00000 0.00000 -0.00000 0.73108 -0.00001 0.00028 0.00014 0.00049
0.00027 0.00030 -0.00077 0.00000 -0.00031 0.00000 0.00116 -0.00000 0.00010 0.00000 0.00000 0.00007 0.00005 -0.00000 -0.00000 -0.00000 -0.07716 -0.00001 0.00016 0.00000
-0.00030 0.00000 0.00010 0.00000 0.00029 -0.01183 -0.00000 0.00000 -0.02098 0.00005 -0.00010 -0.00036 -0.00030 0.00000 0.00005 0.00000 0.00000 0.00014 0.00001 0.00000
0.00013 0.00000 0.00000 0.00000 0.00000 -0.00004 0.00000 0.00000 -0.00000 0.00000 -0.00000 0.00000 -0.00000 0.00011 0.00000 0.00000 0.00000 -0.00008 -0.25862 0.00000
-0.00000 -0.00056 0.02285 -0.00000 -0.00000 -0.00759 -0.02733 0.00000 -0.02324 0.15894 -0.10937 -0.12991 -0.01683 0.02063 -0.05654 0.02848 -0.02535 -0.00000 0.12862 0.21849
-0.00013 -0.00003 0.02131 0.00022 0.00011 -0.04597 -0.04298 -0.00000 -0.02770 -0.00016 -0.02981 -0.00000 -0.05587 0.04046 -0.00000 0.00864 -0.00000 0.00000 -0.00000 0.00000
-0.00000 -0.00017 0.01312 0.00024 0.00003 -0.00476 -0.01719 0.00001 -0.00131 0.34726 -0.33087 0.00000 -0.00749 0.03260 -0.22317 0.01689 -0.00003 0.00000 0.76617 0.00000
