0.00000 0.00032 -0.00005 -0.00001 0.00001 0.00001 -0.00008 -0.00001 -0.00000 -0.00001 0.00000 -0.04052 0.00007 -0.00000 0.00001 -0.00041 0.00001 0.02082 -0.00000 0.00000
0.02090 0.00000 -0.00013 -0.00005 -0.04380 -0.00000 0.00575 -0.00002 -0.05624 0.00000 0.00000 0.00099 0.00002 -0.00000 0.00001 -0.01089 0.00004 -0.00004 -0.00000 0.00000
-0.01793 0.00776 0.00000 -0.03023 -0.02672 0.00075 0.03410 0.00645 -0.04206 -0.00161 -0.05285 -0.03345 -0.00844 -0.00818 -0.05842 -0.00636 -0.00209 0.02966 0.00136 -0.01802
-0.01226 -0.02851 -0.00002 0.00000 -0.00804 -0.00000 0.01318 -0.00002 -0.01676 -0.00006 -0.06497 0.01188 -0.02232 -0.04047 0.00000 -0.00306 0.00111 -0.00685 -0.01130 0.00013
0.21012 -0.00028 0.00010 -0.00001 0.00000 -0.00000 0.00006 0.00003 0.00000 -0.00004 -0.00000 -0.00226 -0.00005 0.00000 -0.00001 0.00012 -0.00006 0.00026 0.00000 -0.00000
0.00809 -0.00100 -0.00097 -0.01882 -0.03242 0.00000 0.03271 -0.00000 -0.00987 0.01215 -0.06203 -0.03082 -0.01813 -0.02304 -0.05657 -0.01131 -0.00585 -0.00781 -0.03457 -0.00025
0.01113 -0.00019 0.00000 0.00000 -0.03537 0.00000 0.00000 0.00000 -0.08531 -0.00007 -0.00000 -1.71456 -0.00042 0.00004 0.00000 -0.78477 -0.00013 0.01991 -0.00006 -0.00000
-0.00021 -0.00242 0.00031 -0.03996 -0.02229 -0.01792 0.03213 0.00000 -0.01992 -0.01257 -0.09320 -0.01223 -0.02999 -0.04693 -0.01940 -0.01755 -0.02622 -0.00028 -0.02805 -0.01678
-0.10497 -0.00018 0.00004 -0.00000 0.52888 0.00002 0.00001 0.00003 0.00000 -0.00002 -0.00000 -0.00534 -0.00018 0.00000 0.00000 -0.00000 -0.00005 -0.00006 0.00000 -0.00000
-0.01654 -0.00506 0.00002 -0.04171 -0.02022 0.00002 0.03649 -0.00012 -0.02116 0.00000 -0.05805 -0.00355 -0.01781 -0.05318 -0.00000 -0.00701 -0.01155 -0.08365 -0.02345 -0.00022
-0.74643 0.04724 0.00001 -0.00000 0.24086 -0.00000 -0.83229 -0.00000 -0.05038 0.00001 0.00000 -0.01377 1.97093 -0.00002 0.00000 0.61880 0.00004 -0.00757 -0.80778 -0.00000
-0.00006 0.00046 -0.00002 0.00000 0.00121 -0.00001 -0.00000 0.00001 0.00065 0.00020 0.00000 0.00000 0.00049 -0.00000 0.00002 0.02847 0.00034 0.01761 0.00002 0.00000
-0.00403 -0.01779 0.00001 -0.00000 -0.01178 -0.00000 -0.01405 -0.00000 -0.00080 0.00002 0.00000 -0.01166 0.00000 -0.00000 -0.00001 0.00541 0.00004 -0.00233 -0.05298 -0.00004
1.04411 -0.02142 0.00039 -0.00001 -0.35986 0.00003 -0.01440 -0.00000 0.02063 -0.00000 -0.05185 0.06793 0.00294 0.00000 -0.00000 0.01425 -0.00000 -0.01114 1.23395 0.00003
0.00156 0.01666 -0.00001 1.19108 -0.06146 -0.00001 0.06380 0.00004 -0.00506 -1.13133 -0.02754 -0.02570 -0.01724 -0.04630 0.00000 -0.01639 0.00757 -0.75243 -0.02535 0.00011
-0.00201 0.00022 0.00000 -0.00001 -0.00840 0.00005 -0.00000 -0.00002 -0.05643 0.00007 0.00000 0.00001 0.00130 -0.00005 -0.00000 0.00000 0.00032 -0.00035 0.00011 -0.00001
-0.01840 0.00351 0.00049 -0.00460 -0.02341 -0.00018 0.01189 0.00001 -0.02037 0.00003 -0.02890 -0.00361 -0.01691 -0.05420 0.00035 0.00111 0.00000 0.00024 -0.04065 0.00178
0.00005 0.01048 -0.00004 -0.00004 -0.00084 0.00001 -0.00006 -0.00003 -0.00924 -0.00001 0.00001 0.00014 0.00020 -0.00001 -0.00000 -0.01575 0.00012 0.00000 -0.00000 0.00001
-1.88565 -1.75769 0.00008 0.00000 1.06305 0.00000 0.05655 0.00001 1.08796 -0.00000 -0.00000 -0.09466 -0.00011 0.00000 -0.00001 -0.03442 -0.00002 -0.51711 0.00000 -0.00000
-0.87840 0.02734 -0.00020 -0.01306 0.26897 -0.00838 0.07519 -0.00012 -0.05820 -0.00351 -0.04415 1.67774 -0.00400 -0.03791 -0.01832 -0.06422 0.00063 -0.00560 -1.07796 0.00000
