-0.25917 -0.00007 0.07035 -0.00025 -0.00016 -0.04698 0.00001 0.00005 -0.00005 0.00001 -0.00009 -0.00009 0.00005 -0.02517 0.00019 0.00024 0.00001 -0.00512 -0.00746 -0.00002 -0.01083 -0.04099 -0.00021 -0.00005 -0.00025 -0.00008 -0.02426 0.00011 -0.10326 -0.00014
0.00007 -0.00001 -0.00857 -0.03305 -0.09904 -0.00012 0.00007 0.00007 -0.00251 -0.00000 -0.08165 -0.00020 0.00001 -0.00691 -0.00012 0.00028 0.00000 -0.02427 -0.01770 -0.05914 -0.01044 -0.00005 -0.08430 -0.10822 -0.00019 -0.00000 -0.00013 0.00015 -0.00774 0.11241
-0.00015 -0.00008 0.43764 -0.00023 -0.02038 -0.02110 -0.00003 0.00812 -0.11551 -0.03096 -0.10676 -0.01169 0.00017 -0.00012 -0.10989 -0.28550 0.00011 -0.00023 -0.00491 -0.01255 -0.01271 -0.01016 -0.00022 0.00000 -0.00284 -0.00005 -0.01381 0.00001 -0.00004 -0.05305
0.00002 -0.00011 -0.00000 -0.00026 -0.00033 -0.00010 -0.00001 0.00020 -0.00011 0.00003 -0.00024 -0.00013 0.00008 -0.00015 -0.00005 0.00033 0.00000 -0.00007 -0.00016 -0.00018 -0.00032 -0.00027 -0.00014 -0.00000 -0.00019 -0.00001 0.00002 0.00014 0.00000 -0.00028
-0.00006 -0.00000 -0.00000 -0.00037 0.34403 -0.00041 -0.00005 0.00495 -0.00004 0.00002 -0.00104 -0.00670 0.00005 -0.00014 0.00005 0.00722 0.00004 -0.00004 -0.00094 -0.00012 -0.00114 -0.00171 -0.00015 -0.00009 -0.00045 0.01624 -0.03518 0.00015 0.00005 -0.00108
-0.00003 -0.00004 -0.00000 -0.00025 -0.00018 -0.00003 0.00001 0.00006 -0.00007 0.00000 -0.00013 -0.00010 0.00001 -0.00014 0.01029 0.00015 0.00000 -0.01940 -0.00044 -0.04773 -0.00888 -0.01139 -0.00019 0.00001 -0.00358 -0.04859 -0.00005 0.00006 -0.01462 -0.00079
-0.01584 0.00001 -0.02384 -0.01185 -0.02208 -0.00049 0.17664 0.00003 -0.00012 -0.05323 -0.06621 -0.00018 -0.12897 -0.04357 0.01029 0.00031 0.00001 -0.01238 -0.00829 -0.00533 -0.00275 -0.01072 -0.11882 -0.02588 -0.02297 -0.00000 -0.00004 0.00014 -0.00004 -0.00011
0.00013 -0.00008 0.00001 -0.00019 -0.05374 -0.01233 -0.00000 0.05463 -0.01816 -0.47035 -0.02675 -0.08678 0.00005 -0.05266 0.00030 0.00041 -0.19367 -0.01621 -0.01679 -0.03306 -0.00029 -0.02148 -0.01227 0.00005 -0.01913 -0.10605 -0.03834 -0.23095 0.00000 -0.00239
0.00008 -0.00002 -0.07919 -0.01631 -0.00019 -0.00006 0.00007 -0.10345 -0.00008 0.09389 -0.03642 -0.00015 0.00002 -0.09839 -0.00025 0.00032 -0.26648 -0.00009 -0.00036 -0.00531 -0.00011 -0.00004 -0.00019 -0.00004 -0.00018 -0.00000 -0.00010 0.00009 0.00004 -0.01151
-0.00016 0.00000 0.00007 -0.11127 -0.00012 -0.00014 0.00008 -0.20938 0.00007 0.22793 -0.00092 0.00013 -0.00000 -0.00009 0.00069 0.00776 0.16030 -0.00014 -0.01708 -0.00074 -0.00010 -0.00431 -0.00027 -0.08872 -0.01337 -0.00010 -0.00003 0.00177 -0.00004 -0.00011
0.10015 -0.00001 0.02873 -0.00029 -0.00027 -0.00003 0.00001 0.00107 -0.00019 -0.00003 0.39410 -0.00023 0.00005 -0.00017 -0.00590 0.00466 -0.00032 -0.00004 -0.00054 0.12421 -0.00032 -0.00054 -0.00020 -0.00003 -0.00033 -0.00000 -0.02176 0.00029 0.00010 -0.00012
-0.00007 -0.08157 0.00001 -0.01877 -0.03256 -0.00007 0.00003 0.00003 -0.00006 0.00003 -0.18721 -0.02372 0.00001 -0.00011 0.01204 0.00006 0.00001 -0.00010 -0.00012 -0.07826 -0.00004 -0.00012 -0.00019 -0.00006 -0.04811 -0.00005 0.00007 0.02183 -0.00003 -0.14160
-0.00002 -0.15511 -0.13036 -0.00015 -0.16353 -0.00007 -0.27191 0.00018 -0.10866 -0.00000 -0.04932 -0.00008 -0.11902 -0.00010 0.00010 -0.01413 -0.00780 -0.07519 -0.01091 -0.01239 -0.03119 -0.00838 -0.00017 -0.05898 -0.09004 -0.00008 -0.00018 0.00005 -0.00162 -0.30051
-0.00008 -0.00003 0.00002 -0.00023 -0.00018 -0.00003 -0.11144 0.00010 -0.00007 0.00005 -0.00340 -0.00005 0.00007 -0.00010 0.00215 0.00014 -0.20778 -0.00010 -0.00014 -0.02111 -0.00016 -0.00008 -0.00016 -0.00006 -0.00022 -0.00014 0.00007 0.00003 0.00004 -0.05635
0.00004 0.00000 0.00009 -0.00022 -0.00298 -0.05209 -0.02418 0.00004 -0.03702 -0.03790 -0.02131 -0.14666 0.00000 -0.01593 -0.28770 0.00076 -0.02764 -0.00927 -0.00992 -0.00019 -0.02542 -0.02519 -0.00678 -0.00008 -0.03082 -0.00006 -0.04917 0.00026 -0.03634 -0.00022
0.00001 -0.00004 -0.49369 -0.01201 -0.00022 -0.01329 0.00006 0.00033 0.08264 -0.00003 -0.13272 -0.00021 0.00003 -0.00008 0.11198 0.00074 -0.15483 -0.00009 -0.00061 -0.05412 -0.01505 -0.00942 -0.00021 -0.00891 -0.00594 -0.00933 -0.00338 0.00010 0.00008 -0.05971
-0.00040 0.00000 -0.01513 -0.03988 -0.00102 -0.00019 0.00006 -0.00027 -0.03732 0.05173 -0.01172 0.00031 0.00003 -0.00094 0.00177 0.00820 0.46171 -0.00018 -0.00060 -0.00348 -0.00333 -0.00391 -0.00211 -0.04772 -0.00052 -0.00012 -0.00003 0.00078 -0.00005 -0.01163
-0.00006 -0.00004 0.00000 -0.00021 -0.00018 -0.00682 0.00003 0.00005 -0.00005 0.00002 -0.03478 -0.00009 0.00004 -0.00013 0.00013 0.00021 0.00001 -0.00000 -0.02439 -0.00012 -0.01760 -0.00535 -0.00019 -0.00007 -0.00015 -0.06260 -0.00003 0.00004 -0.00804 -0.00019
-0.00005 -0.00003 -0.00002 -0.00015 -0.00021 -0.00018 0.00003 0.00009 -0.00007 0.00003 -0.00024 -0.00008 0.00005 -0.00013 0.00017 0.00021 -0.00000 -0.00009 -0.00005 -0.00010 -0.00571 -0.00111 -0.00020 -0.00000 -0.00017 -0.00009 0.00003 0.00003 0.00008 -0.00036
0.00010 -0.00894 -0.05264 -0.00030 -0.09497 -0.00002 0.00002 0.00028 -0.00019 -0.02432 0.29097 -0.00014 0.00001 -0.00014 -0.03236 0.01848 -0.00966 -0.00004 -0.00015 -0.00007 -0.00026 -0.00007 -0.00016 -0.00005 -0.00025 -0.00000 -0.00000 0.00019 0.00000 -0.00010
-0.00003 -0.00004 -0.00002 -0.00025 -0.00018 -0.01702 0.00000 0.00005 -0.00007 0.00001 -0.00950 -0.00011 0.00008 -0.00012 0.00020 0.00022 0.00000 -0.00904 -0.04272 -0.01018 -0.00005 -0.00847 -0.01005 -0.00006 -0.00028 -0.00084 -0.00488 0.00005 -0.02925 -0.00692
-0.00003 -0.00005 0.00000 -0.00025 -0.00018 -0.00067 0.00001 0.00010 -0.00007 0.00002 -0.00016 -0.00010 0.00003 -0.00013 0.00368 0.00020 -0.00000 -0.00011 -0.01631 -0.01058 -0.00020 -0.00000 -0.00019 -0.00006 -0.00224 -0.00004 0.00004 0.00006 -0.00005 -0.00160
-0.00009 -0.00007 0.00005 -0.00021 -0.00018 -0.00004 0.00001 0.00015 -0.00004 0.00000 -0.04753 -0.00008 0.00002 -0.00012 0.00017 0.00011 0.00001 -0.00504 -0.00016 -0.00008 -0.00140 -0.00691 -0.00014 -0.00002 -0.00012 -0.00010 -0.00717 0.00002 0.00003 -0.04620
0.00009 -0.00005 0.01835 -0.00021 -0.00026 -0.00011 -0.00616 0.07591 -0.00619 -0.00171 -0.01555 -0.00016 0.00009 -0.00013 -0.00013 0.00035 -0.00003 -0.00006 -0.00838 -0.00015 -0.00026 -0.00014 -0.00015 0.12340 -0.00017 -0.00007 -0.03919 0.00015 0.00000 -0.00765
-0.06887 0.00000 -0.00000 -0.00024 -0.00024 -0.02685 -0.00000 0.00011 -0.00007 0.00001 -0.00089 -0.00012 0.00006 -0.00012 0.00282 0.00016 -0.00001 -0.00294 -0.01521 -0.01636 -0.01892 -0.02875 -0.00015 -0.00003 -0.00101 -0.03249 0.00006 0.00006 -0.01598 -0.00954
-0.00006 -0.00007 0.00000 -0.00029 0.09972 -0.00023 0.00003 0.00000 -0.00002 -0.00108 -0.00921 0.03017 0.00003 -0.00013 0.00027 0.00016 0.00001 -0.02961 -0.00063 -0.00012 -0.01234 -0.00247 -0.00020 0.00000 -0.00016 -0.00004 0.00002 0.00007 -0.00000 -0.00048
-0.00003 -0.00003 0.00003 -0.00019 -0.20013 -0.00014 0.00002 0.00017 -0.00103 -0.00000 -0.00008 -0.00008 0.00001 -0.00014 0.01701 0.00011 -0.00000 -0.00013 -0.00011 -0.00005 -0.00013 -0.00002 -0.00020 0.00004 -0.00011 -0.00005 0.00001 0.00003 -0.00007 -0.00015
-0.00010 -0.00008 0.00002 -0.00022 -0.00012 -0.03795 -0.00796 -0.09268 -0.00000 0.00000 -0.00030 -0.00000 0.00001 -0.00012 0.00991 0.00003 0.00003 -0.03240 -0.03638 -0.00009 -0.03569 -0.04246 -0.00086 -0.03093 -0.00022 -0.00006 0.00000 -0.04052 -0.02250 -0.00630
-0.00002 -0.00008 0.00002 -0.00020 -0.00018 -0.00473 0.00003 0.00014 -0.00273 0.00000 -0.08987 -0.00009 0.00001 -0.00012 0.00018 0.00012 0.00001 -0.00064 -0.00012 -0.00006 -0.01849 -0.00004 -0.00022 -0.00004 -0.00017 -0.00009 -0.00446 0.00002 -0.00000 -0.01662
0.00020 0.00005 -0.00004 -0.00141 -0.00100 -0.00114 0.00006 0.01034 -0.00019 0.00000 -0.00012 -0.00027 0.00000 -0.00261 -0.00018 0.00188 0.00005 -0.00241 -0.00558 -0.00004 -0.01099 -0.00022 -0.00931 -0.00013 -0.00011 -0.00052 -0.00010 0.00024 0.00002 0.37384
