0.00126 -0.48236 0.03275 -0.76236 0.06504 0.05855 -0.57419 -0.18858 -0.36964 0.04216
0.06092 -0.00039 0.04067 -0.46950 0.04961 0.06633 0.14637 0.05560 0.03268 0.05815
-0.14311 -0.48674 -0.00166 -0.72138 -0.19723 0.02053 -0.39938 -0.12670 0.01746 -0.15748
0.01348 0.06016 0.00564 0.00027 -0.00578 0.01833 0.03641 0.02545 0.02067 0.02166
-0.14902 -0.41104 0.03536 -0.55051 0.00134 -0.25216 -0.31071 -0.03033 0.01439 -0.22241
-0.15798 -0.35121 -0.21404 -0.48177 0.04391 0.00042 -0.38966 -0.08435 0.03140 0.02946
0.04445 -0.13097 0.07440 -0.58742 0.07439 0.04736 0.00024 0.07074 0.04752 0.10882
0.00724 -0.63395 0.00626 -0.93751 -0.28565 0.00909 -0.54539 0.00001 -0.31874 0.03732
0.01318 -0.48478 -0.48966 -0.72477 -0.25751 -0.28947 -0.46377 0.01164 -0.00043 -0.20126
-0.13408 -0.45494 0.05251 -0.55492 0.07103 -0.10200 -0.24526 -0.11629 0.01970 0.00158
