-0.00000 0.27468 -0.27602 0.00476 -0.92756 0.44353 -0.00294 -0.00001 0.00001 0.00003
-0.00000 0.00000 -0.05003 -0.00000 0.00494 -0.00004 -0.00090 -0.00011 -0.00002 -0.00002
0.00001 -0.00004 0.00000 -0.00003 0.00004 -0.00028 -0.00048 -0.00000 0.00008 -0.00032
0.00003 0.75301 0.03301 -0.00000 0.88484 -0.00001 0.00010 0.00276 -0.00001 -0.00001
0.00000 0.00074 0.08745 -0.00000 0.00000 -0.00003 0.00011 0.00001 -0.00002 -0.00003
-0.00000 0.00648 -0.02696 -0.16387 -0.14155 0.00000 0.00053 -0.00002 0.00001 0.00000
-0.00039 0.00296 0.00010 0.00184 0.01445 -0.00749 0.00000 0.00027 -0.00065 0.00042
0.10720 0.02861 0.91260 -0.00086 0.03310 -0.00373 -0.00586 -0.00000 -0.00026 -0.00533
-0.06805 0.07641 0.01836 0.19061 0.12849 -0.26332 -0.00427 -0.01857 -0.00000 0.37118
-0.04899 0.11536 -0.01028 0.14819 0.09000 -1.18871 -0.00882 -0.00251 -0.00001 -0.00000
