-0.00000 0.00000 0.00000 -0.00005 0.00066 0.00005 0.00010 0.00013 -0.36239 -0.00000 -0.00059 0.00007 -0.00000 -0.00009 0.00004 -0.00005 0.00023 0.00009 -0.00021 -0.00023 0.00000 0.00034 -0.00009 0.00062 -0.00002 -0.00000 0.00000 0.00003 -0.00000 -0.00000
-0.00032 0.00000 0.00029 0.00045 -0.00000 -0.00000 0.00028 0.00543 -0.00076 0.00000 -0.00019 0.00038 -0.00000 -0.00000 0.00000 -0.00000 -0.00000 0.00000 -0.00000 -0.00036 -0.00000 0.00044 0.00000 0.47046 -1.37276 -0.00000 -0.00008 0.00000 0.00144 0.00035
0.00000 0.01588 -0.00000 -0.00032 -0.00111 -0.00000 -0.00000 -0.00032 0.00005 0.00000 0.00000 0.00008 -0.00055 -0.00028 0.00000 -0.01506 0.00002 -0.29362 -0.00020 -0.00018 -0.00000 0.00038 0.00000 0.00168 0.00042 0.01004 -0.00015 -0.00000 0.00011 0.00008
-0.00040 -0.00011 -0.00001 0.00000 -0.00034 -0.00139 -0.00055 0.00185 0.00000 -0.00093 0.00047 -0.00046 -0.00023 -0.00047 0.00032 -0.00000 0.00000 -0.00020 -0.00011 -0.00000 -0.00000 -0.00037 0.00021 -0.00096 0.00008 -0.03500 0.00009 0.00000 0.00019 -0.00019
0.00028 0.09594 -0.00069 0.00000 -0.00000 0.00000 -0.00005 0.99920 0.00006 0.04249 0.00013 -0.00037 -0.00036 -0.00000 -0.00000 0.00045 -0.00000 0.00065 0.00000 0.00019 0.00001 0.00057 -0.00037 0.00038 -0.00584 0.02428 -0.00031 -0.00000 -0.00026 0.00018
0.00048 0.35476 -0.00017 -0.00070 0.12619 0.00000 0.00036 0.21278 0.00005 0.43359 0.00026 -0.00000 -0.02324 0.00002 -0.32708 0.03122 -0.14442 0.00144 0.27541 0.00001 0.05294 0.00019 -0.03830 -0.04183 -0.05179 0.00750 -0.00016 0.00000 -0.00092 0.10066
0.00015 0.00147 0.00014 -0.00059 0.00065 0.00129 0.00000 0.00008 0.12752 -0.00004 -0.00004 0.00040 -0.00003 0.00002 -0.00006 0.00000 0.00000 0.00014 0.00000 0.00029 -0.00000 0.00000 -0.00002 0.00000 0.00000 -0.00000 0.00004 -0.00000 -0.00009 -0.00010
-0.00000 0.00406 0.00089 0.00399 -0.00000 -0.00000 -0.00806 0.00000 -0.00350 0.00009 -0.00151 -0.00010 -0.02416 -0.00004 0.00000 -0.01530 -0.00000 -0.01409 -0.00000 0.00007 -0.00000 0.00015 0.00005 -0.10871 -0.04687 -0.02786 0.00082 0.00000 0.00058 0.01328
-0.00000 0.00001 0.00021 0.00006 0.00001 0.00010 0.00000 0.00072 0.00000 -0.00000 0.00000 -0.00005 0.00149 -0.00000 -0.00114 0.00094 0.00000 0.00009 0.00000 0.00048 -0.00000 -0.00012 -0.00056 -0.00009 -0.00000 0.00000 0.00019 -0.00006 -0.00000 0.00008
0.00006 0.08000 -0.00021 -0.01039 0.00013 0.00000 0.00008 0.05527 0.00000 0.00000 0.00000 0.00005 -0.00907 -0.00008 -0.00000 0.00014 -0.00000 0.00038 0.00016 0.00001 0.00036 0.00018 -0.01119 -0.01131 -0.03001 0.00086 -0.00001 -0.00000 -0.00044 0.03499
-0.00019 -0.03812 -0.00004 -0.00017 -0.00122 0.00000 -0.00032 -0.00099 -0.00000 -0.00041 -0.00000 0.19469 0.00000 0.00035 -0.00002 -0.00003 -0.00022 -0.00039 0.01636 0.00013 -0.00000 0.00023 -0.00000 -0.06739 -0.02747 0.71677 0.00000 -0.00018 -0.23676 0.00040
-0.00003 0.00490 -0.00000 0.00005 -0.00043 -0.00000 -0.00006 -0.00024 0.00017 -0.00024 -0.00000 -0.00000 0.00055 -0.00031 -0.00003 0.00042 -0.00001 -0.00016 0.00018 0.00048 0.00000 -0.00025 -0.00000 0.00034 -0.00436 -0.60449 -0.00005 -0.00005 0.00000 0.00004
-0.00004 -0.18212 0.00005 0.00000 0.00011 0.00000 0.00007 0.00031 0.00000 -0.00004 0.05681 0.00473 -0.00000 0.00004 -0.00003 0.00000 -0.00000 -0.01150 0.00041 0.00052 0.00000 -0.00048 -0.00004 -0.55379 -0.95188 0.10001 -0.00000 0.00040 -0.08310 -0.00002
-0.00000 0.09578 -0.00004 -0.00021 0.00047 -0.00105 0.00014 0.00317 0.00000 -0.00044 0.00014 -0.00018 -0.00061 -0.00000 -0.00020 0.00052 0.00139 -0.00110 0.02587 -0.00000 -0.00184 0.00000 -0.00004 -0.06150 -0.00513 -0.00031 -0.00000 -0.00114 -0.00009 0.00022
-0.00024 -0.24788 -0.00008 0.00517 0.21781 -0.00000 -0.01851 -0.89561 -0.00188 -0.10930 -0.00013 -0.00020 -0.00071 -0.00010 -0.00000 -0.04818 0.30635 -0.03927 -0.27791 0.00004 -0.11739 0.00000 0.08916 -0.02470 0.01426 -0.04635 -0.00073 0.00000 0.00048 -0.11631
-0.00010 0.06455 -0.00000 -0.35384 0.00108 0.00015 0.01542 -0.00001 0.00582 0.01373 -0.00080 0.00078 0.00062 0.00055 -0.00004 -0.00000 -0.00000 -0.22331 0.00003 0.00979 -0.00000 0.00008 -0.00000 0.07152 -0.00000 0.07395 -0.00007 -0.00000 -0.00066 0.00114
-0.00003 -0.03395 0.00018 0.02714 -0.17394 -0.00000 -0.02596 0.61491 -0.02678 -0.04899 -0.01832 0.00006 -0.05633 -0.00148 0.00000 -0.09777 -0.00000 -0.07756 -0.58661 -0.00016 -0.11127 0.00000 0.10167 -0.47963 0.00053 -0.09498 -0.00032 0.00006 0.00080 -0.04812
0.00029 0.09218 0.00000 -0.00017 0.00026 0.00033 0.00552 0.00093 0.00356 0.00040 -0.01547 0.00878 -0.00011 -0.00013 -0.00000 0.00000 -0.00000 0.00000 0.00104 0.00000 -0.00000 -0.00061 -0.00000 0.08749 -0.00311 0.21238 0.00014 -0.00023 0.00414 0.00025
0.00039 -0.82450 -0.01294 -0.04418 0.14173 0.00000 0.03200 -0.84751 0.01437 0.03655 0.00039 -0.01185 0.01928 0.00016 -0.00000 0.08084 -0.00000 0.02546 0.00000 -0.00003 0.00000 -0.00055 -0.00004 0.04451 0.19877 0.05011 0.00024 -0.00000 -0.00074 0.02589
-0.00023 -0.00016 -0.00009 0.34151 0.00000 0.00006 -0.00000 0.00004 0.00000 0.04530 0.00054 0.00012 0.00082 0.00000 -0.00040 0.00010 -0.00059 -0.00002 -0.00148 -0.00000 0.00055 -0.00036 -0.00009 -0.00093 -0.00025 0.00053 0.00044 -0.00001 0.00010 -0.00036
0.00045 0.03856 0.06920 -0.02412 0.02073 0.00010 0.01855 -0.01249 0.00675 0.01227 -0.07500 0.09807 -0.00214 0.00012 -0.00000 0.21692 -0.00000 0.95283 0.32836 0.00030 -0.00000 0.00031 -0.00000 0.36118 -0.00003 0.55014 0.00000 -0.00002 0.00192 0.02021
0.00034 0.00080 0.00009 -0.00016 0.00038 0.00009 0.00002 0.00002 0.00000 -0.00000 0.00023 -0.00002 -0.00025 0.00000 -0.00012 0.00019 0.00000 -0.00050 -0.00079 -0.00056 -0.00004 -0.00000 0.00001 0.00004 -0.00008 -0.00008 -0.00003 0.00006 -0.00004 0.00000
-0.00010 -0.01102 0.00011 0.00228 -0.00006 -0.00012 -0.00399 0.03036 -0.00078 -0.00039 -0.00006 -0.00027 -0.00143 -0.00000 0.00000 -0.08280 0.00000 -0.04185 -0.08944 0.00024 -0.11114 0.00004 -0.00000 -0.04026 0.00172 -0.03419 -0.00008 0.00011 0.00006 -0.00010
0.00016 0.00000 0.00047 -0.01266 0.00004 0.00000 0.01624 -0.00003 0.00857 0.00000 -0.00003 0.00014 0.00000 -0.00000 -0.00000 0.00001 0.00000 0.00005 -0.00000 -0.00377 -0.00000 0.00001 -0.00017 0.00000 -0.00000 0.00004 0.00031 -0.00000 0.01072 0.00050
0.00033 -0.00000 -0.00085 -0.00058 0.00003 0.00000 -0.00041 -0.00021 0.00318 -0.00003 0.00001 -0.00033 0.00000 0.00000 -0.00000 -0.00000 0.00000 -0.00000 0.00000 0.00047 -0.00000 -0.00056 -0.00004 0.05575 0.00000 -0.00004 0.00000 -0.00001 0.00000 -0.00016
-0.00014 0.03415 0.00001 -0.00000 0.00000 0.00058 0.01215 0.00000 0.01843 0.00036 -0.00000 0.00000 0.00000 0.00020 -0.00003 0.00000 -0.00000 0.00000 0.00039 0.00002 -0.00000 -0.00036 -0.00007 0.03021 -0.08218 0.00000 -0.00011 -0.00016 -0.00000 0.00692
-0.00000 0.00077 -0.00022 0.00033 0.00033 0.00005 0.00022 0.00000 0.00014 0.00032 -0.00003 -0.00000 -0.00014 0.00009 -0.00004 -0.00017 0.00082 0.00009 -0.00078 0.00018 -0.00219 -0.00000 -0.00015 0.00066 -0.00003 0.00005 0.00000 0.00051 0.00008 0.00004
-0.00010 0.03128 -0.00000 -0.00002 0.21394 -0.00010 0.00033 -0.64237 -0.00044 -0.00022 -0.00019 0.00013 0.01209 -0.00128 -0.06918 -0.00015 0.00033 -0.00893 -0.19483 -0.00006 -0.04070 0.00000 0.00036 0.44187 -0.05188 -0.00117 0.00027 -0.00000 0.00005 -0.00029
0.00000 0.00127 0.00005 -0.00000 0.00001 -0.00123 0.00000 0.00060 0.00022 0.00003 -0.00000 -0.00156 -0.00000 0.00005 0.00178 0.00005 0.00068 0.00017 -0.00137 0.00018 0.00001 0.00040 0.00091 0.00088 0.03061 -0.19143 0.00011 -0.00003 0.00000 -0.00015
-0.00002 0.00996 -0.00034 0.00001 0.00055 0.00000 0.00000 0.00040 0.00028 0.00001 0.00022 -0.00061 -0.00000 0.00053 -0.00000 0.00895 -0.00006 0.00113 0.00007 0.00021 0.00002 -0.00031 -0.00470 0.00010 -0.00000 0.00051 0.00016 0.00000 -0.00088 -0.00000
