0.00000 0.00013 -0.00426 -0.00002 0.00451 -0.00060 -0.00000 -0.00000 0.00016 -0.00078 0.00000 -0.00014 0.00005 -0.00000 -0.00024 0.00009 -0.00100 -0.00002 0.00000 0.00000 0.00023 0.00005 0.00043 0.00032 -0.00010 -0.00058 0.00009 0.00000 -0.00000 0.00037 0.00028 -0.00059 0.00000 -0.00000 0.00054 0.00000 -0.00029 0.00000 -0.01117 -0.00057 0.00039 -0.00000 0.00000 -0.00000 -0.00000 -0.00018 0.00000 -0.00001 -0.00021 -0.00008
0.00005 -0.00000 0.00000 0.00000 0.00000 0.00000 0.00000 -0.00003 -0.00000 0.00000 0.00000 0.00016 -0.00000 -0.00041 -0.00000 0.00000 0.94609 -0.00000 0.09040 -0.00005 -0.00000 0.00000 0.00038 -0.00000 0.00000 -0.00000 -0.00000 -0.00000 0.00000 0.00018 0.00000 0.00005 -0.00000 -0.08519 0.00000 -0.00000 -0.00000 0.00010 -0.00024 -0.00000 0.00086 0.00002 -0.00000 0.00029 -0.00012 -0.00000 -0.00000 0.00011 -0.00001 -0.00009
-0.00011 0.00000 0.00000 0.00018 -0.00011 -0.00000 -0.00001 0.00046 0.00000 0.00008 -0.00000 0.00009 0.00308 0.00000 0.00024 -0.00010 0.00014 -0.00000 -0.00000 -0.00014 -0.00000 0.00000 0.00000 -0.00006 0.00004 -0.00000 -0.00008 -0.00000 -0.04673 0.01138 -0.00000 0.02168 -0.00004 0.00000 -0.00000 -0.00000 0.54982 -0.00000 0.00003 0.00000 -0.00050 0.00000 0.00000 0.00000 -0.00024 0.00040 0.00000 0.00039 0.00024 0.00026
-0.01834 0.00000 0.00000 0.00000 -0.00000 -0.00000 -0.00065 0.00111 -0.00000 -0.00000 -0.00000 0.00000 0.02414 0.00000 0.00000 0.00000 0.03411 0.00015 -0.00000 0.00028 -0.00022 -0.00036 0.00000 0.00005 -0.00811 -0.00024 0.00000 -0.00000 0.00000 0.00000 -0.00011 -0.00000 -0.00036 -0.00116 -0.00036 -0.00024 0.00000 0.00001 0.01887 0.00056 0.00000 -0.00000 -0.00000 -0.00000 -0.00017 -0.04575 -0.00001 0.00000 0.00000 0.00000
0.00019 0.09684 -0.00000 -0.00000 0.00000 0.00000 0.00030 0.00000 0.00017 -0.00000 0.00007 0.00001 -0.00000 0.00000 -0.05688 -0.00000 0.05656 -0.00000 0.00001 -0.00000 -0.00020 0.00000 -0.00041 -0.00030 0.00016 0.00009 -0.00000 -0.00007 -0.00001 0.00000 0.00002 -0.00005 -0.00000 0.00000 0.07377 -0.00086 0.00065 0.00000 0.00024 0.00000 0.00064 -0.00000 0.00000 -0.00000 0.00032 0.00007 -0.00028 -0.00000 -0.05288 -0.00000
-0.00000 -0.00015 -0.00142 0.01290 0.00000 -0.00000 0.00000 -0.00002 -0.00003 0.00000 -0.00011 0.00008 -0.00000 0.00000 0.00006 0.00000 0.00000 -0.00000 -0.00000 0.00008 -0.00032 -0.00000 -0.27581 -0.00000 -0.00000 -0.00000 -0.00000 0.00000 0.00000 -0.01665 -0.00027 -0.00000 0.00000 0.00000 -0.00000 0.00000 -0.00066 -0.00001 -0.00000 0.00000 -0.00000 -0.00007 -0.00006 -0.00000 0.00000 0.00006 -0.00000 -0.00000 -0.00000 0.00000
-0.00000 0.00014 -0.00000 0.00001 0.00000 -0.00000 -0.00000 -0.00000 -0.00000 -0.00024 -0.00005 0.09219 0.00005 -0.00066 -0.00000 -0.00000 0.00000 0.00000 0.00187 0.00000 0.00005 -0.00000 0.00023 -0.00007 0.00000 -0.00000 0.00000 0.00000 -0.00000 -0.00000 0.00000 -0.00000 -0.00015 -0.00000 -0.00000 0.00000 -0.00011 0.00009 0.00000 0.00000 -0.00000 0.00000 -0.00010 0.00002 0.00000 0.00000 -0.00000 0.00000 -0.00000 -0.00000
0.00000 0.00000 0.00000 0.00000 0.00032 0.00000 -0.00002 -0.00000 -0.00000 -0.00000 0.00000 0.00000 -0.00000 -0.00012 0.00003 0.00000 0.00006 0.00000 0.00000 -0.00000 -0.00012 -0.00000 0.00000 0.00000 -0.00000 -0.00000 -0.00004 0.00007 0.00110 -0.00025 -0.00000 0.00000 0.00000 0.00000 -0.00000 0.00000 0.00104 -0.00016 0.00000 0.00000 -0.23389 0.00000 -0.00023 -0.00000 0.00000 0.00000 -0.00000 -0.00000 -0.00000 0.00000
-0.00000 -0.00049 -0.00000 0.00000 -0.00005 0.00001 0.00000 0.00000 -0.00000 -0.41469 -0.00000 -0.21888 -0.00000 0.00000 0.00000 -0.00000 -0.00004 -0.00000 0.00035 -0.00000 -0.00007 -0.00003 0.00007 -0.00000 0.00000 -0.00000 0.00000 -0.00000 -0.00000 0.00009 0.01447 -0.00008 0.00003 -0.00007 -0.00000 -0.00000 -0.00005 0.00000 0.00000 0.00000 0.00004 -0.00000 -0.00000 -0.00000 0.00000 -0.00000 0.00000 0.00000 0.00002 -0.00049
-0.00005 -0.00000 0.00000 -0.01426 -0.00023 0.00000 -0.00051 0.00000 -0.00000 0.00000 -0.00000 0.36185 0.00000 0.00048 0.00006 0.00050 0.02155 0.00006 -0.00075 0.00000 0.00000 0.00017 -0.00004 -0.00020 -0.00002 -0.00000 -0.00000 -0.00014 0.00030 -0.00029 -0.55875 0.00004 -0.00000 0.01682 -0.00000 -0.00000 0.00010 -0.00025 -0.00000 0.00000 0.00000 0.00001 0.00000 -0.00000 0.00000 0.00010 0.00017 0.00000 -0.00004 0.02027
0.00121 0.00021 0.00000 0.00000 0.00054 -0.00008 -0.00000 0.00000 -0.00000 -0.00012 -0.00000 0.00000 0.00000 -0.00005 -0.00000 0.00002 0.00006 -0.00005 -0.00016 0.00000 -0.00035 -0.00000 0.00000 0.00000 -0.00004 -0.00000 0.13477 -0.00000 0.00000 0.00000 -0.00007 -0.00000 0.00002 0.00000 0.00000 -0.00000 -0.00000 0.34894 0.00000 0.00002 -0.00032 -0.00020 0.00002 0.00001 -0.00000 -0.00010 0.00000 0.00017 -0.00000 -0.00000
-0.00000 0.00038 -0.00003 0.08063 0.00000 -0.00001 0.00000 0.00021 -0.00000 0.00000 0.00000 0.00000 -0.00001 -0.00009 0.00002 0.00058 0.00096 0.00011 -0.00020 0.00000 0.00000 -0.00000 0.00000 0.00000 -0.00000 0.00016 -0.00003 -0.00013 0.00035 0.00000 -0.00000 -0.00008 -0.00000 0.00006 -0.00001 -0.00000 -0.00001 0.00023 -0.00000 0.00007 0.00032 0.00029 -0.00004 0.00002 0.00000 0.00010 -0.00000 0.00000 0.00000 0.00000
-0.00000 -0.00002 0.00331 0.00000 0.00000 0.00016 -0.00000 -0.00000 -0.00004 -0.00003 -0.00018 -0.00000 0.00000 -0.00001 -0.00000 0.00000 -0.00000 -0.00000 -0.00015 -0.00000 -0.00002 -0.00001 -0.00012 -0.00002 0.00005 0.00000 0.00000 0.00000 -0.00003 -0.00019 0.00000 -0.00000 -0.00024 -0.00001 0.00000 -0.00000 0.00000 -0.00000 0.00000 -0.00000 0.00000 0.00008 -0.00000 -0.00000 -0.00000 0.00070 -0.00000 0.00000 -0.00002 -0.00009
-0.37843 -0.00000 0.18582 0.17513 -0.00033 0.09249 -0.00099 0.00000 -0.00034 0.00070 -0.00000 0.00031 -0.00733 0.00000 0.00024 0.00000 0.20494 0.00040 -0.00000 0.00000 -0.01415 -0.00040 -0.13465 -0.00000 -0.00008 0.00015 -0.00000 -0.00000 0.00005 -0.07055 -0.00054 0.00259 -0.00000 -0.01008 0.00000 -0.00000 0.05156 0.01849 0.16268 0.00053 -0.00150 -0.00016 0.00045 0.00006 -0.00033 0.04742 0.01316 0.00045 0.00000 0.00059
-0.00019 -0.03084 0.00025 -0.00000 -0.00000 -0.00000 0.00000 0.00000 -0.00008 0.00006 -0.00000 0.00006 -0.00000 0.00000 0.00000 0.00000 -0.00418 0.00002 -0.00000 -0.00019 0.00035 -0.00000 -0.00006 -0.00001 -0.00000 0.00000 0.00089 -0.00000 -0.00000 0.00073 -0.00000 0.00005 0.00000 -0.00000 -0.00000 -0.00011 -0.00000 -0.00000 0.00000 0.00002 0.00057 -0.00000 0.00000 0.00000 -0.00000 0.00007 0.00005 0.00000 0.00000 -0.00009
-0.00005 0.00210 0.00000 -0.00024 -0.18707 0.00000 -0.00000 0.00034 -0.00000 0.00072 -0.00000 -0.00000 0.00000 -0.00008 -0.00000 0.00000 0.00000 0.00000 -0.00010 0.00000 -0.00007 -0.00000 -0.00002 0.00016 -0.00000 -0.00000 -0.00000 -0.00013 -0.00000 -0.00020 -0.00002 0.00008 0.00011 0.00000 -0.00000 -0.00002 -0.00022 -0.00000 -0.00000 0.00000 -0.00011 0.00000 -0.00000 0.00000 -0.00000 0.00000 0.00004 0.00011 -0.00010 0.00000
-0.00889 -0.00000 0.00311 0.00000 0.00000 0.00020 -0.00016 0.00009 -0.00017 0.00002 0.00240 0.00048 0.00000 0.00000 -0.00027 0.00015 0.00000 0.00018 -0.00000 -0.00000 -0.00010 0.00070 -0.00030 -0.00010 0.00000 -0.00000 -0.00023 -0.00000 -0.00022 -0.00036 0.00000 0.00044 0.00002 -0.00000 0.00014 0.00000 0.00003 0.00048 0.01189 0.00007 0.00000 -0.00000 -0.00000 0.00013 -0.00012 0.00618 0.00000 0.00062 -0.01777 0.00000
-0.00003 -0.00000 0.00002 0.00000 0.00000 0.00000 0.00000 0.00002 0.00000 0.00008 -0.00000 0.00002 0.00000 0.00032 0.00005 -0.00007 -0.00001 -0.00000 -0.00021 0.00000 -0.00001 -0.00000 0.00000 -0.40062 -0.00000 0.00000 -0.00000 -0.00000 0.00001 0.00000 -0.00000 0.00000 0.00081 0.00000 -0.00000 -0.00000 0.00001 -0.00000 -0.00000 0.00000 0.00000 0.00000 0.00000 0.00000 0.00000 0.00000 -0.00002 0.00016 -0.00000 -0.00010
0.07516 0.00000 -0.08376 -0.07626 0.00012 -0.01704 -0.00000 -0.00007 0.00045 -0.00075 -0.00022 -0.00023 0.00000 -0.98104 -0.00027 -0.00000 -0.41322 -0.00008 0.00000 0.00000 0.00059 0.00041 0.11361 0.00009 0.00000 -0.00010 0.00000 0.00000 0.00008 0.03993 0.00041 -0.00033 -0.00000 0.00048 0.00026 0.00000 -0.04708 -0.00001 -0.20377 -0.00019 0.00391 0.00004 -0.00000 -0.00000 0.00042 -0.00027 -0.00025 -0.00054 0.00000 0.00000
0.00017 0.00000 -0.00018 -0.00022 -0.00000 0.00010 -0.00000 -0.00000 -0.00002 0.00003 0.00000 -0.00000 0.00000 0.00004 -0.00004 -0.00012 0.00015 0.00000 0.00002 -0.00000 -0.00002 -0.00000 0.00013 -0.00015 0.00000 -0.00000 -0.00000 -0.00002 -0.00000 0.00033 0.00000 0.00000 -0.00000 0.00000 0.00003 -0.00002 -0.00000 0.00012 0.00000 -0.00016 -0.00000 0.00000 0.00000 0.00000 -0.00000 0.00000 0.00010 0.00003 -0.00001 0.00000
0.00437 0.00310 0.00349 -0.00064 0.00009 -0.00000 -0.00089 -0.00000 -0.00003 0.00000 0.00002 0.00000 -0.00028 0.00000 0.00047 0.00000 -0.00703 -0.00065 0.00068 0.00006 0.00000 -0.00016 0.00000 -0.00000 -0.00000 0.00077 -0.00050 0.00000 0.00000 0.00000 -0.00002 0.00000 -0.00000 -0.00019 -0.00058 0.00000 0.01697 -0.00024 -0.00071 0.00000 0.00000 0.00000 -0.00000 0.00010 0.00003 0.02830 -0.00010 0.00000 -0.00030 0.00000
0.00007 0.00026 -0.00000 -0.00009 -0.30013 0.00000 0.00000 0.00000 -0.00003 0.00013 -0.00000 0.00000 0.00000 -0.00049 -0.00000 0.31646 -0.00000 -0.00000 0.00049 -0.00001 -0.00010 -0.00000 0.00028 -0.00000 0.00000 -0.00000 0.00000 0.00001 -0.00002 -0.00019 -0.00000 0.00000 0.00000 0.00000 -0.00000 -0.00000 -0.00004 -0.00000 -0.00000 0.00000 -0.00016 -0.00003 0.00000 -0.00000 0.00000 -0.00005 0.00000 0.00017 -0.00000 0.00000
0.00012 0.00016 0.25263 -0.26606 0.00010 -0.00000 0.00143 0.00938 -0.00000 -0.00032 -0.00013 -0.00010 -0.00000 -0.00000 -0.00030 -0.00011 -0.00016 -0.00000 0.00000 -0.00000 0.00065 0.00000 0.00000 0.00004 0.00129 0.00003 -0.00011 -0.00000 -0.00791 0.85806 0.00012 -0.00015 0.00001 0.00000 0.00000 0.00001 0.00547 -0.00042 -0.00007 0.00011 -0.23721 0.00000 -0.00001 0.00000 -0.00000 -0.00000 0.00000 0.00000 -0.00010 -0.00000
-0.00000 -0.00000 -0.00007 0.00013 0.00000 -0.00000 -0.00006 -0.00002 0.00013 -0.00000 0.00008 -0.00005 -0.00029 -0.00012 -0.00000 -0.00000 0.00000 0.00000 -0.00076 -0.00000 -0.06520 0.00031 0.00005 0.00000 0.00000 -0.00000 0.00000 -0.00006 -0.00000 0.00033 0.00000 0.00000 0.00000 -0.00000 0.00026 0.00000 0.00040 0.00020 -0.00010 -0.00023 0.00020 -0.00000 -0.00004 -0.00000 0.00000 -0.07826 0.00020 0.00000 0.00000 0.00000
-0.00004 -0.00000 -0.00000 -0.00035 0.00014 0.00000 0.14952 -0.00006 0.00000 -0.00000 -0.00020 -0.00001 0.00002 -0.00019 -0.00003 -0.00000 0.00000 -0.00000 0.00035 -0.00000 -0.00000 0.00001 0.00114 -0.00000 -0.00000 0.00000 -0.00003 0.00000 -0.00000 -0.12421 0.00005 -0.00000 -0.00000 -0.00000 0.00003 -0.00000 -0.00049 -0.00011 0.00000 0.00000 -0.00000 0.00029 0.00000 -0.00000 -0.00000 -0.00000 0.00010 -0.00009 -0.00003 0.00000
-0.00001 0.00001 -0.12827 -0.00026 0.00000 0.00000 0.00000 -0.00000 -0.00000 -0.00000 0.00011 -0.00000 0.00002 0.00000 -0.00000 0.00000 0.00013 -0.00000 0.00007 0.00000 0.00005 -0.00000 0.00000 0.00013 -0.00000 -0.00000 -0.00000 0.00000 -0.00000 -0.00000 -0.00000 -0.00009 0.00002 0.00000 -0.00000 -0.00000 -0.00146 -0.00005 0.00000 -0.00000 0.00059 -0.00011 -0.00016 -0.00000 0.00000 0.10998 -0.00000 -0.00022 -0.00008 -0.00000
0.03151 -0.04529 -0.00000 -0.00000 -0.21756 -0.00000 -0.00000 -0.00013 -0.00000 -0.00003 0.00000 0.00014 0.00000 0.00037 0.00093 -0.00000 -0.02349 -0.00000 -0.00042 0.00000 -0.00002 -0.00044 -0.00018 -0.00010 -0.00020 0.00000 0.00000 0.00010 0.00006 0.00000 -0.00005 0.00000 0.00003 -0.00000 -0.02369 0.00003 0.00002 0.00000 -0.00000 -0.00000 -0.00010 0.00000 0.00000 0.00000 0.00000 -0.00000 -0.00000 -0.00013 0.01001 -0.00000
0.00034 0.00040 -0.06520 0.00120 -0.00000 0.00025 -0.00005 -0.00000 -0.00000 -0.00000 -0.00000 -0.00000 0.00000 -0.00903 0.00000 0.00000 -0.00031 0.00000 0.24297 0.00000 0.00000 0.00003 -0.10992 0.00006 0.00000 -0.00000 0.00013 -0.00000 0.00000 -0.00006 0.00000 0.00000 0.00000 -0.00000 0.00016 -0.00000 -0.00011 0.00029 0.00000 -0.00000 0.00080 0.00015 -0.00000 0.00000 -0.00000 0.00000 -0.00004 -0.00033 0.00000 0.00003
-0.00002 -0.00002 -0.00000 0.00006 -0.00000 -0.00000 -0.04409 0.00061 -0.00029 0.00037 -0.00000 0.00024 -0.00001 0.00000 0.00006 -0.00000 0.00000 0.00001 -0.00000 0.00000 0.00035 0.00011 -0.00024 0.00000 -0.14081 -0.00000 0.00000 -0.00000 -0.00000 0.07962 -0.00000 0.00010 0.00000 -0.00003 0.00000 -0.00000 0.21183 -0.00000 -0.00000 -0.00000 0.20812 -0.00000 0.00010 -0.00000 0.00000 0.00028 -0.00000 0.00013 -0.00000 0.00000
0.01317 0.00399 0.00081 -0.00026 0.00000 -0.00000 -0.01765 0.00000 -0.00000 -0.00004 0.00000 0.00000 -0.00006 0.00000 0.00022 -0.00000 -0.00157 -0.00050 0.00006 0.00018 0.74747 -0.00003 -0.00000 0.00005 -0.00000 0.00051 -0.00043 0.00000 0.00000 0.00000 0.00000 0.00073 0.00016 -0.00013 -0.00037 0.00000 0.08632 0.00000 -0.00381 -0.00001 0.00000 0.00000 -0.00000 0.00022 0.00008 0.00004 -0.00000 0.07342 -0.00070 -0.00021
-0.00000 -0.00000 -0.00036 0.00169 0.00000 -0.00000 0.00008 0.00006 0.00000 -0.00000 -0.00000 -0.14356 0.00002 -0.00040 0.00000 -0.00048 0.09340 -0.00000 0.00137 -0.00000 -0.00000 -0.00003 0.00021 -0.00000 0.00000 -0.00000 -0.00000 0.00000 -0.00072 -0.00000 0.00000 -0.00011 0.00002 -0.00000 -0.00001 0.00012 -0.00072 0.00014 -0.00000 0.00006 -0.00039 0.00000 0.00032 -0.00000 0.00000 -0.00039 0.00012 0.00000 0.00000 -0.00045
0.00000 0.00000 -0.00000 -0.00000 -0.00000 0.00005 0.00000 0.00001 -0.00000 0.00008 0.00003 -0.00000 0.00000 0.00000 0.00002 0.00000 0.00000 -0.00000 -0.00028 0.00000 0.00000 -0.00000 -0.00000 -0.00001 -0.00000 -0.00000 0.00000 0.00000 0.00007 0.00037 -0.00000 -0.00000 -0.00000 -0.00000 0.00000 -0.00000 -0.15235 0.00000 0.00000 -0.00000 0.00031 -0.03045 -0.00000 -0.00000 -0.00009 0.40913 0.00000 0.00000 0.00000 -0.00000
-0.00006 0.00010 -0.00000 -0.00000 0.00022 -0.00000 -0.00007 0.00000 0.00010 -0.00000 0.00000 -0.00001 -0.00000 -0.00002 0.00001 -0.00000 -0.00000 0.00124 0.00000 -0.00000 -0.00394 0.00000 0.00000 0.28634 -0.00003 0.00019 -0.00005 -0.00004 -0.00000 0.00000 0.00000 0.00000 -0.00000 -0.00000 -0.00000 0.00000 0.00000 0.00000 -0.00000 -0.00005 -0.00000 -0.26123 -0.00026 -0.00000 0.00000 -0.00231 0.00003 0.09764 -0.00012 0.00000
0.00000 -0.00000 0.00000 0.00008 -0.00000 -0.00000 0.00000 0.00010 0.00000 0.00000 -0.00009 0.00015 0.00000 -0.00000 0.00000 0.00000 0.37678 -0.00000 0.00000 -0.00000 0.00000 -0.00004 0.00004 -0.00000 -0.00000 0.00000 -0.00000 0.00004 0.00000 0.00000 0.29953 0.00000 0.00000 -0.00000 0.00000 0.00000 0.00007 -0.00000 -0.00008 0.00000 -0.00000 -0.00016 -0.00011 0.00000 -0.00000 0.00000 0.00000 -0.00001 0.00000 -0.00000
0.00009 0.03649 -0.00013 -0.00002 0.00000 -0.00005 0.00000 0.00000 0.00003 -0.00000 -0.00000 -0.00000 -0.00000 -0.00000 -0.25109 -0.00000 0.00047 -0.00007 0.00048 0.00004 -0.00028 -0.00000 0.00006 -0.00001 -0.00000 0.00001 -0.00000 0.00008 -0.00000 -0.00031 0.00000 0.00000 0.00009 0.00011 -0.00000 -0.00000 -0.00011 0.00010 0.00000 0.00000 -0.00036 0.00000 -0.00000 -0.00005 -0.00000 0.00000 0.00000 0.00000 -0.24966 -0.00000
-0.00000 0.28460 -0.00000 -0.00000 -0.00007 0.00000 0.00000 0.00000 0.00000 -0.00010 -0.00000 -0.00000 -0.00000 -0.00000 -0.00000 0.00000 0.06175 -0.00000 -0.00011 0.00000 0.00006 0.00000 0.00021 0.00000 0.00000 -0.00000 0.00008 0.00000 0.00000 -0.00000 0.00012 -0.00000 0.00000 0.00017 -0.00000 -0.00000 0.00000 -0.00000 -0.00000 0.00000 -0.00034 -0.00005 0.00024 -0.00000 0.00000 -0.00003 -0.00026 -0.00022 0.00000 0.00000
0.00000 -0.00000 0.00000 1.08060 -0.00036 -0.00012 -0.00000 0.00110 -0.00030 0.00038 0.00000 0.00017 0.00160 0.00000 0.00025 -0.00000 -0.00006 0.00000 -0.00000 0.00006 0.00003 -0.00009 0.00000 -0.00011 -0.00000 -0.00000 -0.00000 -0.00028 0.00000 0.00000 -0.00000 0.00000 -0.00000 -0.00000 -0.00001 0.00000 0.00000 -0.00000 -0.00000 0.00049 -0.00000 0.00000 0.00029 -0.05323 -0.00015 -0.04504 -0.00000 0.00026 0.00000 0.01831
0.61836 0.00018 -0.00013 0.00000 0.04678 -0.00000 -0.00000 0.00000 0.00004 -0.00000 -0.00000 0.00029 -0.00000 0.00000 -0.00000 0.00000 0.00025 -0.00000 -0.00031 0.00000 -0.00018 -0.00000 -0.00045 0.00000 0.00000 -0.00000 0.22388 -0.00001 -0.00000 -0.00002 0.00000 -0.00000 0.00014 0.00000 0.00015 0.00000 -0.00000 0.00000 -0.00000 0.00000 -0.00000 -0.00005 -0.00041 -0.00000 -0.00000 -0.00000 0.00000 0.00007 -0.00023 -0.00012
-0.00012 -0.00000 0.00090 0.00000 0.00012 0.00000 0.00000 0.00000 0.00013 0.00018 0.00000 0.00010 -0.00020 0.00000 0.00008 0.00000 0.00050 0.00000 -0.00000 -0.00008 -0.00058 -0.00055 -0.00037 -0.00021 -0.00000 0.00006 -0.00014 0.00000 -0.00004 -0.00066 -0.00012 0.00020 -0.00036 -0.00001 -0.00005 -0.00000 0.00000 -0.00000 -0.00000 0.00000 -0.00067 0.00024 -0.00000 -0.00000 0.00000 0.00010 0.00039 -0.00000 0.00000 0.00000
0.00000 0.00000 0.00028 0.00000 -0.00000 0.00000 0.00000 0.00000 0.00000 0.00009 -0.00000 0.00025 -0.00000 0.00000 -0.00000 -0.00000 0.00011 0.00000 -0.00012 -0.00014 0.00012 0.00000 0.00006 0.00000 0.00000 -0.00000 0.00000 -0.00000 0.00007 0.00000 -0.00009 0.00000 -0.00000 -0.00000 -0.00000 0.00000 0.00073 0.00000 -0.00000 -0.00000 0.00070 0.00000 0.00003 0.00007 -0.00000 -0.00000 -0.00000 -0.00000 0.00000 -0.00000
0.00030 -0.00000 -0.00031 0.02208 0.00043 0.00000 -0.01364 -0.00000 -0.00029 0.00024 -0.00000 0.00024 -0.00000 -0.00000 0.00001 0.00001 -0.00000 0.00000 -0.00000 0.00000 -0.00000 0.00000 -0.00000 -0.00002 -0.01585 -0.00000 0.00004 0.00000 0.00000 1.00707 -0.00007 0.00001 0.00000 -0.00056 -0.00060 0.00000 -0.00008 0.00016 -0.00045 -0.00008 0.00000 -0.00000 -0.00003 0.00023 -0.00006 -0.00009 -0.00013 0.00023 0.00000 -0.00000
0.00000 0.00006 0.00000 0.00021 0.00000 -0.00000 0.00000 -0.00000 0.00000 0.00032 -0.00009 -0.00000 0.00014 0.00000 0.00000 0.00000 -0.00000 -0.01191 0.00008 -0.00000 0.05967 0.00000 -0.00020 -0.34615 0.00000 -0.00023 0.00000 0.00022 -0.00001 -0.00019 -0.00001 -0.00000 0.00000 0.00000 0.00000 0.00000 0.00000 -0.00008 0.00000 -0.00000 -0.00018 0.00000 -0.00000 0.00000 0.00000 0.56154 0.00006 -0.00000 0.00000 0.00000
0.00004 -0.04389 -0.00000 0.00014 -0.59036 -0.00020 0.00000 -0.00012 -0.00013 0.00019 -0.00000 -0.00002 0.00000 0.00008 0.00010 -0.00000 -0.00024 0.00003 -0.00011 -0.00000 -0.00000 -0.04067 -0.00000 -0.00001 -0.00006 0.00000 0.32141 0.00000 0.00017 0.00011 -0.00014 -0.00001 -0.00008 0.00000 -0.03167 0.00033 0.00000 0.00000 0.00000 -0.00000 -0.00012 0.00000 -0.00000 0.00000 0.00012 0.00007 0.00000 -0.00013 0.00703 0.00000
-0.00000 0.00058 0.00000 0.30532 0.00000 0.00000 0.00016 0.00000 -0.00000 0.00000 0.00003 0.00003 0.00000 0.00026 0.00000 0.00000 0.00016 -0.00000 -0.00020 0.00000 0.00029 0.00000 0.00026 0.00003 0.00000 0.00001 -0.00000 0.00000 -0.00000 0.00013 -0.00000 -0.00000 0.00000 -0.00000 -0.00000 0.00039 -0.00000 -0.00000 0.00000 0.00001 0.00000 0.00000 0.00000 -0.00000 -0.00002 0.00000 -0.00000 -0.00028 -0.00002 0.00000
0.00000 0.00000 0.00000 0.00001 0.00000 -0.00022 0.00000 0.00000 0.00000 0.00000 0.00000 -0.00000 -0.00000 -0.00006 -0.02278 0.00011 -0.00000 -0.00000 0.00001 0.00000 0.00043 0.00008 0.00033 0.00000 0.00000 0.00000 0.00025 -0.00000 0.00000 0.00042 0.00016 -0.00000 -0.00000 0.00000 -0.00000 0.00000 0.00048 0.00003 0.00000 0.00000 0.00035 0.00000 0.00019 -0.00000 -0.00000 -0.00011 -0.00000 -0.00000 -0.00000 -0.00000
0.00000 -0.00014 0.00000 -0.00000 0.00000 0.00010 -0.00008 -0.00001 -0.00026 0.00077 -0.00003 0.00054 0.00108 0.00000 0.00002 0.00000 0.00009 -0.00000 -0.00000 0.00000 0.00007 -0.00033 -0.00000 -0.00000 -0.00000 -0.00000 -0.00000 -0.00000 0.00000 0.00000 -0.00022 0.00000 -0.00000 -0.00030 -0.00022 0.00007 -0.00009 -0.00003 0.00005 0.00006 -0.00023 0.00000 -0.00034 0.00000 -0.00000 0.00000 -0.00140 -0.00000 -0.00005 -0.00098
-0.00001 -0.00000 -0.25939 -0.02147 0.00000 -0.00000 0.00000 0.00000 -0.00009 -0.00000 0.00000 0.00009 -0.18859 0.00000 0.00008 0.00000 0.00000 0.00000 -0.00001 0.00008 0.00000 0.00007 0.00008 -0.00000 -0.00000 0.00000 -0.00007 -0.00013 0.00000 0.00000 0.00000 0.00000 -0.00000 0.00000 0.00000 0.00000 -0.00915 -0.00000 0.00000 -0.00000 0.00000 0.00000 0.00010 0.00000 -0.00000 -0.00110 -0.00000 -0.00000 0.00000 -0.00000
-0.00000 0.00001 0.00009 0.00011 0.00018 -0.00000 0.00000 -0.00000 -0.00000 0.00000 0.00007 0.00020 -0.00000 0.00017 -0.00000 -0.00000 0.00026 0.00001 -0.00041 0.00010 -0.66150 -0.00001 0.00000 0.15981 -0.00000 -0.00006 0.00000 -0.00024 0.00000 0.00000 -0.00000 0.00041 -0.00000 -0.00004 -0.00000 0.00024 0.00020 0.00000 -0.00016 -0.00000 0.00000 -0.16903 -0.00021 0.00000 0.00000 0.00000 -0.00000 -0.00000 -0.00000 0.00000
-0.00011 -0.00035 0.00036 0.00025 -0.00000 -0.00000 0.00000 -0.00034 -0.00003 0.00000 -0.00000 -0.00000 -0.00005 0.00000 0.11690 0.00000 -0.00000 0.00000 -0.00006 -0.00001 0.00003 -0.00000 0.00000 -0.00000 -0.00000 0.00000 0.00000 0.00000 0.00011 0.00030 0.00035 -0.00000 -0.00030 0.00000 -0.00000 0.00000 0.00039 -0.00000 0.00000 -0.00000 0.00019 0.00009 0.00000 0.00000 0.00000 -0.00000 0.00000 -0.00038 0.00000 0.00000
-0.00008 -0.00000 0.00000 -0.16878 0.00000 0.00000 -0.08544 0.00000 -0.00001 0.00000 -0.00000 -0.39775 0.00000 0.00016 -0.00000 0.00000 0.00006 -0.00011 -0.00080 -0.00000 0.00000 -0.00000 0.00000 0.00000 0.00004 0.00000 0.00000 -0.00000 -0.00000 0.00000 -0.00017 0.00000 0.00004 -0.00006 -0.00000 -0.00000 0.00000 -0.00013 -0.00000 0.00000 0.00000 0.00007 0.00000 0.00000 -0.00000 0.00011 0.00000 -0.00035 0.00000 -0.00000
