1.000 0.000 0.000 0.000 0.000 0.000 0.000 0.000 0.000 0.003 0.000 0.000 0.000 0.000 0.000 0.000 0.000 0.000 0.000 0.000
0.000 1.000 0.000 -0.125 0.000 0.000 -0.374 0.000 0.000 0.000 0.000 0.000 -0.050 0.000 0.000 0.000 0.000 0.000 0.000 0.000
0.000 0.000 1.000 0.000 0.000 0.000 0.000 0.000 0.000 0.000 0.000 0.000 0.000 0.340 0.000 0.000 -0.424 0.000 0.000 0.000
0.000 -0.125 0.000 1.000 0.000 0.000 0.000 0.000 0.000 0.000 0.000 0.000 0.000 0.000 0.354 0.000 0.000 0.000 0.000 0.000
0.000 0.000 0.000 0.000 1.000 0.000 0.000 0.296 0.000 0.000 0.000 0.000 0.000 0.000 0.000 0.000 0.000 0.000 -0.080 0.000
0.000 0.000 0.000 0.000 0.000 1.000 0.000 0.000 0.000 0.000 0.000 0.000 -0.092 0.000 0.000 0.000 0.000 0.000 0.000 0.440
0.000 -0.374 0.000 0.000 0.000 0.000 1.000 0.000 0.000 0.000 0.000 0.000 0.000 0.000 0.000 0.000 0.000 0.000 -0.366 0.000
0.000 0.000 0.000 0.000 0.296 0.000 0.000 1.000 0.000 0.000 0.000 0.000 0.000 0.000 0.000 0.000 0.000 0.000 0.000 0.000
0.000 0.000 0.000 0.000 0.000 0.000 0.000 0.000 1.000 0.000 0.000 0.000 0.000 0.000 0.000 0.000 0.000 0.000 0.000 0.000
0.003 0.000 0.000 0.000 0.000 0.000 0.000 0.000 0.000 1.000 0.000 0.000 0.000 0.000 0.000 0.000 0.264 0.000 0.000 0.000
0.000 0.000 0.000 0.000 0.000 0.000 0.000 0.000 0.000 0.000 1.000 0.000 0.000 0.000 0.000 0.000 -0.130 0.000 -0.097 0.000
0.000 0.000 0.000 0.000 0.000 0.000 0.000 0.000 0.000 0.000 0.000 1.000 0.000 0.000 0.000 -0.416 0.000 0.000 0.000 0.000
0.000 -0.050 0.000 0.000 0.000 -0.092 0.000 0.000 0.000 0.000 0.000 0.000 1.000 0.000 0.000 0.000 0.000 0.000 0.000 0.000
0.000 0.000 0.340 0.000 0.000 0.000 0.000 0.000 0.000 0.000 0.000 0.000 0.000 1.000 0.000 0.421 0.000 0.000 0.000 0.000
0.000 0.000 0.000 0.354 0.000 0.000 0.000 0.000 0.000 0.000 0.000 0.000 0.000 0.000 1.000 0.000 0.000 0.000 0.397 0.015
0.000 0.000 0.000 0.000 0.000 0.000 0.000 0.000 0.000 0.000 0.000 -0.416 0.000 0.421 0.000 1.000 0.000 0.000 0.000 0.000
0.000 0.000 -0.424 0.000 0.000 0.000 0.000 0.000 0.000 0.264 -0.130 0.000 0.000 0.000 0.000 0.000 1.000 0.000 0.048 -0.444
0.000 0.000 0.000 0.000 0.000 0.000 0.000 0.000 0.000 0.000 0.000 0.000 0.000 0.000 0.000 0.000 0.000 1.000 0.000 0.000
0.000 0.000 0.000 0.000 -0.080 0.000 -0.366 0.000 0.000 0.000 -0.097 0.000 0.000 0.000 0.397 0.000 0.048 0.000 1.000 -0.231
0.000 0.000 0.000 0.000 0.000 0.440 0.000 0.000 0.000 0.000 0.000 0.000 0.000 0.000 0.015 0.000 -0.444 0.000 -0.231 1.000
