0.00000 0.38392 0.00000 0.67419 0.41910 0.00000 0.00000 0.00000 0.00000 0.00000
0.00000 0.00000 0.00000 0.00000 1.71307 0.31950 0.00000 0.00000 0.00000 0.00000
0.80795 0.31678 0.00000 0.42818 0.00000 0.00000 0.40438 0.00000 0.00000 -0.54454
0.00000 1.29766 0.00000 0.00000 0.83615 0.00000 0.00000 0.00000 -0.38096 0.00000
0.00000 0.00000 0.00000 0.00000 0.00000 0.00000 0.00000 0.00000 0.46193 0.00000
0.00000 0.00000 0.49583 0.00000 0.00000 0.00000 0.35376 0.75858 0.00000 0.00000
0.87330 0.00000 0.00000 0.00000 0.00000 0.00000 0.00000 0.00000 0.00000 0.60427
0.00000 0.00000 1.44826 0.00000 0.00000 0.00000 0.00000 0.00000 0.00000 0.00000
0.00000 0.00000 0.00000 0.00000 0.00000 0.57408 0.00000 0.00000 0.00000 -0.70789
0.37585 0.00000 0.00000 0.00000 0.00000 0.00000 0.00000 0.00000 0.00000 0.00000
