0.00000 0.01640 -0.00000 0.95619 0.00081 -0.00000 0.00000 -0.00000 0.00000 -0.00000
-0.00000 -0.00000 -0.00000 0.00000 1.87905 0.00009 -0.00000 0.00002 0.00716 -0.00000
0.00000 -0.00000 0.00000 0.00001 -0.00000 0.00000 0.01162 -0.00000 0.00000 -0.86739
-0.00000 1.39336 -0.00000 -0.00000 0.03512 0.00002 -0.00000 0.00000 0.00004 -0.00000
-0.00000 0.00000 0.00003 0.00000 -0.00000 0.00640 -0.00000 -0.00005 0.32164 -0.00000
-0.00000 -0.00000 0.02595 0.00000 -0.00000 0.00000 0.00003 1.37793 -0.00000 -0.00049
1.17544 0.00022 0.00000 0.01248 0.00003 -0.00000 -0.00000 -0.00000 -0.00000 -0.00000
0.00003 -0.00000 1.54602 -0.00000 -0.00000 0.00000 0.00015 0.00000 0.00000 -0.01605
-0.00000 -0.00000 0.00086 -0.00000 -0.00000 1.36711 -0.00000 0.02021 -0.00000 -0.00005
-0.01377 -0.00002 -0.00000 0.00003 0.00000 0.00000 -0.98100 -0.00000 0.00000 0.00000
