-0.00000 -0.00000 0.00003 -0.00000 0.00146 -0.00000 -0.00000 0.00000 0.00000 0.00009 0.00000 -0.00000 -0.00000 -0.00000 -0.00000 -0.00000 -0.00000 0.00000 -0.00005 0.00000
0.00055 0.00000 0.00000 -0.13727 -0.00000 -0.00031 0.00000 -0.00000 0.00000 0.00000 -0.00002 0.00000 -0.00023 -0.28918 -0.00000 -0.00000 -0.75756 0.00020 0.00000 0.00000
-0.00031 -0.07430 -0.00000 -0.00019 0.00303 0.03262 0.00003 0.00060 -0.00014 0.00028 0.21366 0.03099 0.00001 -0.00106 0.00008 0.00011 0.00101 0.00005 -0.02633 -0.00058
0.08913 0.00000 0.00026 -0.00000 0.00008 0.02725 -0.00002 0.00000 0.00000 0.00018 0.00068 0.00000 0.10140 0.18270 -0.00000 0.00009 0.36949 0.33270 0.00000 0.00009
0.00073 -0.02574 0.00039 -0.00030 0.00000 -0.00034 0.00008 0.00024 0.00005 0.00017 -0.00044 0.00000 -0.00026 -0.00079 -0.00010 -0.02890 0.00000 0.00000 -0.02517 0.00212
-0.26331 0.00000 -0.00000 0.00000 -0.00000 0.00000 0.00000 -0.00014 -0.00217 0.00032 -0.00000 0.00005 -0.20844 0.00001 -0.00000 0.00000 0.00000 0.34474 0.00001 -0.00000
0.12024 -0.01647 0.00062 -0.00093 0.00150 0.01005 -0.00000 -0.00000 -0.00026 0.00004 -0.00043 -0.00010 -0.07493 -0.00056 -0.02444 0.01355 -0.32014 0.00011 -0.03259 -0.09798
0.00010 -0.02170 0.00035 -0.00174 0.00228 -0.00036 -0.00014 -0.00000 -0.00008 0.00025 0.00000 0.00003 -0.00018 -0.00001 -0.00192 -0.03575 -0.00002 -0.16741 0.00049 0.00016
0.05030 -0.02374 0.00227 -0.00037 0.00069 -0.00007 0.00004 0.00001 0.00000 0.00016 0.05787 -0.33661 -0.00000 -0.00041 0.00000 -0.02627 0.00000 0.00000 0.00000 0.00119
0.00066 -0.02553 0.00062 -0.00009 0.00117 -0.00041 0.00010 0.00010 -0.00448 0.00000 -0.00000 0.00000 -0.00017 0.00000 -0.00050 -0.03198 0.00026 0.00019 -0.00270 0.02610
0.08158 -0.00021 0.00000 -0.00059 0.00000 -0.00029 0.00007 0.00022 0.00000 0.00000 0.00000 -0.00000 -0.00000 -0.00169 0.00000 -0.09939 -0.10899 0.00000 -0.00002 0.10643
-0.11741 -0.28762 0.00000 0.00012 0.00067 0.00455 -0.00054 -0.00000 0.00000 0.00053 -0.28428 0.00000 0.00000 -0.00000 -0.00000 0.26789 0.37717 0.00030 -0.00000 -0.05773
0.07466 -0.00017 0.00026 -0.00000 0.00354 0.00000 -0.00000 0.00093 0.06328 0.00282 0.00130 -0.00518 0.00000 -0.00054 -0.00000 -0.00002 -0.00000 0.19472 -0.00251 0.00000
0.04086 0.00000 0.00000 -0.00000 0.00000 -0.01774 -0.00015 0.00012 -0.00000 0.00019 0.00000 -0.00000 0.00026 -0.00000 0.00000 0.00000 0.33033 -0.20869 0.00000 -0.00000
0.01811 -0.17598 0.00251 0.11866 0.00040 0.25783 0.00000 0.00000 -0.03039 0.00076 -0.00072 0.09093 0.09224 0.00016 -0.00000 -0.00268 0.09422 0.08429 -0.05166 0.34100
0.00000 -0.07656 0.00000 0.00041 -0.00000 0.03530 0.00003 -0.00000 0.00000 0.00000 -0.00000 0.00000 -0.00018 0.00046 -0.00000 -0.00000 0.00113 0.00000 -0.00000 -0.46242
-0.09908 0.00000 0.00000 -0.00000 -0.00000 0.11088 0.00000 0.00005 0.00000 0.00000 -0.00000 0.00000 0.00277 -0.00000 0.00000 0.00000 0.00000 0.00115 0.00000 0.00000
-0.02042 0.00000 0.00000 0.00000 0.00000 0.00000 0.00000 -0.00000 -0.00843 0.00026 -0.00003 0.00039 0.00000 -0.00000 0.00000 -0.00000 0.00000 0.00000 -0.00000 0.00000
0.00124 -0.26146 0.00000 -0.00001 -0.00000 -0.00304 -0.00000 0.00153 -0.02322 0.00013 -0.00069 0.10098 0.00000 0.11258 -0.00000 -0.12150 0.00223 -0.75872 0.00000 0.01923
0.03171 -0.15268 0.00006 0.00805 -0.00000 -0.52625 -0.00000 0.00000 -0.00000 -0.00000 -0.00000 -0.00000 0.04651 -0.00094 -0.00000 -0.00000 -0.01863 0.15872 -0.00000 0.00000
