0.00000 -0.00011 -0.00001 0.00000 -0.00001 0.00003 0.00000 -0.00005 -0.00107 0.00020 -0.00000 0.00000 0.14641 0.00019 0.00004 -0.00160 0.00015 -0.00002 0.00008 -0.43007 -0.04909 -0.00012 -0.00125 0.00000 0.00002 -0.00012 0.00000 0.00387 0.00018 0.00006 0.00010 -0.00001 -0.00000 -0.00001 0.00007 -0.00000 0.00021 0.00104 -0.00185 0.00090 0.00001 -0.00000 0.01856 0.00001 0.00180 0.00001 0.00095 -0.01228 -0.00126 0.00000
0.01050 -0.00000 0.00003 0.00154 -0.00021 0.00461 0.00066 0.00009 -0.00112 -0.00003 -0.00069 -0.00066 -0.00663 -0.00026 0.00001 -0.00102 0.00001 -0.00535 -0.00040 0.00288 0.02790 -0.00006 -0.00014 0.00124 0.00010 0.00008 0.01263 0.00352 0.00034 -0.00009 -0.00059 -0.00359 0.02029 -0.00060 -0.00113 -0.00038 -0.00073 0.00103 -0.00088 0.00033 -0.00085 -0.00047 0.04085 -0.00038 -0.00073 -0.00034 -0.00095 -0.00957 -0.00038 0.00041
-0.00229 -0.00056 -0.00000 -0.00298 -0.00007 -0.00571 -0.00384 -0.00128 -0.00141 -0.00036 -0.00237 0.00000 -0.00004 0.01109 -0.00104 -0.00176 0.00001 -0.00083 -0.00064 0.00484 0.01778 0.00004 -0.00057 -0.00750 -0.00009 0.00035 0.00331 0.05403 -0.00116 -0.00063 -0.00113 -0.00122 0.01205 -0.00103 0.00054 -0.00035 -0.00029 -0.01513 -0.00070 -0.00048 -0.00452 -0.00100 0.05891 -0.00086 0.00104 0.00026 -0.00072 0.00726 -0.00125 -0.00402
1.00612 -0.00005 0.00003 0.00000 0.00000 0.00001 0.00000 -0.00002 0.00019 0.00003 -0.00000 0.00000 0.01198 0.00004 -0.00043 -0.00205 0.00006 0.00402 0.00005 -0.15711 0.01079 -0.00003 0.00120 0.00000 -0.00016 -0.00012 0.00000 0.00074 0.00017 -0.00022 0.00060 -0.00014 -0.00000 0.00000 -0.00053 -0.00000 0.00006 0.00018 0.00484 0.00064 0.00000 -0.00000 0.00589 -0.00000 0.00201 0.00001 -0.00009 -0.01082 -0.00123 0.00000
-0.00088 0.00052 -0.00051 -0.00632 -0.00000 -0.00133 -0.04141 -0.00101 0.00001 -0.00019 -0.00153 -0.00393 -0.00116 -0.00169 -0.00008 -0.00546 -0.00009 -0.00001 -0.00004 0.00609 0.00422 -0.00009 0.00036 0.08680 -0.00159 -0.00008 0.00814 -0.00192 -0.00034 -0.00011 -0.00118 -0.00023 -0.00443 0.00000 0.00012 -0.00007 -0.00005 -0.00406 -0.00021 -0.00008 -0.00210 -0.00047 0.03421 -0.00128 -0.00043 0.00033 -0.00106 0.00131 -0.00114 -0.02088
0.00082 0.00143 -0.00001 0.00411 -0.00024 0.00000 0.09312 0.00096 0.00102 0.00100 0.00012 -0.00007 0.00003 0.00000 0.00000 0.00003 -0.00000 0.00000 0.00021 -0.00009 -0.00000 0.00029 0.00628 0.53759 -0.00004 -0.00001 0.01453 0.00000 -0.00048 -0.00029 0.00002 -0.00088 0.01062 -0.00002 -0.00022 -0.00003 0.00005 0.00000 -0.00044 -0.00007 -0.00008 -0.00017 0.00000 0.00065 -0.00017 0.00021 -0.00022 -0.00001 -0.00014 0.11112
-0.00820 -0.00106 0.00003 0.02860 0.00001 0.00000 0.00000 -0.00047 -0.00218 0.00243 0.00050 0.00000 0.00146 0.00000 0.00001 0.00268 -0.00002 0.00009 0.00061 -0.00527 -0.00023 0.00055 -0.00211 0.00000 0.00073 -0.00012 0.11769 0.00001 -0.00019 -0.00002 0.00143 0.00033 -0.39626 0.00041 -0.00019 0.00013 0.00058 0.00000 -0.00064 -0.00014 0.00047 -0.00000 0.00007 -0.00069 -0.00011 -0.00042 0.00096 -0.00019 -0.00002 0.00000
0.00293 -0.00038 -0.00133 0.00192 0.00020 0.00008 0.00053 -0.00000 0.00009 -0.00073 -0.00461 -0.00045 0.00525 0.00003 0.00012 -0.00941 -0.00085 -0.00019 0.00002 0.00197 0.00795 -0.00054 -0.00002 0.00017 -0.00059 -0.00032 -0.00668 0.00095 -0.00050 -0.00071 -0.00063 -0.00249 0.01162 -0.00006 -0.00045 -0.00306 -0.00028 -0.00012 -0.00017 -0.00088 -0.00920 -0.00089 0.00621 -0.00025 -0.00035 -0.00030 -0.00053 -0.00373 -0.00305 0.00010
-0.00033 -0.00037 -0.00103 0.00295 0.00037 -0.00021 -0.00004 -0.00453 -0.00000 -0.00102 -0.00025 -0.00107 0.00165 0.00012 -0.00021 -0.00255 -0.00094 -0.00154 0.00030 0.00079 0.01460 -0.00021 -0.00038 -0.00002 -0.00026 -0.00016 0.00119 0.00023 -0.00030 -0.00009 -0.00108 -0.00022 0.00298 -0.00008 -0.00001 -0.00202 -0.00125 -0.00059 -0.00005 -0.00004 -0.00322 -0.00008 0.00110 -0.00582 -0.00204 -0.00205 -0.00024 0.00031 -0.00001 -0.00003
0.00030 -0.00034 -0.00038 0.00130 -0.00019 -0.00009 -0.00009 -0.00111 -0.00143 -0.00000 -0.00612 -0.00118 -0.00003 -0.00011 -0.00042 -0.00290 -0.00047 -0.00145 -0.00044 0.00182 0.00218 -0.00027 -0.00005 0.00006 -0.00004 -0.00033 0.00106 -0.00002 -0.00148 -0.00024 -0.00106 -0.00165 0.00317 -0.00130 -0.00016 -0.00032 -0.00040 0.00002 -0.00180 -0.00127 -0.00200 -0.00036 0.00082 -0.00374 -0.00133 -0.00109 -0.00500 0.00050 -0.00106 -0.00004
-0.00992 -0.00005 -0.00110 0.00234 -0.00019 -0.00272 0.00097 -0.00013 -0.00575 -0.00011 -0.00000 -0.00021 -0.00053 -0.00186 0.00025 -0.00338 -0.00074 -0.00008 0.00002 0.00717 0.00022 -0.00051 -0.00040 -0.00060 -0.00040 -0.00036 0.01470 0.00185 -0.00054 -0.00019 -0.00656 -0.00196 0.00174 -0.00467 -0.00045 -0.00158 -0.00086 -0.00061 0.00028 -0.00009 -0.00165 -0.00021 0.00983 -0.00022 -0.00340 -0.00009 -0.00063 0.00041 -0.00011 -0.00030
-0.00131 -0.00011 -0.00056 -0.00270 0.00019 -0.00236 0.23733 -0.00437 -0.00146 -0.00122 -0.00765 -0.00000 0.00234 -0.00287 0.00013 -0.00565 -0.00055 -0.00130 -0.00033 0.00877 0.00313 -0.00090 -0.00019 0.00197 -0.00099 -0.00039 0.02011 0.00108 -0.00257 -0.00024 -0.00357 -0.00038 0.14933 -0.00107 -0.00079 -0.00144 -0.00117 -0.00229 -0.00352 -0.00517 -0.00357 -0.00255 -0.00484 -0.00234 -0.00064 -0.00401 -0.00047 0.00138 -0.00028 0.00025
0.00000 -0.00014 -0.00004 0.00000 0.00006 0.00148 0.00002 -0.00006 0.00072 -0.00055 -0.00004 0.00000 0.00000 0.00843 0.00010 0.00000 -0.00034 -0.00371 0.00014 -0.00000 -1.15187 0.00001 0.00002 0.00020 -0.00000 0.00047 0.00000 0.11353 -0.00006 0.00008 0.00006 -0.00000 0.00000 -0.00002 -0.00001 0.00000 -0.00003 0.02035 -0.00320 -0.00013 0.00006 -0.00002 0.00786 0.00001 -0.00230 -0.00000 -0.00079 -0.13076 0.00038 0.00004
0.00019 0.00241 -0.00005 0.00078 -0.00006 0.84292 -0.00304 -0.00116 0.00026 -0.00078 0.00013 0.00000 0.00001 0.00000 0.00006 0.00001 -0.00000 0.00000 0.00009 -0.00002 0.00000 -0.00018 0.00126 0.13421 -0.00001 -0.00000 0.00393 0.00000 -0.00036 -0.00022 0.00001 -0.00089 0.00400 0.00010 -0.00013 -0.00000 -0.00083 0.00000 -0.00017 -0.00017 -0.00002 -0.00070 0.00000 0.00010 -0.00105 0.00010 -0.00010 -0.00000 -0.00039 0.00977
0.00246 -0.00010 0.00043 -0.00165 0.00006 -0.11587 0.00202 -0.00255 -0.00133 -0.00060 -0.00111 -0.00074 0.00506 0.00323 0.00000 -0.00314 0.00024 -0.00041 -0.00047 -0.00064 0.01727 -0.00040 0.00030 0.01794 -0.00015 -0.00064 -0.00251 0.00938 -0.00094 -0.00003 -0.00039 -0.00002 -0.00369 -0.00236 -0.00151 -0.00083 0.00026 0.00449 -0.00155 0.00059 -0.00092 -0.00180 0.02157 -0.00209 -0.00105 -0.00138 -0.00180 -0.00311 -0.00084 0.00261
-0.00043 -0.00056 -0.00041 -0.00047 -0.00015 -0.00095 -0.00101 -0.00011 -0.00053 -0.00022 -0.00054 -0.00017 0.34685 0.00019 0.00004 -0.00000 -0.00013 0.00016 -0.00017 0.00256 0.52927 -0.00038 -0.00007 -0.00382 -0.00758 -0.00074 -0.00052 0.01142 -0.00041 -0.00014 -0.00488 -0.00008 0.00154 -0.00037 -0.00018 -0.00012 -0.00031 -0.00374 -0.00323 -0.00003 -0.00021 -0.00003 0.00254 0.00002 0.00039 -0.00007 -0.00064 0.00010 -0.00029 -0.00067
-0.00255 0.00005 0.00003 0.00538 0.00027 -0.02460 -0.00710 -0.00028 -0.00095 -0.00038 -0.00085 -0.00020 -0.00127 -0.13539 -0.00181 -0.00218 -0.00000 -0.00013 0.00016 0.00359 0.00232 0.00014 -0.00005 0.01182 -0.00070 -0.00043 -0.00584 0.00005 -0.00093 -0.00021 -0.00268 -0.00186 0.00757 -0.00096 -0.00329 -0.00085 -0.00037 0.19819 -0.00263 -0.00123 -0.00097 -0.00059 0.00177 -0.00118 -0.00077 0.00110 -0.00125 0.00058 -0.00269 0.00106
-0.00182 -0.00028 -0.00084 -0.00006 0.00019 0.01861 0.00070 -0.00259 0.00016 -0.00027 -0.00954 -0.00023 -0.00007 -0.02133 0.00045 -0.00095 -0.00049 -0.00000 -0.00025 0.00086 0.00034 0.00007 -0.00045 -0.00611 -0.00032 -0.00000 0.00034 0.00059 -0.00037 -0.00060 -0.00019 -0.00394 0.00041 -0.01176 -0.00003 -0.00050 -0.00037 -0.00123 -0.00122 -0.00042 -0.00058 -0.00046 0.01489 -0.00534 0.00015 -0.00038 -0.00007 0.00043 -0.00390 0.00005
-0.00164 -0.00023 0.00041 -0.00341 -0.00006 -0.00219 -0.00207 -0.00084 -0.00065 -0.00043 -0.00061 -0.00061 -0.00134 -0.00222 0.00050 -0.00165 0.00010 -0.00061 -0.00000 0.00982 0.05142 -0.00097 -0.00012 -0.00218 -0.00021 -0.00017 0.02705 -0.00287 -0.00034 -0.00001 -0.00149 -0.00045 0.04584 0.00124 -0.00070 -0.00085 -0.00027 0.00017 -0.00038 -0.00051 -0.00109 -0.00037 0.08971 -0.00211 0.00260 -0.00059 -0.00020 0.00403 -0.00033 -0.00070
-0.00000 -0.00015 -0.00015 -0.00000 -0.00004 -0.00028 -0.00000 -0.00018 -0.00140 0.00045 -0.00009 -0.00001 -1.07710 -0.00164 -0.00041 0.00041 -0.00047 0.00092 -0.00009 0.00000 0.22178 -0.00015 -0.00018 -0.00004 -0.00020 -0.00001 0.00000 -0.01273 0.00003 -0.00016 -0.00085 -0.00017 0.00000 -0.00024 0.00041 -0.00000 -0.00008 -0.00975 0.00164 0.00084 -0.00003 0.00000 0.00568 -0.00001 0.00032 -0.00015 -0.00047 0.00908 -0.00189 -0.00001
-0.00000 -0.00002 -0.00008 -0.00000 0.00012 -0.00590 -0.00008 0.00002 -0.00002 0.00161 0.00042 -0.00011 -0.00000 -0.01736 -0.00005 -0.00000 -0.00035 0.00197 -0.00014 0.00000 0.00000 -0.00003 -0.00004 -0.00088 -0.00000 -0.00159 -0.00000 0.00325 -0.00003 0.00001 -0.00000 -0.00004 0.00002 0.00191 -0.00002 -0.00000 -0.00010 -0.10492 -0.00200 0.00009 -0.00027 -0.00039 -0.09473 -0.00017 -0.00002 -0.00000 0.00093 0.86487 -0.00003 -0.00018
-0.00040 0.00019 0.00010 -0.00056 0.00031 0.00114 0.00057 -0.00093 -0.00178 -0.00102 -0.00180 -0.00142 0.00431 0.00122 0.00009 -0.00346 -0.00010 0.00053 -0.00022 -0.00037 0.00754 -0.00000 -0.00010 0.00015 -0.00060 0.00012 0.01412 0.00110 -0.00216 -0.00064 -0.00101 0.00019 0.06480 -0.00063 -0.00058 -0.00082 -0.00015 0.00140 -0.00064 -0.00090 -0.00040 -0.00156 0.01138 -0.00206 -0.00550 -0.00059 0.00004 -0.00002 -0.00238 0.00029
0.00013 -0.00024 -0.00053 -0.00028 -0.00008 -0.00035 0.00336 -0.00149 0.00001 -0.00006 -0.00137 -0.00257 -0.00027 -0.00059 -0.00008 -0.00189 -0.00025 -0.00017 0.00001 0.00174 0.03544 -0.00086 -0.00000 -0.00004 0.00024 -0.00028 0.00214 0.00012 -0.00005 -0.00080 -0.00242 0.00021 0.00897 -0.00055 -0.00083 -0.00015 0.00063 -0.00038 -0.00111 -0.00088 -0.00046 0.00006 0.03348 -0.00213 -0.00085 -0.00110 0.00016 -0.00072 -0.00031 -0.00004
0.00727 -0.00183 -0.00003 0.01372 -0.00000 0.00000 0.79999 0.00048 0.00052 -0.00046 -0.00019 -0.00022 0.00020 0.00000 0.00000 -0.00003 -0.00000 -0.00003 0.00043 -0.00064 0.00004 -0.00197 -0.00584 0.00000 -0.00047 0.00001 -0.00505 0.00000 -0.00061 -0.00015 -0.00028 0.00165 -0.07515 -0.00061 -0.00031 -0.00004 0.00049 0.00000 -0.00272 -0.00019 -0.00017 -0.00027 0.00002 0.00040 -0.00076 0.00026 -0.00096 -0.00003 -0.00013 0.45884
0.00589 -0.00039 -0.00014 -0.00235 0.00040 0.00060 -0.00040 -0.00119 -0.00135 -0.00067 -0.00214 -0.00078 0.22556 0.00164 -0.00001 -0.00011 -0.00029 0.00031 0.00000 0.00468 0.33306 -0.00003 0.00019 -0.00138 -0.00000 -0.00024 -0.00151 0.00923 -0.00062 -0.00023 -0.00259 -0.00040 -0.00571 -0.00002 -0.00032 -0.00068 -0.00048 -0.00301 -0.00345 -0.00055 -0.00429 -0.00031 0.00242 -0.00128 -0.00068 -0.00027 -0.00190 -0.00372 -0.00375 -0.00025
-0.00128 -0.00030 -0.00050 -0.00258 0.00024 -0.00319 -0.00133 -0.00194 -0.00219 0.00022 -0.00108 -0.00075 -0.00059 -0.00468 -0.00007 -0.00302 -0.00033 -0.00087 -0.00016 0.00263 -0.00022 -0.00042 -0.00026 -0.00043 -0.00304 -0.00000 -0.00359 -0.11019 -0.00080 0.00072 -0.00376 -0.00044 0.00084 -0.00305 -0.00133 -0.00064 -0.00015 -0.00688 -0.00242 -0.00341 -0.00152 -0.00089 0.20183 -0.00266 -0.00134 -0.00210 -0.00310 0.00020 -0.00190 -0.00133
0.40888 -0.00010 -0.00046 2.27533 0.00001 0.00000 0.00000 -0.00004 0.00065 -0.00086 -0.00002 -0.00000 -0.00791 0.00002 0.00014 0.00028 -0.00011 0.00420 0.00010 -0.06793 0.01317 -0.00006 0.00160 0.00000 -0.00013 0.00000 0.00000 0.00040 -0.00000 -0.00083 0.00030 0.00023 0.00000 -0.00000 0.00107 -0.00000 0.00006 0.00008 0.00549 0.00100 -0.00000 -0.00000 0.00522 0.00002 -0.00047 0.00000 -0.00002 -0.00612 0.00357 0.00000
0.00001 -0.00008 -0.00000 0.00004 -0.00004 0.02625 0.00560 -0.00020 -0.00069 0.00280 0.00002 -0.00009 0.00000 0.20553 0.00004 0.00000 -0.00375 -0.00017 0.00019 -0.00000 -0.00000 0.00000 0.00011 0.02334 -0.00000 -0.00000 0.00016 0.00000 0.00004 -0.00018 -0.00001 -0.00179 0.00050 0.00223 -0.00013 -0.00000 -0.00079 0.60526 -0.00026 -0.00003 0.00001 0.00001 0.00000 0.00000 0.00058 0.00004 0.00110 -0.00000 0.00045 0.01410
-0.00111 -0.00041 -0.00066 -0.00057 0.00025 -0.00296 -0.00123 -0.00241 -0.00293 -0.00059 -0.00342 -0.00115 -0.00863 -0.00065 0.00049 -0.00895 -0.00080 -0.00319 -0.00025 0.00507 0.00943 -0.00005 -0.00915 -0.00318 -0.00105 -0.00068 0.02993 -0.00046 -0.00000 -0.00018 -0.00447 -0.00199 0.01004 -0.00005 -0.00954 -0.00198 -0.00027 -0.00284 -0.00002 -0.00011 -0.00064 -0.00426 -0.00474 -0.00574 -0.00800 -0.00026 -0.00590 -0.00190 -0.00100 -0.00251
-0.00190 -0.00023 0.00056 0.00431 -0.00031 0.00334 0.00180 -0.00024 -0.00092 -0.00049 -0.00130 -0.00054 0.00166 0.00235 0.00078 -0.00308 -0.00033 -0.00087 -0.00014 0.00399 0.02063 -0.00154 0.00033 0.00431 0.00060 0.00000 0.00274 0.00179 -0.00164 -0.00000 -0.00162 -0.00059 -0.00039 -0.00174 -0.00056 -0.00089 -0.00072 0.00210 -0.00112 -0.00019 -0.00130 -0.00066 0.04531 -0.00114 -0.00070 -0.00072 -0.00347 0.00022 -0.00312 0.00100
0.00167 -0.00003 -0.00084 -0.00078 0.00002 -0.00173 -0.00051 -0.00216 -0.00054 -0.00109 -0.00009 -0.00043 0.00235 0.00198 0.00051 0.00009 -0.00032 -0.00121 -0.00017 0.00180 -0.00910 -0.00018 -0.00017 -0.00078 -0.00031 -0.00009 0.00333 0.00251 -0.00019 -0.00015 -0.00000 -0.00061 0.00129 -0.00586 -0.00046 -0.00108 -0.00079 -0.00240 -0.00661 -0.00010 -0.00025 -0.00019 0.01519 0.00011 -0.00022 -0.00010 -0.00002 -0.00211 -0.00018 -0.00049
-0.00817 -0.00063 -0.00109 -0.00124 0.00003 0.00061 -0.00314 -0.00045 -0.00373 -0.00005 -0.00332 -0.00017 -0.01254 0.00066 0.00057 -0.00255 -0.00045 -0.00038 -0.00017 0.00334 -0.00119 0.00020 0.00050 0.00069 -0.00058 0.00001 -0.00309 0.00243 -0.00070 -0.00028 -0.00114 -0.00000 -0.00366 -0.00005 -0.00010 -0.00129 0.00014 0.00082 -0.00142 -0.00068 -0.00152 -0.00071 0.00060 -0.00040 -0.00053 -0.00029 -0.00028 -0.00131 -0.00161 0.00039
-0.08840 -0.00004 -0.00007 -0.48164 -0.00002 -0.00000 -0.00000 -0.00001 0.00314 0.00250 -0.00011 -0.00000 -0.01425 -0.00000 -0.00010 0.00320 -0.00032 0.00256 -0.00009 0.02282 0.01467 -0.00001 0.00119 -0.00000 -0.00008 -0.00009 -0.60129 -0.00007 -0.00131 -0.00013 0.00509 -0.00013 0.00000 -0.00519 -0.00132 -0.00002 -0.00005 -0.00002 0.00042 0.00006 -0.00013 -0.00000 0.00014 -0.00000 0.00054 -0.00310 -0.00556 0.00166 0.00158 -0.00000
0.00492 -0.00043 -0.00091 0.00002 -0.00003 0.00227 0.00079 -0.00473 -0.00690 -0.00077 -0.00037 -0.00111 0.00091 0.00211 0.00016 -0.00328 -0.00051 -0.00008 0.00005 0.00101 0.00020 -0.00030 -0.00022 0.00119 0.00003 -0.00090 -0.00787 0.00066 -0.00823 -0.00034 -0.00022 -0.00386 0.00101 -0.00000 -0.00013 -0.00133 -0.00005 0.00372 -0.00643 -0.00337 -0.00069 -0.00008 0.00349 0.00013 -0.00424 -0.00494 -0.00246 -0.00055 -0.00028 0.00045
0.00265 -0.00056 -0.00147 -0.00275 0.00007 -0.00304 0.00029 -0.00231 -0.00617 -0.00093 -0.00281 -0.00191 -0.01330 0.00434 0.00025 -0.00519 -0.00025 -0.00394 0.00031 0.00130 -0.00657 -0.00074 -0.00038 0.00130 -0.00145 -0.00027 0.00261 0.00309 -0.00009 -0.00063 -0.00183 -0.00327 0.00498 -0.00331 -0.00000 -0.00045 -0.00059 -0.00389 -0.00426 -0.00030 -0.00046 -0.00045 0.00730 -0.00019 -0.00576 -0.00040 -0.00495 -0.00255 -0.00116 -0.00060
0.06068 -0.00047 -0.00049 -0.66889 0.00005 0.00011 0.00579 -0.00036 -0.00063 -0.00024 -0.00000 -0.00071 0.87802 0.00071 0.00054 -0.00751 0.00014 -0.00209 0.00000 0.72679 -0.16098 -0.00039 0.00027 0.00548 -0.00076 -0.00041 0.13710 0.00576 0.00009 0.00043 -0.00231 -0.00121 0.02230 -0.00144 -0.00578 -0.00000 -0.00005 0.00417 -0.00479 -0.00049 -0.00084 -0.00340 0.00582 -0.00196 -0.00067 -0.00024 -0.00101 0.01206 -0.00121 0.00052
-0.01100 -0.00086 -0.00202 -0.01631 0.00010 0.01206 -0.00263 -0.00164 -0.00097 -0.00002 -0.00225 0.00009 -0.00166 -0.00024 0.00014 -0.00088 0.00013 -0.00229 0.00046 0.02822 0.04016 0.00012 -0.00025 -0.00321 -0.00023 0.00013 0.05628 0.00612 0.00005 -0.00095 -0.00021 -0.00291 0.04040 0.00020 -0.00102 -0.00056 -0.00000 0.00521 -0.00085 -0.00170 0.00079 -0.00082 0.02411 -0.00079 -0.00031 -0.00172 -0.00050 0.00250 -0.00152 -0.00211
0.00003 -0.00020 -0.00006 0.00012 0.00004 0.23750 0.01700 -0.00140 0.00060 -0.00103 -0.00001 0.00002 0.00000 0.71250 0.00002 0.00000 -0.00000 -0.00090 0.00013 -0.00001 0.00000 0.00007 0.00027 0.01117 -0.00000 -0.00000 0.00048 0.00000 -0.00011 -0.00020 -0.00001 0.00061 0.00138 -0.00009 -0.00009 -0.00000 -0.00064 0.00000 -0.00076 -0.00004 0.00002 0.00001 0.00000 0.00014 -0.00003 0.00005 0.00037 -0.00000 0.00004 0.01197
-0.00007 -0.00055 -0.00111 -0.00001 0.00028 -0.00042 -0.00047 -0.00623 -0.00758 -0.00078 -0.00767 -0.00059 -0.00001 0.00156 0.00068 -0.00033 -0.00063 -0.00152 -0.00039 0.00029 0.00197 -0.00032 -0.00013 -0.00020 -0.00025 -0.00007 0.00027 0.00328 -0.01050 -0.00016 -0.00001 -0.00088 0.00188 -0.00002 0.00002 -0.00031 -0.00002 -0.00055 -0.00000 -0.00353 -0.00047 -0.00012 0.00408 -0.00646 -0.00557 -0.00405 -0.00014 0.00007 -0.00774 -0.00025
0.00004 -0.00011 -0.00146 -0.00011 0.00021 -0.00695 -0.00315 -0.00072 -0.00385 -0.00048 -0.00273 -0.00025 -0.00776 -0.00331 0.00009 -0.00843 -0.00036 -0.00262 0.00005 -0.00015 -0.00388 -0.00039 -0.00040 0.00244 -0.00135 0.00004 0.00177 0.00092 -0.00312 -0.00078 -0.00702 -0.00206 -0.00242 -0.00021 -0.00175 -0.00327 -0.00110 0.00810 -0.00051 -0.00000 -0.00004 -0.00469 0.02105 -0.01001 0.00017 -0.00422 0.00312 -0.00199 -0.00376 0.00001
-0.00042 -0.00028 -0.00058 0.00949 0.00026 -0.00164 -0.00076 -0.00005 -0.00043 -0.00053 -0.00126 -0.00040 -0.00184 0.00074 0.00040 -0.00359 -0.00091 -0.00148 0.00033 0.00702 0.00440 -0.00005 0.00010 0.00083 0.00005 -0.00067 -0.01126 0.00160 -0.00183 -0.00041 -0.00419 -0.00092 -0.00109 -0.00195 -0.00269 -0.00114 -0.00007 -0.00146 -0.00301 -0.00782 -0.00000 -0.00104 0.02458 -0.00521 0.00027 0.00002 -0.00019 0.00112 -0.00011 -0.00103
0.01066 0.00009 -0.00068 -0.00329 0.00011 0.00767 -1.30910 -0.00164 -0.00617 -0.00115 0.00190 -0.00124 -0.00038 0.00140 0.00028 -0.00360 -0.00062 -0.00103 0.00118 0.00280 -0.00289 -0.00045 -0.00162 0.00050 0.00050 -0.00045 0.03521 -0.00614 -0.00021 -0.00009 -0.00392 -0.00163 0.11032 -0.00600 -0.00254 -0.00054 -0.00036 0.00242 -0.00199 -0.00019 -0.00132 -0.00000 0.01209 -0.00055 -0.00002 -0.00790 -0.00160 0.00187 -0.00207 0.44854
0.00000 0.00009 0.00009 0.00002 -0.00008 0.02067 0.00179 0.00001 0.00140 -0.00433 0.00001 0.00003 0.00000 0.02103 0.00004 -0.00000 0.00216 0.00004 0.00015 -0.00000 -0.00000 0.00002 0.00009 0.01265 -0.00000 -0.00000 0.00006 0.65550 -0.00001 -0.00010 -0.00000 0.00016 0.00021 -0.00113 -0.00005 0.00000 0.00007 0.21254 0.00086 -0.00002 0.00000 -0.00015 0.00000 0.00000 -0.00051 0.00003 -0.00166 -0.00000 0.00003 0.00363
0.00160 0.00027 -0.00052 0.00235 0.00045 0.00102 0.00003 -0.00414 0.00008 -0.00036 -0.00435 -0.00071 -0.00033 0.00222 0.00053 -0.00686 -0.00042 -0.00013 0.00039 0.00620 -0.00047 -0.00081 -0.00037 0.00039 -0.00089 -0.00035 0.02586 0.00333 -0.00023 0.00073 -0.00587 -0.00267 0.04845 -0.00600 -0.00326 -0.00126 -0.00014 0.00044 0.00009 -0.00004 -0.00020 -0.00109 -0.00832 -0.00000 0.00008 -0.00369 -0.00372 0.00959 -0.00313 0.00020
0.00001 -0.00029 -0.00091 0.00001 0.00018 0.00150 0.00210 0.00113 -0.00073 -0.00114 -0.00030 -0.00198 0.00023 0.00044 0.00044 -0.00490 -0.00072 -0.00401 -0.00007 0.00080 0.01210 -0.00005 -0.00024 0.00082 -0.00093 -0.00048 0.00032 0.00139 -0.00020 -0.00050 -0.00850 -0.00239 0.00628 0.00009 -0.00005 -0.00105 -0.00019 0.00192 -0.00019 -0.00450 -0.00421 -0.00476 0.00781 -0.00529 -0.00000 -0.00274 -0.00853 0.00013 -0.01077 0.00043
-0.00214 -0.00025 -0.00098 -0.01160 0.00020 0.00176 0.00092 -0.00394 -0.00053 -0.00084 -0.00401 -0.00024 0.00444 0.00436 0.00019 -0.00625 -0.00080 -0.00062 -0.00036 0.00220 0.03228 -0.00038 0.00011 0.00190 -0.00174 -0.00035 -0.01011 -0.00870 -0.00419 -0.00049 -0.00361 -0.00314 0.00155 -0.00001 -0.00337 -0.00288 -0.00018 0.00665 -0.00051 -0.00007 -0.00382 -0.00003 -0.00060 -0.00038 0.00017 -0.00000 -0.00162 -0.00740 -0.00788 0.00069
-0.00001 -0.00055 -0.00097 -0.00037 -0.00004 -0.00003 -0.00007 -0.00329 -0.00496 -0.00012 -0.00259 -0.00176 -0.00003 0.00264 -0.00062 -0.00140 -0.00101 -0.00805 0.00005 0.00287 0.00287 -0.00017 -0.00009 -0.00055 -0.00072 -0.00037 -0.00107 -0.00067 -0.00010 -0.00013 -0.00669 -0.00252 0.00094 -0.00035 -0.00003 -0.00197 -0.00012 0.00024 -0.00612 -0.00007 -0.00310 -0.00063 0.00195 -0.00029 0.00000 -0.00076 -0.00000 0.00018 0.00001 -0.00015
-0.00000 -0.00003 -0.00016 -0.00000 -0.00010 -0.01596 -0.00048 -0.00028 -0.00009 -0.00208 -0.00112 -0.00032 -0.00000 -0.03575 -0.00006 -0.00000 -0.00054 -0.00286 -0.00015 0.00000 0.00000 -0.00018 -0.00007 -0.00577 -0.00000 0.00156 -0.00000 -0.16358 -0.00000 -0.00000 -0.00001 -0.00011 0.00011 0.00092 -0.00003 -0.00000 -0.00004 -0.01734 -0.00218 0.00016 0.00036 -0.00009 -0.60711 -0.00007 -0.00002 -0.00001 0.00223 0.00000 -0.00001 -0.00118
-0.00011 -0.00016 -0.00086 -0.00002 -0.00015 -0.00565 -0.00019 -0.00041 -0.00983 -0.00124 -0.00769 -0.00350 0.00233 0.00091 0.00031 -0.00464 -0.00080 -0.00042 -0.00017 0.00111 -0.00923 -0.00052 -0.00005 -0.00472 -0.00025 -0.00016 0.00054 0.00047 -0.00222 -0.00038 -0.00548 -0.00129 0.00247 0.00261 -0.00129 -0.00150 0.00022 0.00151 -0.00006 -0.00008 -0.00852 -0.00052 -0.00102 -0.00044 -0.00001 -0.00009 -0.00910 -0.01371 -0.00000 0.00504
-0.00291 -0.00100 -0.00009 0.00281 -0.00002 0.00000 2.32856 0.00136 0.00391 0.00049 -0.00456 -0.00036 0.00142 0.00000 0.00001 0.00027 -0.00004 -0.00036 -0.00248 -0.00244 0.00043 -0.00035 0.00081 0.00000 -0.00232 -0.00025 0.04830 0.00002 -0.00046 0.00014 -0.00179 0.00129 -0.12232 -0.00040 -0.00080 -0.00075 0.00081 0.00000 -0.00191 -0.00062 -0.00053 -0.00000 0.00011 -0.00139 -0.00042 0.00111 -0.00188 -0.00019 -0.00008 0.00000
