0.00000 -0.00000 -0.00000 0.00142 -0.00000 0.00000 0.00003 0.00000 0.00233 -0.02520 0.00000 -0.00000 0.00000 -0.00000 -0.00000 -0.00003 0.12318 -0.00007 0.03089 -0.00000 0.17435 -0.00000 -0.00021 0.00007 -0.74071 -0.00797 -0.00000 0.45567 -0.00000 -0.00000
0.04430 0.00000 -0.00000 0.00000 -0.00000 0.43685 0.00000 -0.00000 0.00000 0.50584 0.00000 -0.00000 0.31489 -0.00000 -0.00000 0.00000 0.00107 -0.00000 0.00020 -0.00000 0.00005 -0.00000 -0.00000 0.00000 -0.00984 -0.00003 0.00000 0.04178 -1.49810 -0.00000
0.00000 0.00000 -0.00000 -0.00018 -0.00003 -0.00000 -0.00000 -0.00028 -0.00006 0.00014 -0.00008 0.00011 -0.00076 -0.00000 0.00000 -0.00009 0.00004 0.00000 0.00000 -0.00009 0.00014 0.00001 0.00033 -0.00008 0.00026 0.00024 0.00034 0.00002 -0.00004 0.00011
0.00000 0.00000 -0.00000 0.00000 -0.00046 -0.00000 -0.00033 0.01484 0.00000 -0.00002 0.00182 -0.00017 0.00000 -0.01091 -0.00023 0.00000 -0.00000 -0.33465 -0.00000 -0.02872 -0.00000 -0.00002 -0.69025 0.62944 -0.00000 0.00000 -0.04105 0.00000 0.00000 -0.03319
-0.00551 -0.30647 -0.00000 -0.00000 0.00000 -0.08727 -0.00003 0.00000 -0.00000 -0.00040 -0.00000 0.72156 -0.02757 0.00000 0.00000 0.00000 -0.00004 0.00000 -0.00000 0.00000 0.01943 0.71362 0.00000 -0.00000 0.00045 0.00000 0.00000 -0.00286 0.03834 0.00000
0.12051 0.00000 -0.00011 0.00000 -0.00000 0.00000 -0.00000 -0.00000 0.00001 -0.11866 0.00000 0.00000 0.29547 -0.00000 0.00000 -0.00001 0.00661 -0.00000 0.00076 -0.00000 -0.04871 -0.00000 -0.00000 0.00000 -0.03255 -0.00014 0.00000 0.09347 -0.29154 -0.00000
-0.00000 -0.00117 -0.11191 0.00012 0.00114 -0.00021 -0.00000 -0.00000 -0.00000 0.00000 -0.00031 0.00009 -0.00000 0.00118 0.00004 -0.00000 -0.00001 0.00004 0.00004 0.00089 -0.00008 0.00094 0.00002 0.00006 0.00003 -0.00009 0.00110 -0.00006 0.00057 -0.00017
0.00020 0.01301 -0.00124 0.00000 -0.16224 0.00432 -0.00064 0.00000 0.00000 0.00061 -0.00000 -0.36238 0.00075 0.00000 -0.00000 0.00000 0.00000 -0.00000 0.00000 0.00000 -0.00080 -0.03388 -0.00000 0.00000 -0.00000 -0.00000 0.00000 0.00005 -0.00324 -0.00000
0.00000 0.00000 0.00005 0.65439 -0.00013 0.00000 0.00000 0.00004 0.00000 -0.00017 0.00070 -0.00040 0.00000 -0.00232 -0.01911 0.00005 0.00000 -0.88994 0.00000 -0.00915 -0.00000 -0.00000 -0.23144 0.08051 -0.00000 -0.00000 -0.01315 0.00000 -0.00000 -0.03338
-0.00000 -0.00000 0.00040 -0.00000 0.00000 -0.00000 0.00020 -0.00000 0.00000 0.00000 -0.00000 -0.00000 -0.00000 0.00000 -0.00000 0.00000 0.00000 0.00000 0.00034 0.00000 0.00000 0.00000 -0.00000 0.00000 -0.00000 -0.00009 -0.00000 -0.00000 0.00000 -0.00000
0.00114 0.10382 -0.00003 0.00000 -0.55324 0.03803 -0.00000 0.92830 -0.00000 0.01317 0.00000 0.08245 0.00595 -0.00000 -0.00000 0.00000 -0.00000 0.00000 0.00000 -0.00000 -0.00141 -0.38298 0.00000 -0.00000 -0.00000 0.00000 0.00000 0.00043 -0.02239 -0.00000
-0.00247 -0.13251 0.00099 -0.00000 0.00000 -0.04638 0.00089 -0.00000 -0.00000 -0.00005 0.00000 0.00000 -0.00838 -0.00000 0.00000 -0.00018 -0.00000 0.00000 -0.00000 -0.00000 0.00466 0.25021 0.00000 -0.00000 0.00006 0.00000 -0.00000 -0.00087 0.03457 0.00000
1.80934 0.00000 -0.00002 0.00025 -0.00000 0.00000 0.00006 0.00000 0.00033 -0.01423 0.00000 -0.00000 0.00000 -0.00000 -0.00000 0.00003 0.04722 -0.00000 0.00475 -0.00000 0.32298 -0.00000 -0.00000 0.00000 -0.29150 -0.00127 -0.00000 0.18034 -0.00000 0.00000
-0.00047 -0.03811 0.00002 -0.00000 0.58539 -0.01388 -0.00006 -0.36880 -0.00000 0.00001 -0.39733 0.00055 -0.00219 0.00000 0.00000 0.00000 -0.00000 0.00000 -0.00000 0.00000 0.00260 0.04580 0.00000 0.00000 0.00005 0.00000 0.00000 -0.00032 0.00823 0.00000
-0.00000 -0.00023 0.00098 -0.00000 0.00503 0.00003 0.00103 -0.43445 -0.00000 -0.00016 -0.01769 0.06566 -0.00000 0.01980 0.00000 0.00000 -0.00000 0.00000 -0.00000 0.03486 0.00001 0.00044 0.00000 -0.00000 0.00000 0.00000 0.08891 -0.00000 0.00004 1.07357
0.00011 0.00053 -0.00005 0.00001 -0.00032 -0.00002 0.00020 -0.00010 -0.00002 0.00000 0.00035 0.00000 -0.00011 -0.00028 -0.00000 -0.00000 -0.00010 -0.00001 -0.00194 -0.00001 -0.00020 -0.00027 0.00002 -0.00005 0.00000 -0.00000 -0.00046 0.00028 0.00000 -0.00000
0.00000 0.00000 -0.00031 0.08119 -0.00000 0.00000 0.00005 0.00000 0.15219 -0.01294 0.00000 0.00000 0.00000 -0.00001 -0.00067 0.00004 0.00000 -0.01037 0.65203 -0.00006 -0.00000 -0.00000 -0.01712 0.00527 -0.00000 -0.31915 -0.00011 0.00000 -0.00000 -0.00024
-0.00000 -0.00001 0.00011 0.00000 0.00121 -0.00000 0.00049 -0.01624 -0.00000 -0.00000 -0.00578 0.01496 -0.00000 0.01883 1.69154 -0.00037 -0.00000 0.00000 -0.00000 0.05655 0.00000 0.00007 0.00000 -0.22394 0.00000 0.00000 0.07629 -0.00000 0.00000 0.17417
0.00000 0.00000 0.00011 0.09762 0.00000 0.00000 -0.00027 0.00042 0.20111 0.00007 0.00000 -0.00000 0.00000 -0.00008 -0.01095 0.00002 0.00000 -0.03040 0.00000 -0.00025 -0.00000 -0.00000 -0.22383 0.02010 -0.00000 -1.39896 -0.00051 0.00000 -0.00000 -0.00197
-0.00024 -0.02370 -0.00000 -0.00000 0.28717 -0.00818 0.00000 0.00078 -0.00000 0.00017 -0.36841 0.01239 -0.00125 0.38728 -0.00000 -0.00000 -0.00000 0.00000 -0.00000 -0.00000 0.00115 0.07106 0.00000 0.00000 0.00000 0.00000 -0.00000 -0.00020 0.00274 0.00000
0.00000 0.00000 0.00051 0.00092 -0.00000 0.00000 0.00038 -0.00000 0.00164 0.10263 0.00000 0.00000 0.00000 -0.00000 -0.00000 -0.00033 0.09415 -0.00005 0.02139 -0.00000 0.00000 -0.00000 -0.00000 0.00003 -0.00000 -0.00555 -0.00000 0.00000 -0.00000 0.00000
-0.02640 -1.11407 -0.00000 -0.00000 0.00000 -0.60044 -0.00004 0.00000 -0.00000 0.75060 -0.00000 -0.00000 -0.08980 0.00000 0.00000 0.00000 -0.00025 0.00000 -0.00002 0.00000 0.05252 0.00000 0.00000 -0.00000 0.00190 0.00000 0.00000 -0.01443 0.12803 0.00000
-0.00000 0.00000 0.00003 -0.00000 0.00016 0.00000 0.00022 -0.09158 0.00000 -0.00001 0.00000 0.00195 -0.00000 -0.00013 1.19926 0.00004 -0.00000 0.11876 -0.00000 -0.00423 0.00000 0.00000 0.00000 -0.51903 0.00000 -0.00000 -0.00110 -0.00000 0.00000 0.06786
0.00000 0.00014 0.00010 0.00000 -0.00679 -0.00005 -0.00017 0.30884 0.00000 0.00032 0.01613 -0.00109 0.00000 -0.09300 -1.05926 -0.00022 0.00000 -0.00000 0.00000 -0.18577 -0.00000 -0.00105 -0.00000 -0.00000 -0.00000 0.00000 -0.16049 0.00000 -0.00000 -0.27960
-0.00000 -0.00000 -0.00010 -0.01695 0.00000 -0.00000 0.00029 -0.00000 -0.02965 0.00493 -0.00000 -0.00000 -0.00000 0.00000 0.00001 -0.00000 -1.08420 0.00134 -0.12076 0.00000 -0.19180 0.00000 0.00246 -0.00088 0.00000 0.06343 0.00002 -0.00000 0.00000 0.00000
-0.00000 -0.00000 -0.00000 -0.38876 0.00001 -0.00000 0.00016 -0.00006 -0.62094 -0.00001 -0.00019 0.00001 -0.00000 0.00083 0.02646 0.00000 -0.00000 0.10584 -0.00000 0.00242 0.00000 0.00000 0.49362 -0.05058 0.00000 0.00000 0.00373 -0.00000 0.00000 0.01024
-0.00004 -0.01123 -0.00000 -0.00000 0.25176 -0.00513 -0.00021 -0.14524 0.00000 -0.00045 -0.28098 -0.00001 -0.00060 0.22727 -0.00000 0.00005 -0.00000 -0.00000 -0.00000 0.32438 0.00072 0.07642 -0.00000 0.00000 0.00000 0.00000 -0.00000 0.00000 0.00012 -0.00000
0.00000 0.00000 0.00014 0.00293 -0.00000 0.00000 -0.00009 -0.00000 0.00534 -0.00082 0.00000 -0.00000 0.00000 -0.00000 -0.00000 0.00013 0.31218 -0.00014 0.08519 -0.00000 -0.14831 -0.00000 -0.00043 0.00003 -0.84406 -0.02391 0.00000 0.00000 -0.00000 -0.00000
-0.29693 -0.00000 -0.00022 -0.00004 0.00000 -0.00000 -0.00001 0.00000 -0.00008 -0.16816 -0.00000 -0.00000 -0.59073 0.00000 0.00000 0.00000 -0.01041 0.00000 -0.00201 0.00000 -0.92036 0.00000 0.00000 -0.00000 0.05981 0.00042 -0.00000 -0.28675 0.00000 0.00000
-0.00001 -0.00228 0.00074 -0.00000 0.04616 -0.00024 0.00174 -0.44215 -0.00000 0.00729 -0.17591 0.31653 -0.00011 0.20524 0.00000 0.00005 -0.00000 0.00000 -0.00000 0.19287 0.00028 0.00419 0.00000 -0.00000 0.00000 0.00000 0.15819 -0.00000 0.00061 0.00000
