0.00000 0.00000 -0.26568 -0.00000 -0.00027 -0.05439 -0.02437 -0.02796 0.00878 -0.00189 -0.02014 -0.13938 -0.00000 0.00000 -0.02217 -0.07164 -0.02342 0.01177 -0.00002 0.00000 -0.33536 -0.00225 -0.00000 0.10098 -0.00000 -0.00001 -0.04381 -0.12936 -0.00114 0.04405
-0.32207 0.00000 -0.21455 -0.74764 -0.00002 -0.32013 -0.30049 -0.13469 -0.01323 -0.00010 -0.00003 -0.16454 -0.00000 -0.00000 -0.18080 -0.24846 -0.08079 0.04694 -0.00000 0.00000 -0.02482 0.02637 -0.00000 0.81486 -0.00000 -0.00001 -0.14708 -0.00352 -0.04180 0.54304
-0.00000 0.00000 0.00000 0.00000 -0.00072 -0.04186 -0.03733 -0.00980 0.00336 -0.00468 -0.04353 -0.12928 -0.00001 -0.00000 -0.01746 -0.03209 -0.01609 0.01139 -0.00003 -0.00000 -0.43464 0.00059 -0.00000 0.15344 -0.00001 -0.00004 -0.05297 -0.23334 -0.00396 0.03972
-0.37122 0.00000 -0.30461 -0.00000 -0.00001 -0.32237 -0.32275 -0.14000 -0.01264 -0.00062 -0.00408 -0.21956 -0.00000 0.00000 -0.19262 -0.25611 -0.07530 0.02310 -0.00001 0.00000 -0.10185 -0.03094 0.00000 0.82052 0.00000 -0.00001 -0.17518 -0.02903 -0.02025 0.51557
-0.00001 0.00018 0.00001 0.00001 -0.00000 -0.07718 -0.04573 -0.03863 -0.00111 -0.00000 -0.00000 -0.00001 0.01013 -0.00887 0.19402 -0.05265 -0.04141 0.01346 -0.33891 -0.00067 -0.00000 0.00640 -0.00044 0.16257 -0.10710 -0.59616 -0.08091 -0.00000 -0.01417 0.09020
-0.00000 0.00000 0.00000 -0.00000 -0.00000 0.00000 0.00001 -0.06750 -0.03082 -0.00000 -0.00000 0.00007 -0.00000 0.00000 -0.08973 -0.06380 -0.04042 0.01554 -0.00000 0.00000 0.00000 0.00432 -0.00000 -0.87397 -0.00000 0.00000 -0.08899 0.00000 -0.24979 -0.48431
0.00000 0.00000 0.00000 -0.00000 -0.00001 -0.04540 0.00000 -0.05243 -0.00891 -0.00001 0.00001 0.00000 -0.00000 0.00000 -0.04703 1.55964 -0.02655 0.00488 -0.00000 0.00000 0.00001 -0.00492 -0.00000 0.19466 -0.00000 0.00001 -0.05618 -0.00000 -0.01632 0.03655
0.00000 0.00000 -0.00000 -0.00000 -0.00000 -0.00000 0.00000 0.00000 0.00003 -0.00000 0.00000 0.00000 -0.00000 0.00000 -0.01059 0.00038 0.00000 0.00000 -0.00000 0.00000 -0.00000 0.00000 0.00000 0.00000 -0.00000 -0.00000 -0.00000 -0.00000 -0.00000 0.00001
-0.00000 0.00000 -0.00000 0.00000 -0.00000 -0.00000 0.00001 -0.01342 0.00000 -0.00002 0.00000 0.00000 -0.00000 0.00000 -0.03811 0.00001 -0.01514 -0.00000 -0.00000 -0.00000 -0.00001 0.00000 -0.00000 0.00000 0.00000 -0.00000 -0.03993 -0.00000 0.00000 0.00000
0.00000 -0.00001 0.00000 -0.00002 -0.72850 -0.07704 -0.04860 -0.03321 0.00144 -0.00000 -0.00000 0.00000 0.00132 -0.00072 -1.22032 -0.06638 -0.04340 0.00642 -0.05438 -0.00007 -0.00000 0.00600 -0.00006 0.17722 -0.01202 -0.28495 -0.03765 0.00000 -0.01844 0.04285
-0.00000 0.00001 0.00000 -0.00000 -0.15102 -0.03864 -0.01822 0.09132 0.01362 -0.60556 0.00000 0.00000 0.00011 -0.00009 -0.17353 -0.03320 0.58390 0.02054 -0.00576 -0.00010 0.00000 0.00586 -0.00002 0.08495 -0.00133 -0.03259 1.41729 -0.00000 0.00092 0.11460
-0.00000 0.00000 -0.00000 -0.00000 -0.00072 0.01010 0.42283 0.01802 0.01476 -0.00772 -0.05537 0.00000 -0.00000 -0.00000 0.01302 0.08174 0.00535 -0.00473 -0.00012 0.00000 0.00000 0.00632 -0.00000 -0.04384 -0.00002 -0.00012 0.05309 -0.00000 0.00222 -0.03541
-0.01102 0.23730 -0.00669 -0.00931 -0.00000 -0.09950 -0.05794 -1.03406 -0.00358 -0.00001 -0.00006 -0.00336 0.00000 -0.00000 -0.06906 -0.09718 -0.03428 0.05719 -0.00000 -0.30094 -0.00087 -0.03177 -0.28564 0.24725 -0.00000 -0.00000 -0.08878 -0.00017 -0.03022 0.16754
-0.00830 0.39334 -0.00444 -0.01635 -0.00000 -0.20752 -0.12735 -0.79504 0.04506 -0.00000 -0.00002 -0.00687 -1.43842 0.00000 -0.16490 -0.22488 -0.09558 -0.36272 -0.00000 -0.59734 -0.00055 0.13790 -0.56809 0.53468 0.00000 0.00000 -0.20584 -0.00006 0.03471 -0.10634
0.00000 0.00000 0.00000 -0.00000 -0.00000 -0.00000 0.00000 -0.00003 0.00002 -0.00000 -0.00000 0.00001 -0.00000 0.00000 -0.00000 -0.00001 -0.00000 -0.00000 0.00000 0.00000 -0.00000 0.00000 -0.00000 0.00000 0.00000 -0.00000 -0.00002 0.00000 0.00000 -0.00000
0.00000 0.00000 0.00000 -0.00000 -0.00000 -0.00000 0.00000 -0.00056 0.00008 -0.00000 -0.00000 0.00000 0.00000 0.00000 0.00228 0.00000 0.00066 -0.00021 -0.00000 0.00000 0.00000 -0.00778 -0.00000 0.00000 -0.00000 0.00000 -0.00665 0.00000 0.00759 0.07327
-0.00001 0.00000 0.00000 -0.00000 -0.00001 -0.00000 -0.00000 2.15418 0.00002 -0.00001 -0.00000 -0.00000 -0.00000 -0.00000 -0.05426 0.00047 0.00000 -0.00000 -0.00000 0.00000 -0.00000 0.00000 0.00000 0.00001 -0.00000 -0.00000 -0.00000 -0.00000 0.00000 0.00001
-0.00000 0.00000 0.00000 0.00000 -0.00000 -0.00000 0.00001 -0.07830 -1.73395 -0.00001 0.00000 0.00006 -0.00000 -0.00000 -0.14672 0.00002 -0.06216 -0.00000 -0.00000 -0.00000 -0.00000 -0.00000 0.00000 0.00000 -0.00000 -0.00000 -0.19973 -0.00000 0.00000 0.00000
-0.00040 0.00961 -0.00040 -0.00025 -0.00000 -0.05427 -0.04912 -0.09677 -0.05490 -0.00000 -0.00000 -0.00010 0.18546 -0.27565 -0.20282 -0.70580 -0.09166 0.05151 -0.00000 -0.02767 -0.00001 -0.02125 -0.01659 -1.42736 -0.46082 0.00000 -0.24584 0.00001 -0.48423 -0.85333
-0.12733 -0.35216 -0.07046 -0.29931 -0.00001 -0.15413 -0.13418 -0.06311 -0.01338 -0.00004 -0.00009 -0.05411 -0.00000 0.00000 -0.08641 -0.10349 -0.03855 0.01187 -0.00000 0.00000 -0.00858 0.01232 0.00000 0.36427 0.00000 -0.00000 -0.06919 -0.00156 -0.01532 0.21463
-0.00000 0.00000 -0.00000 -0.00000 -0.00484 -0.05199 -0.03850 -0.01749 0.00498 -0.05233 -0.31471 -0.07005 -0.00001 -0.00001 -0.04973 -0.02517 -0.02053 0.00133 -0.00021 -0.00001 0.00000 -0.01913 -0.00000 0.13062 -0.00007 -0.00135 -0.06548 -0.51398 -0.00248 0.02363
-0.00001 0.00000 0.00000 -0.00000 -0.00001 -0.00000 0.00001 -0.08798 -0.02010 -0.00003 -0.00000 0.00004 -0.00000 -0.00000 1.82330 0.00001 -0.05473 -0.56591 0.00000 -0.00000 -0.00001 0.00000 -0.00000 0.00000 -0.00000 -0.00000 -0.14371 -0.00000 0.00000 0.00000
-0.08541 -1.27999 -0.05110 0.15281 -0.00001 -0.10597 -0.04917 -0.12463 -0.00553 -0.00004 -0.00010 -0.03353 -0.00000 -0.00000 0.32184 -0.09104 -0.09240 -0.02063 -0.00000 0.08232 -0.00895 -0.74354 0.00000 0.22871 0.00000 -0.00000 -0.10214 -0.00212 0.18550 -1.18207
0.00000 0.00000 -0.00000 -0.00000 -0.00000 -0.00000 0.00000 -0.06218 -0.03086 -0.00000 -0.00000 0.00000 -0.00000 -0.00000 -0.10817 -0.08821 -0.05163 0.02710 -0.00000 -0.00000 -0.00000 -0.00172 -0.00000 0.00000 -0.00000 0.00000 -0.11214 -0.00000 -0.30766 -0.62217
-0.00097 0.04012 -0.00064 -0.00145 -0.00000 -0.04767 -0.03676 -0.15299 -0.00223 -0.00000 -0.00000 -0.00060 0.24575 -0.57326 -0.21957 -0.32130 -0.10406 0.06539 -0.00000 -0.07724 -0.00006 0.00668 -0.05604 -2.94743 0.00000 0.00000 -0.23385 0.00002 -0.12479 0.32054
-0.00011 0.00177 -0.00002 -0.00018 -0.00000 -0.05744 -0.03878 -0.01593 0.02699 -0.00000 -0.00000 -0.00027 0.05288 -0.05389 -0.02069 -0.04635 -0.02424 0.01288 -0.51462 -0.00321 0.00000 -0.00826 -0.00245 0.11899 -0.33923 0.00000 -0.02911 0.00000 -0.01205 0.06366
-0.00000 0.00000 0.00000 0.00000 -0.00000 -0.00000 0.00000 -0.07834 0.00001 -0.00000 0.00000 -0.00000 -0.00000 0.00000 -0.03244 -0.00000 -0.41525 -0.00000 -0.00000 0.00000 -0.00000 0.00000 0.00000 0.00000 0.00000 -0.00000 0.00000 0.00000 0.00000 0.00000
-0.00000 0.00000 0.00000 -0.00000 -0.02544 0.81972 -0.03060 -0.00259 -0.01747 -0.22901 -0.47523 -0.11572 0.00001 -0.00004 -0.02191 -0.03869 -0.03013 0.00920 -0.00057 -0.00002 -0.00000 -0.00038 -0.00000 0.22239 -0.00011 -0.00509 -0.04941 0.00000 0.00626 0.07153
-0.00002 0.00000 0.00000 0.00000 -0.00000 -0.00000 0.00000 -0.07392 0.88627 -0.00001 -0.00001 0.00004 -0.00000 0.00000 -0.14997 0.00001 -0.06341 -0.84945 -0.00000 -0.00000 -0.00000 -0.61571 -0.00000 -0.00000 0.00000 0.00000 -0.18576 0.00000 0.00000 0.00000
0.00000 0.00000 0.00000 -0.00000 -0.00000 -0.00000 0.00000 0.02119 0.01837 -0.00000 -0.00000 0.00000 -0.00000 0.00000 0.04421 0.00000 0.01887 0.46913 -0.00000 0.00000 0.00000 0.33129 -0.00000 -0.00000 0.00000 -0.00000 0.06598 0.00000 0.17491 0.00000
