0.00018 -0.27898 -0.01666 -0.03724 -0.37333 -0.25969 -0.01052 -0.00937 -0.10623 -0.05284 -0.05332 -0.08211 -0.00914 -0.00872 -0.39473 -0.29104 -0.02125 0.01475 -0.00010 0.01213 -0.20060 -0.13145 -0.11217 -0.01516 0.00454 -0.46111 -0.33937 0.00393 -0.01484 0.00251
-0.00205 -0.00184 0.00471 0.55229 0.28203 0.00048 0.00262 -0.00062 -0.02511 0.03488 0.00098 0.00152 0.01341 0.00248 0.01111 0.15693 0.02207 -0.00686 0.00390 0.02964 -0.01826 -0.01044 0.02308 -0.00306 0.01471 0.04692 0.02781 -0.00894 0.19393 -0.00543
-0.00863 -0.28199 -0.00184 -0.32046 -0.12526 -0.01039 -0.49498 -0.55121 -0.01142 -0.17711 -0.00109 -0.14708 -0.55218 -0.18753 0.00150 -0.06893 -0.02280 -0.02019 -0.00878 -0.08236 0.00632 0.01696 -0.01462 -0.26583 -0.52168 -0.02577 -0.03652 -0.01759 -0.18255 -0.08924
0.00855 0.00121 0.00640 0.00019 0.10463 0.00324 0.00974 -0.00262 0.01874 0.16211 0.00139 0.00303 0.01489 -0.00141 0.00592 0.10260 0.00497 -0.00458 -0.00433 0.00356 -0.03219 -0.00199 -0.00189 0.00937 0.07479 0.03039 0.00455 -0.01736 0.14457 -0.00881
0.00013 0.00471 0.01923 -0.00306 -0.00093 0.00237 0.00145 0.00492 -0.05905 0.02901 0.01732 -0.03203 0.00494 -0.00360 0.01356 -0.00115 0.00640 -0.00158 0.00200 0.00206 -0.01780 0.00280 -0.00560 -0.00203 0.01456 -0.01775 -0.00030 -0.00607 0.00177 -0.00515
0.00623 -0.36397 -0.10906 -0.23286 -0.15116 -0.00094 -0.02304 -0.01269 -0.34886 -0.47031 -0.23439 -0.11557 -0.07287 -0.00647 -0.00013 -0.44765 -0.02073 0.03092 -0.00309 0.00246 -0.35223 -0.41511 -0.21351 -0.01266 -0.06297 -0.04827 -0.03319 0.01322 -0.11664 0.02375
-0.06127 -0.24830 0.00119 -0.00065 -0.26357 -0.01327 -0.00106 -0.00504 0.00605 -0.11541 0.00213 -0.00051 -0.67567 -0.40310 -0.00754 -0.09620 -0.05938 -0.21476 -0.09530 -0.11269 -0.00877 0.00916 -0.01669 -0.56883 0.01164 -0.17864 -0.13150 -0.11386 -0.01709 -0.27689
-0.04316 -0.07219 -0.00209 -0.22820 -0.02828 -0.00734 -0.39282 -0.00114 0.00192 -0.06898 -0.00035 -0.00088 -0.28732 -0.25627 -0.00036 -0.00993 -0.04206 -0.13094 -0.02002 -0.09050 0.00200 0.00924 -0.01607 -0.21991 -0.53767 -0.04950 -0.02879 -0.07352 -0.00915 -0.16358
-0.00123 -0.01192 -0.16312 -0.15626 -0.02525 0.00325 -0.03388 -0.11414 -0.00155 -0.26378 -0.31011 -0.43707 -0.05773 -0.00541 -0.00703 -0.00352 -0.01620 0.00058 0.00161 0.03281 -0.00224 0.00737 -0.01989 -0.03973 -0.19294 -0.05138 -0.01688 0.01138 -0.53565 0.00562
0.00767 0.03294 0.00785 -0.00830 0.06477 -0.00349 0.00360 -0.00425 -0.01941 0.00138 0.00200 -0.02632 0.01932 0.00465 0.00159 0.02767 0.02032 0.00287 -0.00339 -0.00296 0.00149 -0.00471 0.00690 0.01316 -0.00749 0.01348 -0.00995 -0.00879 -0.00332 0.00478
-0.00124 -0.29468 -0.56971 -0.27586 -0.06768 -0.00429 -0.23018 -0.37811 0.01525 -0.22115 0.00064 -0.48705 -0.27003 -0.07660 0.00447 -0.01834 -0.01254 -0.02344 -0.00108 -0.00719 0.00291 0.00698 -0.01397 -0.16393 -0.42642 -0.10191 -0.02564 -0.00686 -0.31083 -0.03329
-0.00816 -0.08065 -0.01392 -0.10815 -0.01143 -0.00082 -0.06602 -0.05517 -0.00423 -0.12737 -0.00304 0.00055 -0.04938 -0.03583 0.00553 -0.01674 -0.00191 -0.01117 0.00258 -0.01480 0.00680 0.01384 -0.02390 -0.05070 -0.21709 -0.03034 -0.00429 0.00576 -0.42290 -0.00343
0.07697 -0.09022 0.00128 0.01784 -0.15918 -0.00686 0.00016 -0.00398 -0.00281 -0.09652 -0.00410 0.01494 -0.00104 -0.19958 0.01128 -0.11031 -0.00233 -0.03379 -0.06937 0.02404 -0.00818 0.03660 -0.02580 -0.20982 -0.02422 -0.27360 -0.07214 -0.09289 -0.05558 -0.18557
-0.18414 -0.23304 -0.00848 -0.31653 -0.25363 -0.03758 -0.00225 0.00942 -0.03882 -0.05543 -0.00263 -0.00355 0.00251 -0.00172 -0.08441 -0.07864 -0.23931 -0.41002 -0.20410 -0.47228 -0.02210 -0.01637 -0.02575 0.00201 0.00390 -0.02182 -0.08961 -0.39898 -0.06061 -0.45789
0.00184 -0.33394 -0.08154 -0.35574 -0.24844 -0.55129 -0.00030 -0.01592 -0.21340 -0.25601 -0.14686 -0.09233 -0.01908 -0.00479 -0.00055 -0.41554 -0.01861 0.00671 -0.00024 0.00711 -0.35043 -0.47011 -0.17684 -0.00879 -0.05703 -0.00511 -0.01820 0.00393 -0.06513 0.01041
0.00161 -0.00453 0.01869 -0.01410 -0.20291 -0.00053 0.00524 -0.00982 -0.16784 -0.06437 0.01628 -0.07877 0.00295 0.00174 -0.00224 -0.00091 -0.00129 -0.00170 0.00155 0.00344 -0.07207 -0.01092 0.01193 0.00128 0.01990 -0.13239 -0.00627 -0.00760 0.01233 -0.01297
-0.18278 -0.11674 -0.02745 0.00839 -0.42652 -0.17370 -0.00688 -0.00832 -0.19079 -0.02628 -0.06065 -0.00796 -0.01996 0.00303 -0.18260 -0.38291 0.00083 -0.00164 -0.01200 -0.02018 -0.06556 -0.07117 -0.12191 -0.02078 -0.03903 -0.26168 -0.55236 0.00474 -0.04943 0.00406
-0.22030 -0.22935 -0.01754 -0.24815 -0.13872 -0.07204 0.00600 -0.00014 -0.00215 -0.25750 -0.01904 -0.00458 -0.01217 0.00088 -0.13973 0.01227 -0.29610 -0.00207 -0.22905 -0.45681 -0.03863 -0.04792 -0.05959 0.00012 -0.00958 -0.09932 -0.07491 -0.36898 -0.01330 0.00442
-0.23881 -0.22997 -0.01218 0.00966 -0.27929 -0.07810 -0.00536 0.00100 -0.07963 -0.01997 -0.02751 0.06203 -0.01370 -0.00035 -0.20096 -0.22042 -0.33752 0.01120 -0.00129 -0.00276 -0.04423 -0.04527 -0.16040 -0.00225 -0.01252 -0.13919 -0.46502 -0.00164 -0.07155 0.00733
-0.10402 -0.03189 -0.01758 -0.18573 -0.24755 0.01673 -0.00086 -0.00184 -0.05105 -0.07395 0.00347 0.03972 -0.00784 0.00056 -0.08173 -0.07185 -0.17870 0.00358 -0.12801 -0.00008 0.02283 -0.01363 -0.05747 0.00131 -0.04638 0.20040 -0.05305 -0.00211 0.03117 -0.00235
0.00868 -0.21378 -0.15733 -0.14934 0.03791 0.00173 -0.03577 -0.11611 -0.29582 -0.43449 -0.30196 -0.22256 -0.07088 -0.00996 -0.00112 0.00935 -0.01980 0.01326 0.00328 -0.00916 0.00081 -0.00294 -0.29233 -0.02652 -0.14680 -0.10610 -0.01323 0.01067 -0.23270 0.02286
0.00312 -0.12736 -0.10410 -0.55552 -0.09894 0.00206 -0.03917 -0.05980 -0.10460 -0.07868 -0.13098 0.06648 -0.02752 -0.00674 -0.00483 -0.01251 -0.03387 0.02106 -0.00072 0.02318 -0.30340 0.00066 -0.41565 -0.02395 -0.04285 0.00130 -0.01469 0.01857 0.01237 0.02541
-0.01128 -0.28157 -0.20902 -0.18550 -0.08157 -0.00117 -0.05864 -0.08260 -0.20455 -0.04998 -0.15234 0.12359 -0.00004 -0.01530 0.00634 -0.02500 -0.01967 0.01555 -0.00375 0.00241 0.00969 0.00629 -0.00201 -0.03602 -0.16951 0.00326 -0.01054 0.01487 -0.18698 0.01806
-0.05725 -0.21756 -0.00769 -0.02280 -0.06005 -0.01068 -0.00759 0.00567 -0.01092 0.00213 -0.00303 0.01601 0.00766 -0.32295 -0.02162 -0.08553 -0.06665 -0.15532 -0.10737 -0.19996 -0.00143 0.00716 -0.02305 -0.00184 0.00482 -0.33152 -0.08591 -0.12576 -0.09045 -0.21013
0.00355 0.01162 -0.00197 -0.01595 0.01843 0.00005 -0.05427 -0.00392 0.00112 -0.10570 0.00209 -0.00890 -0.00133 -0.01741 0.01538 0.01066 -0.00377 -0.02134 -0.05219 0.00255 -0.00577 0.00178 -0.00230 -0.12634 -0.00023 0.08578 -0.02845 -0.07671 0.00652 0.04317
0.00040 0.01368 -0.01497 0.03049 0.00390 -0.00744 -0.00194 0.00323 0.00011 -0.05618 0.00094 -0.02876 0.00734 -0.00885 -0.01341 -0.00365 0.00619 0.00210 0.00152 -0.00166 -0.02618 -0.00412 -0.05982 0.00615 -0.00825 0.00034 0.00167 -0.00471 -0.06483 -0.00708
0.00644 0.01026 -0.01606 0.07599 -0.14096 -0.08002 0.00832 -0.00398 -0.09124 -0.17723 -0.00710 -0.04632 -0.01867 0.00247 -0.08539 -0.30543 0.00373 0.00446 0.00131 0.00887 -0.10915 -0.04946 -0.00425 -0.01667 -0.00951 -0.52366 0.00032 -0.00430 -0.19865 -0.00095
-0.17612 -0.22598 -0.01228 -0.11397 -0.19701 -0.10759 0.00287 -0.00053 -0.08369 -0.21390 -0.01679 -0.03706 -0.00419 0.00222 -0.20010 -0.12014 -0.23292 -0.00219 -0.34987 -0.36729 -0.10168 -0.03322 -0.05791 0.00225 0.00734 -0.04966 -0.19012 -0.00040 -0.03524 0.00398
-0.01635 -0.00503 0.00836 -0.01110 0.07826 0.00857 0.01717 -0.01506 0.00164 -0.09557 -0.00326 0.00569 0.02877 0.00030 0.00996 0.01734 0.03268 -0.02702 0.01646 0.00499 -0.00288 -0.00535 0.00570 0.01141 -0.04133 -0.00024 -0.00758 -0.00752 -0.00132 -0.00667
-0.25041 -0.35837 -0.01081 -0.20929 -0.00038 -0.06536 -0.00164 0.00241 -0.02709 -0.09925 -0.01299 0.00125 0.00679 0.00002 -0.08865 0.02878 -0.25254 -0.36517 -0.35312 -0.43225 -0.03865 -0.05338 -0.04885 0.00722 -0.00215 -0.00224 -0.16716 -0.33493 -0.01002 -0.00001
