0.00000 -0.92577 0.30930 0.00000 0.00000 0.00000 0.00000 0.00000 0.70172 -0.32746
0.00000 0.00000 0.00000 0.00000 0.00000 0.00000 0.00000 0.00000 0.00000 0.00000
0.00000 -0.42107 0.00000 0.00000 0.72688 0.00000 0.00000 0.00000 -0.39094 -0.88497
0.00000 0.00000 0.00000 0.00000 0.00000 0.00000 0.00000 0.00000 0.00000 0.00000
0.00000 0.00000 0.00000 0.00000 0.00000 0.00000 0.00000 0.37522 0.00000 0.00000
0.00000 0.00000 0.58351 0.00000 0.00000 0.00000 -0.42535 -0.62596 -0.70156 -0.33324
0.00000 0.00000 0.00000 0.00000 0.00000 0.00000 0.00000 0.00000 0.00000 0.00000
0.00000 0.00000 0.00000 0.00000 0.00000 0.00000 1.01224 0.00000 0.00000 0.00000
0.00000 0.00000 0.00000 0.00000 0.00000 0.00000 0.00000 0.00000 0.00000 0.00000
0.00000 0.35131 0.00000 0.00000 0.00000 0.00000 0.00000 0.00000 0.00000 0.00000
