-0.00000 -0.66220 0.16684 0.00000 0.03592 0.00001 -0.00249 0.00003 0.45228 -0.08996
0.00000 0.00000 0.00000 0.00008 -0.00004 -0.00001 -0.00986 0.00006 -0.16765 0.00000
-0.00003 -0.33109 0.00000 -0.00007 0.24206 0.00001 -0.03289 -0.00006 -0.14747 -0.69865
-0.04308 -0.01014 0.04214 0.00000 0.03198 0.00032 -0.01361 0.00103 0.00477 -0.00392
-0.00040 -0.08140 0.00000 -0.00012 0.00000 0.00001 -0.00008 -0.00023 0.00866 -0.00001
-0.18134 0.15604 0.18913 -0.00702 0.03794 -0.00000 -0.04602 -0.00497 -0.65476 -0.12106
-0.00199 -0.00006 0.00026 0.00035 0.03939 -0.00000 0.00000 -0.00000 0.00006 -0.00051
-0.06924 -0.01303 0.03527 0.00011 0.02354 0.00082 0.71405 0.00000 0.01409 -0.00996
-0.00000 -0.00000 -0.00000 0.00010 0.00083 -0.00000 -0.02140 0.00002 -0.00000 0.00001
0.00001 0.40537 0.00000 0.00038 -0.12130 -0.00000 -0.01167 0.00018 0.00610 0.00000
