-0.00000 -0.00063 -0.00393 0.00017 -0.00022 0.00017 -0.00018 -0.00043 -0.04082 0.00062 0.42790 0.08246 0.00005 -0.00009 0.00004 0.03313 -0.04369 -0.00133 0.00109 -0.00001
-0.00044 0.00000 0.00011 -0.00010 -0.00078 -0.00078 0.00003 0.00079 0.00011 0.00000 -0.00032 -0.00130 0.00079 0.00028 -0.00068 0.00097 0.00017 -0.00025 -0.00018 -0.00016
-0.00725 -0.00007 -0.00000 -0.00166 0.00151 -0.00059 -0.00103 0.00107 -0.00005 -0.00056 -0.00155 0.62545 0.00035 0.00050 0.00054 0.00027 0.27497 -0.00141 0.00021 -0.00012
0.00089 0.00018 -0.00071 -0.00000 0.02662 -0.00064 -0.00060 -0.68364 -0.00061 -0.00005 0.00154 0.00024 -0.00015 0.00009 0.03482 -0.00031 -0.00011 -0.10049 -0.00040 -0.00002
0.00020 -0.00084 0.00050 -0.00005 0.00000 0.00136 -0.00003 -0.00076 0.00004 0.00146 -0.00220 0.00084 0.00016 -0.00027 -0.00002 0.00112 0.00271 -0.29913 -0.00027 -0.00000
0.00009 -0.00062 -0.00212 0.00088 0.00123 -0.00000 -0.00001 -0.00192 0.00008 -0.00020 -0.00010 -0.00052 0.00018 0.00021 0.00077 0.00004 -0.00016 0.00005 -0.00121 0.00040
0.00024 -0.00008 -0.00058 -0.00009 -0.00024 -0.00033 0.00000 -0.00010 -0.00074 0.00048 -0.00090 0.00008 0.00022 0.00160 0.00319 0.00006 -0.00022 0.00011 -0.00018 0.00057
-0.00103 0.00087 0.00111 0.00000 -0.02493 -0.00047 -0.00099 0.00000 0.00004 -0.00059 -0.00201 -0.00035 0.00016 -0.00071 0.00002 0.00173 0.00043 -0.94450 0.00024 0.00039
0.00006 0.00028 0.00071 0.00001 -0.00020 0.00045 -0.00034 0.00030 0.00000 0.00155 0.00000 -0.02154 0.00038 0.00025 -0.00039 -0.00001 0.01824 0.00501 -0.00167 -0.00137
-0.00245 0.00029 -0.00048 -0.00031 0.00206 -0.00018 0.00047 0.00094 0.00192 0.00000 -0.00223 0.00009 -0.00049 0.00046 0.00280 -0.00188 -0.00006 -0.00074 0.00118 0.00069
-0.00001 -0.00004 -0.00094 0.00117 -0.00003 -0.00006 -0.00003 -0.00384 -0.60891 0.00013 -0.00000 0.04370 -0.00042 -0.00045 -0.00000 0.68911 -0.00593 0.00005 0.00020 0.00095
-0.00022 0.00009 -0.00000 -0.00308 0.00033 -0.00179 -0.00077 -0.00305 0.00024 -0.00036 -0.00037 -0.00000 -0.00000 -0.03376 -0.00097 -0.00005 0.40820 -0.00190 -0.00019 -0.00028
0.00019 0.00106 0.00194 0.00053 0.00000 0.00001 0.00027 -0.00017 0.00012 -0.00065 0.00047 0.00036 -0.00000 0.00051 -0.00000 0.00091 0.00084 0.00021 0.00069 -0.00018
-0.00051 0.00026 0.00091 0.00050 -0.00029 0.00015 0.00177 -0.00041 0.00022 0.00009 -0.00052 0.00040 0.00048 -0.00000 0.00037 -0.00053 -0.00040 0.00012 0.00019 0.00031
0.00008 -0.00100 -0.00018 -0.00034 0.51329 0.00147 0.00016 -0.28305 0.00001 0.00104 0.00044 -0.00045 0.00028 0.00012 -0.00000 0.00020 -0.00020 -0.77786 -0.00056 -0.00063
-0.00006 0.00020 -0.00130 -0.00564 0.00022 0.00000 -0.00019 0.00146 -0.14872 -0.00095 -0.00000 0.00254 0.00042 -0.00057 0.00128 0.00000 -0.00391 -0.00037 0.00084 0.00018
-0.00020 0.00059 -0.00003 -0.00300 0.00187 -0.00028 -0.00047 0.00105 -0.00000 0.00013 0.00026 0.00000 0.00074 -0.01477 0.00089 -0.00000 0.00000 -0.00463 0.00087 -0.00074
-0.00008 -0.00481 -0.00117 -0.00002 -0.00001 0.00021 -0.00000 -0.00000 0.00141 -0.00104 -0.00003 0.00096 -0.00039 -0.00012 0.00001 -0.00326 -0.00284 0.00001 -0.00042 -0.00139
0.00222 -0.00024 -0.00069 -0.00159 -0.00023 -0.00155 0.00010 0.00118 -0.00154 0.00115 0.00068 -0.00001 0.00035 -0.00022 -0.00062 0.00004 0.00035 0.00012 -0.00000 0.00049
0.00227 -0.00019 -0.00011 -0.00262 -0.00065 0.00028 0.00049 0.00200 -0.00141 0.00070 0.00280 -0.00026 -0.00037 0.00015 -0.00104 0.00059 -0.00009 -0.00140 0.00043 -0.00000
