1.000 -1.001 -1.082 -0.889 -1.014 -0.951 -1.082 -0.995 -0.826 -0.967 -1.036 -0.959 -1.005 -1.029 -0.980 -1.050 -0.953 -1.100 -1.058 -0.957 -1.015 -0.978 -1.007 -1.000 -0.993 -0.961 -1.006 -0.852 -1.004 -1.018 -0.963 -0.984 -0.896 -1.189 -0.993 -1.047 -1.004 -1.091 -0.919 -0.995 -1.004 -1.011 -0.975 -1.061 -0.945 -0.995 -1.085 -1.003 -0.982 -1.078
-1.001 2.002 1.072 0.871 0.989 0.926 1.072 0.970 0.818 0.942 1.012 0.945 0.980 1.004 0.955 1.037 0.931 1.083 1.034 0.932 0.992 0.953 0.983 0.978 0.969 0.936 0.985 0.839 0.981 0.995 0.949 0.959 0.876 1.181 0.968 1.027 0.980 1.069 0.898 0.970 0.979 0.986 0.950 1.037 0.931 0.975 1.072 0.983 0.958 1.058
-1.082 1.072 2.171 0.966 1.096 1.029 1.164 1.076 0.896 1.046 1.120 1.038 1.087 1.112 1.060 1.134 1.034 1.187 1.144 1.035 1.099 1.058 1.090 1.084 1.074 1.039 1.090 0.925 1.088 1.103 1.043 1.064 0.973 1.274 1.074 1.133 1.087 1.180 0.996 1.076 1.085 1.093 1.054 1.147 1.027 1.079 1.170 1.087 1.063 1.166
-0.889 0.871 0.966 1.790 0.896 0.842 0.978 0.880 0.753 0.856 0.916 0.863 0.889 0.909 0.867 0.943 0.849 0.983 0.937 0.847 0.900 0.865 0.892 0.889 0.879 0.850 0.895 0.770 0.891 0.903 0.866 0.870 0.800 1.074 0.878 0.933 0.890 0.968 0.820 0.880 0.888 0.894 0.863 0.938 0.848 0.886 0.973 0.893 0.870 0.960
-1.014 0.989 1.096 0.896 2.028 0.960 1.091 1.004 0.834 0.976 1.046 0.968 1.014 1.039 0.989 1.060 0.963 1.110 1.068 0.966 1.025 0.987 1.017 1.010 1.003 0.970 1.016 0.860 1.014 1.028 0.972 0.993 0.905 1.198 1.002 1.058 1.013 1.101 0.927 1.005 1.013 1.020 0.984 1.071 0.955 1.005 1.094 1.013 0.992 1.089
-0.951 0.926 1.029 0.842 0.960 1.905 1.029 0.946 0.788 0.920 0.985 0.913 0.956 0.979 0.932 0.999 0.907 1.046 1.006 0.910 0.966 0.930 0.958 0.952 0.945 0.914 0.957 0.812 0.955 0.969 0.916 0.936 0.853 1.129 0.944 0.997 0.955 1.038 0.874 0.947 0.954 0.961 0.927 1.009 0.900 0.947 1.031 0.954 0.935 1.026
-1.082 1.072 1.164 0.978 1.091 1.029 2.171 1.123 0.916 1.094 1.167 1.072 1.134 1.159 1.108 1.168 1.078 1.229 1.190 1.083 1.144 1.106 1.137 1.129 1.122 1.088 1.134 0.956 1.132 1.147 1.076 1.111 1.014 1.310 1.121 1.180 1.132 1.225 1.041 1.124 1.133 1.140 1.102 1.193 1.055 1.120 1.206 1.129 1.110 1.213
-0.995 0.970 1.076 0.880 1.004 0.946 1.123 1.993 0.819 0.960 1.027 0.951 0.997 1.020 0.973 1.043 0.947 1.092 1.049 0.950 1.007 0.971 1.000 0.993 0.986 0.954 0.998 0.846 0.996 1.010 0.955 0.976 0.890 1.185 0.985 1.041 0.995 1.082 0.913 0.987 0.996 1.003 0.968 1.052 0.936 0.987 1.078 0.995 0.975 1.071
-0.826 0.818 0.896 0.753 0.834 0.788 0.916 0.819 1.683 0.790 0.844 0.776 0.819 0.838 0.800 0.849 0.775 0.888 0.859 0.782 0.825 0.799 0.821 0.812 0.810 0.786 0.814 0.692 0.816 0.826 0.778 0.803 0.728 0.966 0.810 0.848 0.816 0.883 0.747 0.812 0.819 0.824 0.796 0.863 0.763 0.804 0.877 0.811 0.802 0.873
-0.967 0.942 1.046 0.856 0.976 0.920 1.094 0.960 0.790 1.938 1.005 0.934 0.975 0.998 0.952 1.020 0.928 1.068 1.026 0.929 0.986 0.950 0.978 0.973 0.964 0.934 0.978 0.832 0.975 0.989 0.938 0.955 0.874 1.152 0.964 1.018 0.975 1.058 0.895 0.966 0.974 0.981 0.947 1.028 0.921 0.968 1.054 0.976 0.954 1.047
-1.036 1.012 1.120 0.916 1.046 0.985 1.167 1.027 0.844 1.005 2.077 0.991 1.038 1.062 1.012 1.085 0.984 1.135 1.091 0.988 1.047 1.010 1.040 1.032 1.025 0.992 1.038 0.882 1.036 1.050 0.995 1.016 0.926 1.227 1.025 1.081 1.036 1.126 0.948 1.028 1.036 1.044 1.007 1.096 0.978 1.027 1.121 1.035 1.014 1.113
-0.959 0.945 1.038 0.863 0.968 0.913 1.072 0.951 0.776 0.934 0.991 1.921 0.969 0.990 0.946 1.032 0.929 1.074 1.020 0.924 0.981 0.944 0.972 0.971 0.959 0.928 0.979 0.850 0.972 0.986 0.951 0.949 0.879 1.170 0.957 1.018 0.971 1.054 0.900 0.960 0.967 0.974 0.941 1.020 0.932 0.971 1.065 0.978 0.948 1.046
-1.005 0.980 1.087 0.889 1.014 0.956 1.134 0.997 0.819 0.975 1.038 0.969 2.013 1.033 0.984 1.030 0.953 1.086 1.059 0.961 1.017 0.982 1.011 1.001 0.997 0.966 1.005 0.835 1.006 1.019 0.946 0.988 0.894 1.150 0.998 1.044 1.006 1.089 0.916 1.000 1.008 1.015 0.980 1.065 0.932 0.992 1.064 0.999 0.987 1.075
-1.029 1.004 1.112 0.909 1.039 0.979 1.159 1.020 0.838 0.998 1.062 0.990 1.033 2.062 1.032 1.096 1.003 1.149 1.112 1.008 1.067 1.030 1.060 1.052 1.046 1.012 1.058 0.895 1.057 1.071 1.008 1.036 0.945 1.234 1.046 1.098 1.057 1.144 0.966 1.048 1.056 1.065 1.027 1.117 0.993 1.046 1.131 1.054 1.035 1.130
-0.980 0.955 1.060 0.867 0.989 0.932 1.108 0.973 0.800 0.952 1.012 0.946 0.984 1.032 1.964 1.028 0.933 1.076 1.036 0.937 0.994 0.957 0.986 0.980 0.973 0.940 0.986 0.837 0.984 0.997 0.944 0.963 0.878 1.165 0.973 1.024 0.984 1.068 0.898 0.975 0.983 0.990 0.954 1.040 0.929 0.976 1.062 0.983 0.962 1.054
-1.050 1.037 1.134 0.943 1.060 0.999 1.168 1.043 0.849 1.020 1.085 1.032 1.030 1.096 1.028 2.106 0.997 1.150 1.102 1.000 1.058 1.021 1.050 1.044 1.036 1.003 1.052 0.912 1.049 1.062 1.019 1.027 0.943 1.255 1.037 1.089 1.049 1.135 0.962 1.039 1.047 1.056 1.018 1.107 1.004 1.043 1.141 1.051 1.025 1.121
-0.953 0.931 1.034 0.849 0.963 0.907 1.078 0.947 0.775 0.928 0.984 0.929 0.953 1.003 0.933 0.997 1.912 1.052 1.009 0.914 0.970 0.934 0.962 0.958 0.949 0.917 0.965 0.826 0.961 0.974 0.928 0.939 0.863 1.136 0.948 1.001 0.960 1.041 0.882 0.950 0.958 0.965 0.931 1.012 0.913 0.956 1.040 0.963 0.938 1.030
-1.100 1.083 1.187 0.983 1.110 1.046 1.229 1.092 0.888 1.068 1.135 1.074 1.086 1.149 1.076 1.150 1.052 2.213 1.185 1.083 1.142 1.104 1.134 1.127 1.120 1.087 1.136 0.975 1.131 1.144 1.087 1.110 1.020 1.341 1.119 1.179 1.131 1.220 1.047 1.122 1.130 1.137 1.101 1.188 1.062 1.122 1.219 1.132 1.108 1.210
-1.058 1.034 1.144 0.937 1.068 1.006 1.190 1.049 0.859 1.026 1.091 1.020 1.059 1.112 1.036 1.102 1.009 1.185 2.122 1.009 1.065 1.031 1.060 1.046 1.046 1.013 1.049 0.848 1.053 1.066 0.969 1.037 0.928 1.166 1.047 1.090 1.054 1.140 0.953 1.049 1.057 1.066 1.028 1.118 0.954 1.032 1.092 1.040 1.035 1.123
-0.957 0.932 1.035 0.847 0.966 0.910 1.083 0.950 0.782 0.929 0.988 0.924 0.961 1.008 0.937 1.000 0.914 1.083 1.009 1.920 0.949 0.915 0.942 0.934 0.929 0.899 0.939 0.791 0.939 0.951 0.896 0.921 0.833 1.117 0.930 0.978 0.939 1.021 0.855 0.932 0.940 0.947 0.912 0.995 0.879 0.928 1.014 0.936 0.919 1.008
-1.015 0.992 1.099 0.900 1.025 0.966 1.144 1.007 0.825 0.986 1.047 0.981 1.017 1.067 0.994 1.058 0.970 1.142 1.065 0.949 2.035 0.995 1.025 1.019 1.011 0.978 1.025 0.869 1.022 1.036 0.982 1.001 0.913 1.213 1.010 1.067 1.022 1.111 0.936 1.013 1.021 1.029 0.992 1.080 0.963 1.014 1.106 1.022 1.000 1.099
-0.978 0.953 1.058 0.865 0.987 0.930 1.106 0.971 0.799 0.950 1.010 0.944 0.982 1.030 0.957 1.021 0.934 1.104 1.031 0.915 0.995 1.962 0.993 0.987 0.979 0.948 0.993 0.839 0.990 1.004 0.948 0.970 0.884 1.169 0.979 1.032 0.990 1.076 0.906 0.982 0.990 0.997 0.961 1.047 0.932 0.982 1.068 0.990 0.969 1.063
-1.007 0.983 1.090 0.892 1.017 0.958 1.137 1.000 0.821 0.978 1.040 0.972 1.011 1.060 0.986 1.050 0.962 1.134 1.060 0.942 1.025 0.993 2.020 1.010 1.005 0.973 1.015 0.848 1.015 1.029 0.962 0.996 0.901 1.182 1.006 1.055 1.015 1.103 0.923 1.008 1.016 1.024 0.987 1.076 0.947 1.002 1.085 1.010 0.995 1.088
-1.000 0.978 1.084 0.889 1.010 0.952 1.129 0.993 0.812 0.973 1.032 0.971 1.001 1.052 0.980 1.044 0.958 1.127 1.046 0.934 1.019 0.987 1.010 2.006 0.998 0.965 1.016 0.871 1.011 1.026 0.982 0.988 0.907 1.220 0.997 1.059 1.010 1.100 0.930 1.000 1.008 1.015 0.979 1.066 0.962 1.007 1.106 1.015 0.987 1.090
-0.993 0.969 1.074 0.879 1.003 0.945 1.122 0.986 0.810 0.964 1.025 0.959 0.997 1.046 0.973 1.036 0.949 1.120 1.046 0.929 1.011 0.979 1.005 0.998 1.991 0.971 1.024 0.885 1.019 1.033 0.996 0.995 0.914 1.245 1.005 1.066 1.018 1.109 0.935 1.007 1.015 1.023 0.986 1.075 0.977 1.015 1.122 1.024 0.994 1.098
-0.961 0.936 1.039 0.850 0.970 0.914 1.088 0.954 0.786 0.934 0.992 0.928 0.966 1.012 0.940 1.003 0.917 1.087 1.013 0.899 0.978 0.948 0.973 0.965 0.971 1.929 0.979 0.831 0.979 0.992 0.938 0.960 0.873 1.161 0.969 1.020 0.978 1.063 0.894 0.971 0.979 0.986 0.951 1.035 0.922 0.969 1.058 0.977 0.958 1.051
-1.006 0.985 1.090 0.895 1.016 0.957 1.134 0.998 0.814 0.978 1.038 0.979 1.005 1.058 0.986 1.052 0.965 1.136 1.049 0.939 1.025 0.993 1.015 1.016 1.024 0.979 2.018 0.817 0.973 0.988 0.933 0.953 0.861 1.168 0.962 1.020 0.973 1.065 0.885 0.965 0.973 0.981 0.943 1.033 0.916 0.964 1.061 0.972 0.951 1.053
-0.852 0.839 0.925 0.770 0.860 0.812 0.956 0.846 0.692 0.832 0.882 0.850 0.835 0.895 0.837 0.912 0.826 0.975 0.848 0.791 0.869 0.839 0.848 0.871 0.885 0.831 0.817 1.739 0.867 0.879 0.861 0.848 0.784 1.086 0.856 0.910 0.866 0.943 0.803 0.858 0.865 0.871 0.841 0.913 0.841 0.867 0.969 0.874 0.847 0.935
-1.004 0.981 1.088 0.891 1.014 0.955 1.132 0.996 0.816 0.975 1.036 0.972 1.006 1.057 0.984 1.049 0.961 1.131 1.053 0.939 1.022 0.990 1.015 1.011 1.019 0.979 0.973 0.867 2.015 1.024 0.959 0.993 0.900 1.180 1.002 1.052 1.011 1.096 0.923 1.004 1.012 1.020 0.984 1.070 0.943 0.998 1.081 1.006 0.992 1.083
-1.018 0.995 1.103 0.903 1.028 0.969 1.147 1.010 0.826 0.989 1.050 0.986 1.019 1.071 0.997 1.062 0.974 1.144 1.066 0.951 1.036 1.004 1.029 1.026 1.033 0.992 0.988 0.879 1.024 2.043 0.981 1.010 0.917 1.199 1.019 1.074 1.030 1.120 0.940 1.021 1.030 1.038 1.000 1.090 0.966 1.020 1.105 1.027 1.008 1.107
-0.963 0.949 1.043 0.866 0.972 0.916 1.076 0.955 0.778 0.938 0.995 0.951 0.946 1.008 0.944 1.019 0.928 1.087 0.969 0.896 0.982 0.948 0.962 0.982 0.996 0.938 0.933 0.861 0.959 0.981 1.939 0.959 0.885 1.166 0.967 1.027 0.980 1.064 0.906 0.969 0.977 0.983 0.950 1.031 0.930 0.978 1.065 0.985 0.958 1.055
-0.984 0.959 1.064 0.870 0.993 0.936 1.111 0.976 0.803 0.955 1.016 0.949 0.988 1.036 0.963 1.027 0.939 1.110 1.037 0.921 1.001 0.970 0.996 0.988 0.995 0.960 0.953 0.848 0.993 1.010 0.959 1.975 0.899 1.181 0.999 1.047 1.007 1.092 0.920 1.001 1.009 1.017 0.981 1.067 0.947 0.996 1.082 1.004 0.988 1.078
-0.896 0.876 0.973 0.800 0.905 0.853 1.014 0.890 0.728 0.874 0.926 0.879 0.894 0.945 0.878 0.943 0.863 1.020 0.928 0.833 0.913 0.884 0.901 0.907 0.914 0.873 0.861 0.784 0.900 0.917 0.885 0.899 1.812 1.073 0.880 0.934 0.891 0.970 0.818 0.882 0.890 0.896 0.864 0.941 0.844 0.886 0.973 0.893 0.871 0.961
-1.189 1.181 1.274 1.074 1.198 1.129 1.310 1.185 0.966 1.152 1.227 1.170 1.150 1.234 1.165 1.255 1.136 1.341 1.166 1.117 1.213 1.169 1.182 1.220 1.245 1.161 1.168 1.086 1.180 1.199 1.166 1.181 1.073 2.438 1.192 1.247 1.204 1.298 1.105 1.195 1.203 1.212 1.172 1.269 1.126 1.193 1.273 1.202 1.180 1.282
-0.993 0.968 1.074 0.878 1.002 0.944 1.121 0.985 0.810 0.964 1.025 0.957 0.998 1.046 0.973 1.037 0.948 1.119 1.047 0.930 1.010 0.979 1.006 0.997 1.005 0.969 0.962 0.856 1.002 1.019 0.967 0.999 0.880 1.192 1.994 1.065 1.027 1.109 0.943 1.019 1.027 1.035 0.999 1.083 0.973 1.019 1.105 1.027 1.006 1.095
-1.047 1.027 1.133 0.933 1.058 0.997 1.180 1.041 0.848 1.018 1.081 1.018 1.044 1.098 1.024 1.089 1.001 1.179 1.090 0.978 1.067 1.032 1.055 1.059 1.066 1.020 1.020 0.910 1.052 1.074 1.027 1.047 0.934 1.247 1.065 2.106 1.078 1.168 0.992 1.069 1.077 1.085 1.048 1.136 1.023 1.071 1.165 1.079 1.056 1.156
-1.004 0.980 1.087 0.890 1.013 0.955 1.132 0.995 0.816 0.975 1.036 0.971 1.006 1.057 0.984 1.049 0.960 1.131 1.054 0.939 1.022 0.990 1.015 1.010 1.018 0.978 0.973 0.866 1.011 1.030 0.980 1.007 0.891 1.204 1.027 1.078 2.016 1.057 0.887 0.960 0.968 0.976 0.940 1.026 0.917 0.964 1.056 0.971 0.947 1.046
-1.091 1.069 1.180 0.968 1.101 1.038 1.225 1.082 0.883 1.058 1.126 1.054 1.089 1.144 1.068 1.135 1.041 1.220 1.140 1.021 1.111 1.076 1.103 1.100 1.109 1.063 1.065 0.943 1.096 1.120 1.064 1.092 0.970 1.298 1.109 1.168 1.057 2.200 1.019 1.101 1.111 1.118 1.079 1.173 1.047 1.102 1.196 1.110 1.088 1.195
-0.919 0.898 0.996 0.820 0.927 0.874 1.041 0.913 0.747 0.895 0.948 0.900 0.916 0.966 0.898 0.962 0.882 1.047 0.953 0.855 0.936 0.906 0.923 0.930 0.935 0.894 0.885 0.803 0.923 0.940 0.906 0.920 0.818 1.105 0.943 0.992 0.887 1.019 1.856 0.962 0.969 0.974 0.943 1.020 0.998 1.001 1.161 1.010 0.951 1.075
-0.995 0.970 1.076 0.880 1.005 0.947 1.124 0.987 0.812 0.966 1.028 0.960 1.000 1.048 0.975 1.039 0.950 1.122 1.049 0.932 1.013 0.982 1.008 1.000 1.007 0.971 0.965 0.858 1.004 1.021 0.969 1.001 0.882 1.195 1.019 1.069 0.960 1.101 0.962 2.003 0.986 0.994 0.957 1.044 0.898 0.963 1.033 0.972 0.964 1.051
-1.004 0.979 1.085 0.888 1.013 0.954 1.133 0.996 0.819 0.974 1.036 0.967 1.008 1.056 0.983 1.047 0.958 1.130 1.057 0.940 1.021 0.990 1.016 1.008 1.015 0.979 0.973 0.865 1.012 1.030 0.977 1.009 0.890 1.203 1.027 1.077 0.968 1.111 0.969 0.986 2.020 1.025 0.989 1.076 0.956 1.008 1.099 1.016 0.996 1.094
-1.011 0.986 1.093 0.894 1.020 0.961 1.140 1.003 0.824 0.981 1.044 0.974 1.015 1.065 0.990 1.056 0.965 1.137 1.066 0.947 1.029 0.997 1.024 1.015 1.023 0.986 0.981 0.871 1.020 1.038 0.983 1.017 0.896 1.212 1.035 1.085 0.976 1.118 0.974 0.994 1.025 2.035 1.004 1.092 0.968 1.022 1.111 1.031 1.012 1.109
-0.975 0.950 1.054 0.863 0.984 0.927 1.102 0.968 0.796 0.947 1.007 0.941 0.980 1.027 0.954 1.018 0.931 1.101 1.028 0.912 0.992 0.961 0.987 0.979 0.986 0.951 0.943 0.841 0.984 1.000 0.950 0.981 0.864 1.172 0.999 1.048 0.940 1.079 0.943 0.957 0.989 1.004 1.964 1.024 0.897 0.948 1.034 0.956 0.942 1.033
-1.061 1.037 1.147 0.938 1.071 1.009 1.193 1.052 0.863 1.028 1.096 1.020 1.065 1.117 1.040 1.107 1.012 1.188 1.118 0.995 1.080 1.047 1.076 1.066 1.075 1.035 1.033 0.913 1.070 1.090 1.031 1.067 0.941 1.269 1.083 1.136 1.026 1.173 1.020 1.044 1.076 1.092 1.024 2.139 1.030 1.087 1.177 1.096 1.077 1.178
-0.945 0.931 1.027 0.848 0.955 0.900 1.055 0.936 0.763 0.921 0.978 0.932 0.932 0.993 0.929 1.004 0.913 1.062 0.954 0.879 0.963 0.932 0.947 0.962 0.977 0.922 0.916 0.841 0.943 0.966 0.930 0.947 0.844 1.126 0.973 1.023 0.917 1.047 0.998 0.898 0.956 0.968 0.897 1.030 1.927 0.959 1.063 0.968 0.941 1.037
-0.995 0.975 1.079 0.886 1.005 0.947 1.120 0.987 0.804 0.968 1.027 0.971 0.992 1.046 0.976 1.043 0.956 1.122 1.032 0.928 1.014 0.982 1.002 1.007 1.015 0.969 0.964 0.867 0.998 1.020 0.978 0.996 0.886 1.193 1.019 1.071 0.964 1.102 1.001 0.963 1.008 1.022 0.948 1.087 0.959 2.010 1.103 1.013 0.991 1.101
-1.085 1.072 1.170 0.973 1.094 1.031 1.206 1.078 0.877 1.054 1.121 1.065 1.064 1.131 1.062 1.141 1.040 1.219 1.092 1.014 1.106 1.068 1.085 1.106 1.122 1.058 1.061 0.969 1.081 1.105 1.065 1.082 0.973 1.273 1.105 1.165 1.056 1.196 1.161 1.033 1.099 1.111 1.034 1.177 1.063 1.103 2.223 1.116 1.104 1.184
-1.003 0.983 1.087 0.893 1.013 0.954 1.129 0.995 0.811 0.976 1.035 0.978 0.999 1.054 0.983 1.051 0.963 1.132 1.040 0.936 1.022 0.990 1.010 1.015 1.024 0.977 0.972 0.874 1.006 1.027 0.985 1.004 0.893 1.202 1.027 1.079 0.971 1.110 1.010 0.972 1.016 1.031 0.956 1.096 0.968 1.013 1.116 2.027 1.068 1.131
-0.982 0.958 1.063 0.870 0.992 0.935 1.110 0.975 0.802 0.954 1.014 0.948 0.987 1.035 0.962 1.025 0.938 1.108 1.035 0.919 1.000 0.969 0.995 0.987 0.994 0.958 0.951 0.847 0.992 1.008 0.958 0.988 0.871 1.180 1.006 1.056 0.947 1.088 0.951 0.964 0.996 1.012 0.942 1.077 0.941 0.991 1.104 1.068 1.984 1.033
-1.078 1.058 1.166 0.960 1.089 1.026 1.213 1.071 0.873 1.047 1.113 1.046 1.075 1.130 1.054 1.121 1.030 1.210 1.123 1.008 1.099 1.063 1.088 1.090 1.098 1.051 1.053 0.935 1.083 1.107 1.055 1.078 0.961 1.282 1.095 1.156 1.046 1.195 1.075 1.051 1.094 1.109 1.033 1.178 1.037 1.101 1.184 1.131 1.033 2.185
