0.00000 0.00000 0.00204 0.00000 0.00001 0.00009 0.46848 0.00000 -0.09377 0.00000 -0.00000 0.00365 -0.00000 0.00000 0.00001 0.00214 -0.00460 -0.00000 -0.00000 0.00000 0.00000 0.00004 -0.00027 0.00043 0.00000 0.00000 -0.00000 -0.00000 0.00000 0.00000 0.03250 0.00000 0.00000 -0.00000 -0.00000 -0.04277 0.00000 0.00000 0.00000 0.00000 0.00000 -0.00000 0.00000 0.00000 -0.00374 0.00008 0.00004 -0.01908 -0.00000 0.00019
-0.02818 -0.00000 -0.00000 0.00486 0.00774 0.00027 -0.00281 0.01421 -0.00981 0.00036 -0.00017 -0.00020 -0.00000 -0.00156 0.00032 0.01083 -0.00200 -0.01482 0.00221 -0.00000 0.00254 0.00020 -0.00020 0.00719 -0.00081 0.00055 0.11162 0.00150 0.00024 0.01538 -0.00057 0.00086 0.06577 0.00003 -0.00075 -0.00005 0.12937 0.00094 -0.00009 0.00132 0.00233 0.00287 0.10935 0.00007 0.00000 0.00399 0.00052 -0.00344 0.01320 0.00152
0.00005 -0.03270 0.00000 0.00000 -0.00000 0.00000 0.00000 0.00043 -0.00004 -0.00000 0.00003 0.00000 0.00000 0.00000 -0.00000 0.00000 -0.00442 0.00000 -0.00000 -0.02029 0.00000 -0.00000 -0.00002 -0.00000 0.00000 -0.00004 -0.00063 -0.00001 -0.00087 -0.00000 0.00097 0.00000 -0.00169 -0.00005 0.02539 -0.01061 -0.00092 -0.00000 0.00000 -0.00001 -0.00000 -0.00000 -0.00077 -0.00000 -0.00000 -0.00000 0.00000 -0.00010 -0.00005 0.00006
-0.18180 0.00005 0.01515 0.00000 0.00000 0.07575 0.23993 -0.00000 -0.03465 0.00000 -0.00000 0.01794 -0.00000 0.00000 0.00000 0.00066 -0.01205 -0.14722 -0.00000 -0.00000 -0.00000 0.00001 -0.00373 0.00001 0.00000 -0.00110 0.01222 -0.13127 -0.00008 0.00000 0.00314 -0.00000 -0.00779 -0.32858 0.00009 -0.01072 -0.00014 -0.08355 -0.01402 0.00000 -0.00000 0.00000 -0.00000 -0.00000 -0.00086 0.00000 0.06338 -0.00323 -0.00026 0.00000
-0.00005 0.00010 0.00681 0.01416 -0.00000 -0.00005 -0.00444 0.00817 -0.00974 0.00031 -0.00021 0.00005 -0.00005 0.00067 0.00020 0.01121 -0.00178 0.00353 -0.01085 -0.00065 0.00002 0.00042 -0.00368 0.01306 -0.00026 -0.00160 -0.00123 -0.00028 0.00004 0.00405 0.00025 -0.00199 -0.00826 -0.00035 -0.00142 -0.00666 -0.00021 0.00095 -0.00590 -0.00059 -0.00061 -0.00016 -0.00389 -0.00059 0.00000 0.01676 0.00298 -0.01248 -0.01235 0.00691
-0.00126 0.00094 0.01527 0.00000 0.00064 -0.00000 0.00150 0.00022 -0.02674 0.00016 -0.00048 0.02009 -0.00047 0.00000 -0.00000 0.00074 -0.00624 0.01083 -0.00000 -0.00039 0.00005 -0.00005 -0.01865 0.00362 -0.00004 -0.00028 -0.00047 -0.02654 -0.00063 0.01073 0.01150 -0.00005 0.00006 -0.04936 -0.00000 -0.01344 -0.00009 -0.10457 -0.00028 0.00000 0.00000 0.00023 -0.00016 -0.00023 0.00599 0.00031 0.00137 -0.01695 -0.02018 0.00000
0.00000 -0.00002 0.03338 -0.00000 -0.00000 0.00006 0.00000 0.00000 -0.01528 0.00000 -0.00000 0.00170 -0.00000 0.00000 -0.00000 -0.00000 -0.00354 0.00000 0.00000 -0.00001 0.00000 0.00000 -0.00000 0.00000 -0.00000 0.00000 -0.00000 -0.00000 -0.00000 0.00000 0.00468 -0.00000 -0.00000 -0.00000 0.00001 -0.01424 -0.00000 -0.00000 -0.00000 -0.00000 0.00000 -0.00000 -0.00000 0.00000 -0.32338 -0.00000 0.00000 -0.00000 -0.00000 -0.00000
-0.00174 0.00000 0.00065 0.02799 -0.00006 0.00002 -0.02196 -0.00000 -0.00612 -0.00000 -0.00019 0.00029 0.00013 0.00031 0.00002 0.01411 -0.00670 0.00792 -0.01073 -0.00002 -0.00000 0.00001 -0.00957 0.00677 -0.00011 -0.00096 -0.00016 0.00044 0.00010 0.01484 -0.00000 -0.00156 -0.03845 -0.00203 -0.00000 -0.00262 -0.00000 0.00030 -0.00028 -0.00065 0.00000 -0.00041 -0.00741 0.00000 0.00015 0.02936 0.00146 -0.01674 -0.00060 0.00000
-0.00000 0.00000 0.00236 0.00000 0.00005 0.00000 -0.00000 -0.00000 0.00000 0.00000 -0.00007 -0.22668 -0.00000 0.00006 -0.00000 0.00792 -0.00165 0.00000 -0.00000 -0.00000 0.00030 0.00024 -0.00010 0.00000 0.00000 0.00001 -0.00000 0.00000 -0.00008 0.00000 -0.00000 0.00000 -0.00000 -0.00000 -0.00000 0.00000 -0.00000 -0.00025 0.00038 -0.00000 -0.00000 0.00000 -0.00000 0.00000 0.00939 -0.00000 -0.00001 -0.00016 -0.00000 -0.00001
-0.00658 0.00044 0.01991 0.01116 0.00139 0.00034 -0.01665 0.00912 -0.01708 -0.00000 0.00004 -0.00229 -0.00030 0.00021 -0.00027 0.01060 -0.01236 0.00221 -0.01362 -0.00253 0.00002 -0.00000 -0.00565 0.01320 -0.00019 -0.00750 -0.00191 -0.00076 -0.00147 0.00295 -0.02310 -0.00042 -0.01788 -0.00048 -0.00043 0.01265 -0.00749 0.00356 -0.00734 -0.00018 -0.00004 -0.00043 -0.00709 -0.00058 0.00016 0.00797 0.00355 -0.02499 -0.01163 -0.23511
-0.00024 0.00051 0.00629 0.02343 0.00270 0.00027 -0.02370 0.00492 -0.01321 0.00025 -0.00000 -0.00000 -0.00081 0.00035 -0.00016 0.00610 -0.00945 0.01074 -0.00088 -0.00305 0.00000 -0.00082 -0.00115 0.00322 -0.00070 -0.00034 -0.00404 0.00013 -0.00009 0.00535 0.02006 0.00057 -0.01484 -0.00164 -0.00058 0.28909 0.00076 0.00277 -0.00500 -0.00064 0.00002 -0.00034 -0.00685 0.00015 0.00126 0.00633 0.00160 -0.02488 -0.01492 0.14831
0.00000 -0.00000 0.03809 0.00000 0.00062 0.00000 0.00011 0.00019 -0.00000 -0.00000 -0.00004 0.00000 0.00000 0.00102 0.00004 -0.43029 -0.00778 -0.00006 -0.00006 0.00001 -0.00007 -0.00034 -0.00023 0.00005 -0.00000 -0.00131 -0.00000 -0.00000 -0.00015 0.00000 0.00023 0.00012 0.00000 0.00009 0.00000 -0.00023 -0.00000 -0.00000 -0.01268 0.00000 0.00012 0.00017 -0.00000 0.00004 -0.00177 0.00000 0.00115 -0.00525 -0.00000 0.00032
-0.00334 0.00087 0.01043 0.01704 0.00042 0.00007 -0.00014 0.00361 0.00034 -0.00011 -0.00039 0.00060 -0.00000 0.00019 -0.00003 0.02397 -0.00820 0.01626 -0.00286 -0.00159 0.00019 0.00007 -0.00107 0.00259 -0.00556 -0.00527 -0.00016 0.18614 0.00021 0.00526 0.00702 -0.00948 -0.00876 0.29429 -0.00176 -0.01420 -0.00005 0.00560 -0.01548 0.00001 -0.00002 -0.00042 -0.00950 -0.00039 0.00701 0.00320 0.00906 -0.02075 -0.00055 0.00475
0.01053 0.00058 0.00621 0.01750 -0.00001 0.01131 0.11449 0.00483 -0.00316 0.00017 -0.00054 0.00003 -0.00013 -0.00000 -0.00150 0.00000 -0.02764 0.01721 -0.08610 -0.00012 -0.00001 -0.00039 -0.01243 0.00727 -0.00663 -0.00523 -0.01861 -0.00696 -0.00024 0.00085 0.00040 -0.00083 -0.04016 -0.01983 -0.00040 -0.01153 -0.00884 -0.00053 -0.03015 -0.00079 0.00000 -0.00000 -0.02385 -0.00003 0.15648 -0.31228 0.00122 -0.02103 -0.02614 0.00032
-0.00291 0.00105 0.02873 0.01878 0.00163 0.00049 -0.07115 0.00064 -0.01427 0.00037 -0.00078 -0.00095 -0.00045 0.00069 -0.00000 0.01118 -0.00517 0.00048 -0.01279 -0.00337 0.00015 0.00001 0.10286 0.00273 -0.00611 -0.00273 -0.00055 -0.00196 -0.00017 0.00005 0.00421 0.00017 -0.01030 -0.01452 -0.00056 -0.00923 0.00028 0.00241 -0.00577 -0.00007 0.00004 -0.00071 -0.00044 -0.00029 0.00000 -0.09283 0.00208 0.03875 -0.00573 -0.00008
-0.00018 0.00005 0.00604 -0.00035 -0.00000 -0.00016 -0.00662 0.00000 0.00000 0.00000 -0.00003 -0.00000 -0.00000 -0.01510 -0.00001 0.00000 -0.00632 0.00146 0.00196 -0.00002 0.00000 0.00004 0.00000 0.00119 0.00001 0.01209 -0.00012 0.00005 0.00007 -0.00000 -0.00032 -0.00000 -0.00760 -0.00285 -0.00004 -0.00207 0.00004 0.00000 0.17177 -0.00006 0.00000 -0.00000 -0.00011 0.00004 0.00603 0.00386 -0.01532 -0.00900 -0.00000 -0.00000
0.00042 -0.00010 0.00016 0.00005 0.00033 -0.00000 0.00007 0.00000 -0.00012 0.00000 -0.00001 -0.00000 -0.00012 0.00000 -0.00000 0.00000 -0.00000 0.00013 0.00000 -0.00028 0.00000 0.00000 -0.00097 0.00006 -0.00000 0.00004 0.00000 0.00001 -0.00017 -0.00000 0.00851 -0.00000 -0.00059 0.00001 -0.00000 0.00004 -0.00010 0.00000 0.00004 -0.00000 0.00000 -0.00001 -0.00000 0.00008 0.00008 0.00073 -0.00000 -0.00288 -0.00001 0.00000
-0.51256 -0.00000 0.00209 -0.00000 -0.00001 -0.00003 0.87357 0.00000 -0.00993 0.00000 0.00000 0.00046 0.00000 -0.00000 -0.00007 0.00000 -0.00140 0.00000 0.00000 -0.00000 0.00000 -0.00006 -0.00039 0.00022 -0.00001 0.00006 0.16054 0.00064 0.00016 0.00010 0.00274 -0.00000 -0.00000 0.00092 0.00000 -0.00993 -0.00000 0.00038 -0.00453 -0.00000 0.00006 -0.00011 -0.00000 -0.00000 -0.00144 0.00006 0.00158 -0.01179 0.00000 -0.00037
0.09659 0.00047 0.00862 -0.75986 -0.00000 -0.06635 -0.35102 0.00002 0.00049 0.00000 -0.00002 -0.00009 0.00000 0.00000 -0.00000 0.00028 -0.01636 0.12440 0.00000 -0.00192 0.00000 0.00015 -0.00081 -0.00001 -0.00000 -0.00249 -0.12518 0.14398 0.00012 0.01773 0.00737 0.00000 -0.04766 0.04114 -0.00000 -0.00090 -0.00308 0.03723 -0.01360 0.00000 0.00000 -0.00000 -0.01086 -0.00000 0.00325 0.01300 0.14728 -0.00096 -0.01551 0.01319
-0.02074 0.00359 0.00000 0.01003 0.00076 0.00016 -0.00350 0.00385 -0.00126 0.00012 -0.00009 -0.00052 0.00010 -0.00292 0.00010 0.01096 -0.00241 -0.01219 0.00006 -0.00000 0.00423 0.00008 -0.00107 0.00741 -0.00019 -0.00000 0.03062 0.00188 0.00010 0.02205 0.00307 0.00038 0.44461 -0.00031 -0.00000 -0.00210 0.00009 0.00267 0.00045 0.00003 0.00049 0.00200 0.01285 0.00130 0.00000 0.00737 0.00461 -0.00402 -0.00018 0.00317
0.00071 0.00032 0.00426 0.01446 0.00066 0.00072 -0.01873 -0.13620 -0.00278 0.00020 -0.00004 -0.00022 0.00004 -0.00017 -0.00022 0.01455 -0.00364 0.00208 -0.01083 -0.00006 -0.00000 -0.00005 -0.00378 0.00504 -0.00124 -0.00260 -0.00325 -0.00002 -0.00033 0.00730 0.00176 0.00004 -0.02540 -0.00413 -0.00165 -0.00442 -0.00042 0.00173 -0.00267 -0.00017 -0.00066 -0.00038 -0.00770 -0.00020 0.00005 0.01393 0.00460 -0.01033 -0.00798 0.00043
-0.00017 0.00018 0.01797 0.01620 0.00043 0.00015 -0.03014 0.00195 -0.00661 0.00024 -0.00005 -0.00041 0.00024 -0.00036 -0.00032 0.01124 0.35303 0.00078 -0.00213 -0.00069 0.00154 -0.00000 -0.00078 0.00277 -0.00361 -0.00141 -0.01498 0.00085 -0.00054 0.00188 0.00135 -0.00000 -0.01544 -0.00142 -0.00097 -0.01157 -0.00235 0.00094 0.00003 -0.00107 -0.00006 -0.00019 -0.00932 -0.00040 -0.00020 0.00369 0.00051 -0.01364 -0.01706 -0.00000
-0.00083 0.00138 0.01961 -0.00000 -0.00015 -0.00001 -0.03391 0.00000 -0.00126 -0.00000 -0.00027 -0.00169 0.00050 0.00000 0.00000 0.00773 -0.00130 0.00081 0.00019 -0.00096 0.00000 0.00009 -0.00000 -0.01032 -0.01313 -0.00060 -0.00016 0.03339 -0.00002 0.00289 0.00000 -0.00001 -0.01113 0.02369 -0.00000 -0.00016 -0.00017 0.00592 -0.01150 -0.00000 0.00000 -0.00007 -0.00280 -0.00000 0.00000 -0.03099 0.00427 0.40479 -0.00628 0.00000
0.00042 -0.00000 0.02282 0.00753 -0.00001 0.00001 -0.01903 0.00000 -0.02069 -0.00000 -0.00003 0.00000 0.00000 0.00002 -0.00024 0.00098 -0.00401 0.00053 -0.01037 -0.00000 0.00000 -0.00002 -0.00000 -0.00000 0.00000 -0.00163 -0.00067 -0.06264 0.00007 -0.00000 0.00169 0.00000 -0.01912 -0.13542 -0.00000 -0.00982 -0.00022 -0.00019 -0.01120 -0.00006 0.00002 -0.00000 -0.00006 0.00000 0.00976 0.03740 0.00000 -0.00000 -0.00008 0.00000
0.00556 0.00052 0.01610 0.02863 -0.00000 0.00038 -0.00002 0.00595 -0.02631 0.00011 -0.00019 -0.00299 -0.00000 0.00004 0.00005 0.01367 -0.01855 0.00735 -0.01616 -0.00460 0.00019 0.00012 -0.00000 0.00963 -0.00000 -0.00775 -0.01601 -0.13749 -0.00080 -0.26001 0.00000 0.00000 -0.02259 -0.25958 0.00012 -0.01130 -0.00671 0.00507 -0.01664 -0.00981 -0.00001 -0.00024 -0.01234 -0.00001 0.00968 0.21811 0.00184 -0.03852 -0.03227 0.00000
0.00045 0.00029 0.02142 0.00016 -0.00000 0.00001 -0.03184 0.00020 0.00286 -0.00008 -0.00015 -0.00010 0.00006 0.00000 -0.00001 0.00000 -0.00908 0.00273 0.00012 -0.00132 0.00010 0.00000 -0.00067 0.00025 -0.00000 -0.00000 -0.01773 0.04803 -0.00005 0.00000 -0.00636 0.00000 -0.01464 -0.03483 -0.00007 0.00064 -0.00648 0.00000 0.00000 -0.00010 -0.00000 -0.00000 -0.00002 -0.00000 0.00104 0.00000 -0.09006 -0.00128 -0.01078 0.00006
-0.64747 -0.00000 0.00019 -0.00000 0.00000 0.00009 -0.02860 0.00060 -0.07683 0.00005 -0.00035 0.00204 0.00000 0.00000 -0.00031 0.00088 -0.01424 0.00000 0.00000 -0.00000 -0.00000 0.00000 -0.00176 0.00050 -0.00000 0.00000 0.00000 0.00000 0.00003 0.00025 0.02910 -0.00000 -0.00000 -0.00000 -0.00000 -0.03179 -0.00000 0.00033 -0.00000 -0.00000 0.00056 -0.00006 -0.00000 -0.00000 0.00057 0.00269 0.00002 -0.01615 0.00000 0.00001
-0.00047 0.00018 0.00573 0.00000 -0.00005 0.00000 -0.04326 0.00021 0.53966 0.00011 0.00000 -0.02300 -0.00000 0.00000 -0.00000 0.00048 -0.00937 0.00001 -0.00000 -0.00028 0.00038 -0.00011 0.00000 0.00000 0.00000 0.00000 -0.00952 0.00000 0.00071 -0.00000 -0.00003 0.00000 -0.02969 -0.00000 -0.00035 0.00052 -0.00035 -0.00000 0.00000 -0.00000 -0.00040 -0.00032 -0.00028 0.00000 0.00026 -0.00000 -0.00000 -0.00000 -0.00136 -0.00001
-0.01797 0.00000 0.00006 0.00244 0.00139 0.00058 -0.03874 0.00832 -0.00528 0.00001 -0.00132 0.00003 -0.00040 0.00022 -0.00016 0.00058 -0.00119 -0.00951 -0.00031 -0.00245 0.00013 -0.00012 -0.00168 0.00362 -0.00062 -0.00175 0.00107 -0.00086 -0.00000 0.00604 0.14444 -0.00146 -0.00606 0.00013 -0.00000 -0.01282 0.00000 0.00162 -0.00770 -0.00034 -0.00001 0.00005 -0.00000 -0.00043 0.00318 0.01069 0.00237 -0.01111 -0.00157 0.00027
-0.00452 0.00000 0.00220 0.00369 -0.00000 -0.00000 -0.06023 -0.00000 0.00152 -0.00000 -0.00000 0.42602 0.00000 0.00024 0.00030 0.01329 -0.01407 -0.00058 0.00000 -0.00000 0.00002 0.00000 -0.00005 0.00472 -0.00000 -0.00026 -0.00012 0.08605 0.00000 0.00000 0.00003 -0.00079 -0.00000 0.12875 -0.00000 -0.00002 -0.00001 0.00179 0.11914 -0.00000 -0.00012 -0.00000 -0.00000 -0.00002 -0.00085 -0.07251 -0.00128 -0.01348 -0.01269 -0.00000
-0.00000 0.00000 -0.00005 0.00006 0.00044 -0.00000 -0.00011 0.00026 -0.01686 -0.00000 -0.00000 0.00215 0.00000 0.00002 0.00004 0.00000 0.00007 -0.00000 -0.00000 -0.00025 0.00018 0.00000 -0.00328 -0.00000 0.00005 -0.00007 0.00000 -0.00557 0.00000 -0.00019 0.00000 -0.00000 -0.00002 0.00013 -0.00000 -0.00000 0.00000 0.00014 -0.00000 0.00002 0.00020 0.00002 0.00000 -0.00000 0.00000 0.00006 0.00000 -0.00477 0.00000 -0.00000
-0.01702 0.00127 0.01772 0.02507 0.00015 0.00060 0.00078 0.00003 -0.00567 0.00003 -0.00054 0.00034 0.00000 0.00068 0.00000 0.00910 -0.01590 -0.17715 -0.01674 0.00024 0.00081 -0.00014 -0.01444 0.00255 -0.00359 -0.00808 -0.25726 0.00040 0.00000 0.00046 -0.00004 -0.00000 -0.02119 0.00032 -0.00000 -0.00395 0.00081 0.00000 -0.00886 -0.00944 -0.00000 0.00007 -0.01095 -0.00010 0.00072 0.00248 0.00566 -0.01182 -0.02439 0.00056
-0.17671 0.00000 0.00000 0.00003 0.00000 0.00042 -0.04443 0.00000 -0.01432 0.00000 -0.00000 0.00054 0.00000 -0.00000 -0.00000 -0.00000 -0.00121 -0.13695 -0.00000 0.00000 0.00000 -0.00000 -0.00000 0.00000 -0.00000 -0.00000 0.02641 0.00000 0.00000 0.00024 -0.00000 -0.00000 0.00000 0.00000 0.00000 -0.00142 0.00012 -0.00000 -0.00012 0.00000 0.00003 0.00000 0.00000 0.00002 0.00058 0.00093 0.00003 -0.00095 0.00039 -0.00000
0.01678 -0.00001 0.00898 -0.00000 0.00000 -0.00000 -0.08128 0.00001 -0.04428 -0.00000 0.00010 0.00115 0.00000 -0.00000 0.00000 -0.00000 -0.00229 0.00128 0.00000 0.00006 -0.00000 -0.00008 0.00000 -0.00000 -0.00000 -0.00000 -0.01442 -0.27667 -0.00013 0.00000 0.01382 0.00002 -0.02485 0.00000 -0.00022 -0.00092 -0.00003 0.00000 -0.00000 -0.00000 0.00005 -0.00000 -0.00000 -0.00024 -0.00262 -0.00000 0.00000 0.00000 -0.00117 0.00023
0.00035 0.00017 0.00000 0.00639 -0.00000 0.00014 0.00013 0.01925 -0.01868 0.00055 -0.00045 0.00041 0.00012 0.00010 0.00010 0.01281 -0.01028 0.00387 -0.00676 -0.00131 0.00054 -0.00044 -0.00493 0.00299 -0.00064 -0.00248 -0.01248 -0.00069 -0.11966 0.00889 -0.11223 -0.00457 -0.02216 0.00001 -0.00000 -0.00017 -0.17992 0.00000 -0.00051 -0.00786 0.00000 -0.00000 -0.02399 -0.00000 -0.00000 0.00111 0.00110 -0.01988 -0.01422 -0.00000
0.00000 0.00000 0.00000 0.00000 -0.00000 -0.00000 0.00000 0.00005 -0.01356 -0.00000 0.00000 0.00057 0.00000 0.00000 0.00000 0.00052 -0.00555 -0.00000 0.00000 0.00000 0.00000 0.00000 -0.00019 -0.00000 -0.00003 0.00027 -0.00000 -0.00056 -0.00000 0.00018 -0.63087 0.00000 0.00000 0.00000 -0.00005 0.00000 0.00000 -0.00000 -0.00000 -0.00004 -0.00000 -0.00000 -0.00000 -0.00000 -0.00000 0.00000 -0.00004 -0.00071 -0.00000 0.00000
-0.29723 -0.00000 0.00000 0.00814 0.00152 0.00037 -0.06234 0.00791 -0.01657 -0.00008 -0.00076 -0.00029 -0.00042 -0.00000 -0.00055 0.01367 -0.00784 -0.20817 0.00043 -0.00462 0.00000 0.00020 -0.00126 0.00438 -0.00000 0.00002 0.04853 0.00023 0.12287 0.00374 0.14654 -0.00027 -0.00276 -0.00036 -0.00000 -0.01708 -0.00000 0.00879 -0.00198 0.00043 0.00778 0.00839 0.00028 0.00876 0.00178 0.02080 0.01034 -0.01051 -0.00097 0.00951
-0.00136 0.00044 0.05106 -0.00000 0.00002 -0.00000 -0.05200 0.00015 -0.00521 -0.00000 -0.00000 -0.41907 0.00000 -0.00024 -0.00000 0.00887 -0.00723 -0.00027 0.00000 0.00001 -0.00003 -0.00000 -0.00000 0.00109 -0.00011 -0.01048 -0.00056 0.00534 0.00000 0.00000 0.00239 -0.00004 -0.02132 0.04613 -0.00073 -0.00958 0.00000 -0.00000 -0.17817 -0.00000 -0.00019 -0.00025 -0.00009 -0.00047 -0.00410 0.00000 -0.00950 -0.00998 -0.00603 0.00041
-0.00012 0.00013 0.04561 -0.00000 0.00000 -0.00000 -0.01674 0.00015 0.00024 0.00000 -0.00020 -0.00000 0.00000 0.00000 -0.00000 0.00000 -0.00669 0.00000 0.00000 -0.00038 0.00015 0.00006 0.00000 -0.00000 0.00000 0.09436 -0.00575 0.00704 0.00000 -0.00000 -0.00229 0.00000 -0.00757 -0.11429 -0.00041 -0.02655 0.00000 0.00000 0.00000 -0.00000 -0.00000 -0.00000 -0.00000 0.00000 -0.03248 -0.00000 -0.68507 -0.00000 -0.00109 -0.00000
0.00183 0.00027 0.00036 0.24743 0.00069 -0.00057 -0.11454 0.00293 0.00075 -0.00074 -0.00008 0.02251 -0.00058 -0.00064 -0.00075 0.01370 -0.00381 0.03635 -0.01414 -0.00038 -0.00000 -0.00005 -0.00331 0.01247 -0.00000 -0.00151 -0.01473 0.11340 0.00003 0.00478 -0.00010 0.00000 -0.00828 -0.02806 0.00000 0.00026 -0.00007 -0.01670 -0.00166 -0.00000 0.00040 -0.00043 -0.00663 -0.00013 0.02200 0.02361 0.27571 -0.02004 -0.00804 0.01308
-0.01267 0.00000 0.01306 0.01191 0.00129 0.00000 -0.01753 0.00900 -0.00814 0.00020 -0.00031 -0.00023 -0.00029 -0.00325 -0.00028 0.00614 -0.00363 0.00009 -0.00423 -0.00006 0.00009 -0.00002 -0.00836 0.01025 -0.00239 -0.00661 0.00048 -0.00181 0.00001 0.00107 0.00022 -0.00373 -0.00686 -0.00026 -0.00091 -0.01464 0.00000 0.00078 -0.01118 0.00034 -0.00000 -0.00060 0.00032 -0.00057 0.00385 0.01323 0.00611 -0.01338 -0.01233 0.00001
-0.00205 0.00020 0.01039 0.00923 0.00046 -0.00004 -0.02031 0.00084 -0.00457 0.00025 -0.00017 -0.00031 -0.00031 -0.00372 0.00005 0.01012 -0.00381 -0.00035 -0.00812 -0.00012 -0.00046 -0.00021 -0.00382 0.01079 -0.00284 -0.00477 -0.00000 -0.00031 0.00016 0.00524 0.00191 -0.00384 -0.00679 0.00004 -0.00099 -0.01422 0.00010 0.00235 -0.01321 -0.00036 -0.00038 -0.00000 -0.00086 -0.00038 0.00100 0.01524 0.00090 -0.01187 -0.01156 0.00000
-0.24270 -0.00000 0.00014 0.01741 0.00002 0.00062 -0.08037 0.00000 -0.01841 -0.00008 -0.00000 0.00327 -0.00000 0.00000 -0.00004 0.00248 -0.01606 -0.17364 -0.00000 -0.00000 0.00000 0.00000 -0.00002 0.00669 -0.00000 -0.01155 0.03729 -0.00188 0.00000 0.00715 0.00242 -0.00006 -0.00878 0.00027 -0.00000 -0.01829 0.00095 0.00081 -0.01369 -0.00000 -0.00006 -0.00028 -0.00000 -0.00018 0.00164 0.01673 0.01702 -0.00959 -0.00135 0.00779
-0.00000 0.00099 0.01166 0.01218 0.00096 0.00013 -0.01502 0.01025 -0.00198 -0.00000 -0.00040 0.00051 -0.00041 -0.00052 -0.00066 0.00556 -0.00520 0.00066 -0.00368 -0.00000 0.00013 0.00000 -0.01335 0.00768 -0.00444 -0.00684 -0.00173 0.00000 0.00046 0.00060 0.00242 -0.00165 -0.00467 -0.00278 -0.00037 -0.01116 0.00006 0.00010 -0.01385 -0.00013 -0.00023 -0.00056 -0.00087 -0.00000 -0.00022 0.00302 0.00077 -0.01504 -0.01981 0.00013
-0.00000 0.00256 -0.68526 0.00000 0.00063 -0.00035 -0.00000 -0.00005 -0.00001 0.00000 -0.00005 -0.00013 -0.00000 -0.00000 0.00000 0.00000 -0.01077 -0.00000 0.00000 0.00128 -0.00007 0.00013 -0.00000 0.00000 -0.00000 0.00001 0.00001 -0.00000 0.00003 0.00000 0.01225 0.00000 0.00010 0.00000 -0.00224 -0.02604 0.00004 0.00001 -0.00000 0.00000 0.00002 -0.00000 0.00003 -0.00000 0.00000 0.00000 0.00008 -0.00000 0.00000 0.00000
0.00143 0.00002 0.03800 0.02485 -0.00000 -0.00009 -0.24119 0.00000 -0.02075 0.00000 -0.00000 -0.00309 -0.00003 -0.00000 -0.00000 0.00028 -0.00139 0.00008 -0.00000 -0.00000 -0.00000 -0.00001 -0.00000 0.00000 0.00000 -0.00469 0.00012 -0.03996 -0.00000 -0.00000 0.00736 -0.00000 -0.00152 -0.08071 -0.00009 -0.01193 0.00000 0.01092 -0.03503 0.00000 -0.00000 -0.00000 -0.00000 -0.00023 -0.09018 0.00000 0.01665 -0.00000 0.00000 -0.00002
-0.00010 0.00001 0.01362 0.00000 0.00022 0.00003 -0.00067 0.00053 -0.00392 0.00000 0.00019 0.00003 -0.00000 -0.00000 0.00001 -0.00000 -0.01604 0.00003 -0.00000 0.00024 -0.00021 -0.00093 -0.00018 -0.00008 0.00000 -0.00000 -0.00087 -0.08051 0.00025 0.00000 0.05062 -0.00000 -0.01266 0.36992 0.00000 -0.02067 0.00000 -0.00000 -0.00000 0.00000 0.00000 -0.00000 0.00000 -0.00003 0.00052 0.00000 0.00000 -0.00000 -0.00081 0.00000
-0.00000 0.00049 0.00705 -0.00012 -0.00000 0.00000 -0.03440 0.00000 -0.00022 0.00000 -0.00000 0.00006 -0.00000 0.00000 0.00000 0.00008 -0.00025 0.00000 0.00039 0.00013 0.00000 0.00000 0.00000 -0.17437 -0.00000 -0.00011 -0.00000 0.00942 0.00000 0.00000 -0.00000 -0.00000 0.00031 0.01555 -0.00000 -0.00025 -0.00000 0.00000 -0.02009 0.00003 0.00000 -0.00000 -0.00000 -0.00000 -0.00311 -0.04074 0.00946 -0.00000 -0.00000 -0.00000
-0.67167 0.00000 0.00533 0.00126 0.00000 -0.00000 -0.25073 0.00191 -0.10100 0.00000 -0.00000 0.00060 -0.00001 0.00000 0.00005 0.00376 -0.00670 0.37993 0.00000 -0.00052 0.00000 0.00000 -0.00003 0.00496 -0.00000 -0.00000 -0.09278 -0.00124 0.00000 -0.00000 0.03817 0.00000 -0.00158 0.00041 -0.00000 -0.05622 0.00107 -0.00022 -0.00157 -0.00000 0.00000 -0.00000 0.00011 -0.00000 0.00105 0.01952 0.00145 -0.04429 -0.00000 -0.00000
-0.00144 0.00036 0.00736 0.00592 0.00001 0.00008 -0.01420 0.00164 -0.00056 -0.00000 0.00000 0.00251 0.00009 0.00008 0.00021 0.00684 -0.00328 -0.00018 -0.00000 0.00011 0.00119 -0.00093 -0.00415 0.01020 -0.00848 -0.00240 -0.00004 0.00063 0.00016 0.00370 0.10293 0.00000 -0.01205 -0.00044 -0.00089 0.04932 0.00000 -0.00017 -0.01337 -0.00000 -0.00035 -0.00048 0.00000 -0.00019 0.00249 0.00287 0.00315 -0.01790 -0.00630 0.00000
