0.00000 -0.05664 -0.00009 0.14120 -0.00000 0.00000 -0.99771 -0.00000 -0.00000 0.00000 -0.00123 0.00000 -0.00000 0.00166 0.00015 -0.01376 0.00000 -0.09984 0.00000 -0.00000 0.00035 -0.00000 0.00000 0.00000 -0.02141 -0.00000 0.00004 0.00000 0.00000 0.00000
-0.00000 0.00000 0.00285 -0.00000 -0.00000 0.00000 0.00000 -0.00000 -0.00000 -0.00025 -0.00019 0.00000 -0.00000 0.00977 -0.00038 -0.06721 0.00000 0.00000 -0.00000 0.00000 -0.19393 -0.00000 -0.00000 0.00014 -0.00000 0.00000 -0.00035 -0.00056 0.00000 -0.00000
-0.00000 -0.00000 0.00000 -0.00000 0.00000 0.00000 0.00000 -0.00025 -0.01211 -0.77599 -0.00000 0.00000 -0.00000 -0.00000 0.00000 -0.00000 0.00189 0.00000 0.00000 0.00000 0.00000 -0.02559 -0.01493 0.18280 0.00000 -0.00268 -0.00000 0.00653 0.00170 -0.00000
-0.00000 0.05913 -0.00149 0.00000 -0.00000 -0.00000 -0.00000 0.00000 0.00000 0.00021 -0.07113 -0.00000 0.00000 0.05885 0.00707 -0.00003 -0.00000 0.00000 -0.00000 0.00000 -0.63813 -0.00001 0.00000 -0.00000 -0.92170 0.00000 -0.00010 -0.00012 0.00000 0.00000
-0.84742 -0.13104 0.00130 -0.09697 0.00000 -0.00000 -0.61332 0.00000 0.00001 0.00012 -0.00220 -0.00000 -0.00000 0.00074 0.00078 0.03916 -0.00000 -0.95877 -0.00000 0.00000 -0.06624 0.00000 -0.00000 -0.00003 0.03891 0.00000 -0.00081 -0.00004 0.00000 0.00000
-0.21218 -0.02631 -0.00000 -0.00657 -0.00051 -0.00000 0.03901 0.00000 -0.00000 0.00000 -0.00000 0.00000 -0.20792 -0.00000 0.00000 0.00008 -0.00000 0.00454 0.59280 -0.04206 0.00018 0.00000 0.00000 -0.00000 0.00063 -0.00000 0.00000 0.00000 0.00000 0.01946
-0.00000 -0.11564 0.00296 -0.61792 -0.00000 -0.00000 0.00000 -0.00000 0.00000 -0.00014 0.00217 0.00000 -0.00000 -0.00308 -0.00207 0.08062 0.00000 0.85629 -0.00000 0.00000 -0.06052 -0.00000 -0.00000 0.00000 0.08177 0.00000 -0.00140 -0.00025 0.00000 0.00000
0.02982 -0.00044 0.00000 0.00016 0.00094 -0.61888 -0.00369 0.00000 0.00000 0.00000 -0.00000 -0.81568 0.27086 -0.00000 0.00000 0.00000 -0.00000 -0.00066 -0.02687 -0.00312 -0.00000 0.00000 0.00000 -0.00000 -0.00001 0.00000 -0.00000 -0.00000 0.00000 -0.03218
0.00063 0.00000 -0.00000 0.00000 -0.00000 -0.02331 0.00004 0.32178 0.00000 0.00000 -0.00000 -0.07693 0.00618 -0.00000 0.00000 0.00000 -0.00000 0.00001 -0.00093 0.00013 0.00000 -0.19062 0.00000 -0.00000 -0.00000 0.67637 -0.00000 -0.00000 0.10011 -0.00113
0.00000 -0.00000 -0.00000 0.00000 -0.00000 -0.00011 -0.00000 0.00398 0.06546 0.00000 -0.00000 -0.00096 0.00000 0.00000 0.00000 -0.00000 -0.02000 0.00000 -0.00000 -0.00000 -0.00000 0.02141 0.27541 -1.15579 -0.00000 0.00509 0.00000 -0.21179 -0.00099 0.00000
0.00000 -0.00000 0.53828 -0.00000 0.00000 0.00000 0.00000 -0.00000 -0.00076 -0.04461 0.00000 0.00000 -0.00000 -0.00000 -0.87146 0.00000 0.00008 0.00000 0.00000 -0.00000 0.00000 -0.00057 -0.00052 0.00743 0.00000 -0.00025 0.02324 0.00304 0.00012 -0.00000
-0.10194 -0.00647 0.00000 -0.00121 -0.00338 0.72365 0.01347 -0.00000 -0.00000 0.00000 0.00000 0.00000 -0.46328 -0.00000 0.00000 -0.00000 0.00000 0.00210 0.07273 -0.00123 0.00000 -0.00000 0.00000 0.00000 0.00014 -0.00000 0.00000 0.00000 0.00000 0.03162
0.35984 -0.01952 0.00000 0.00473 0.05001 -0.00000 -0.06850 -0.00000 0.00000 -0.00000 -0.00000 0.00000 -0.00000 0.00007 -0.00000 0.00002 0.00000 -0.02481 -0.98416 -0.03980 -0.00062 -0.00000 -0.00000 0.00000 -0.00075 0.00000 -0.00000 -0.00000 0.00000 -0.29066
-0.00000 -0.00000 0.04538 -0.00000 -0.00000 0.00000 0.00000 -0.00013 -0.00567 0.05145 -0.95743 0.00017 -0.00000 -0.00000 0.27042 -0.00000 0.00054 0.00000 0.00000 0.00000 -0.84140 -0.04341 0.00983 0.05996 0.00000 0.00004 0.06066 -0.12983 0.00644 -0.00000
0.00000 -0.00000 -0.54800 0.00000 -0.00000 -0.00000 0.00000 0.00018 0.00494 0.56844 -0.00000 -0.00000 0.00000 0.00000 0.00000 -0.00000 -0.00114 0.00000 -0.00000 -0.00000 -0.00000 0.00052 0.00937 -0.05831 0.00000 0.00060 -0.59237 -0.02483 -0.00063 0.00000
0.00000 0.00000 0.00848 -0.00000 0.00000 -0.00000 -0.00000 0.00002 0.00053 0.01884 -0.75067 0.00000 0.00000 -0.65255 0.36755 0.00000 -0.00014 -0.00000 0.00000 -0.00000 0.11714 0.00406 -0.00033 -0.00702 -0.00000 -0.00006 -0.00460 0.01585 -0.00095 0.00000
-0.00875 0.00003 0.00000 -0.00007 0.00212 0.04689 0.00083 -1.02750 0.26362 0.00000 0.00000 0.62383 -0.04025 -0.00000 -0.00000 0.00000 0.00000 -0.00002 0.00276 0.00080 0.00000 0.52663 -0.00000 0.00000 0.00000 -0.13586 0.00000 -0.00000 0.04999 -0.02607
-0.00000 -0.14813 0.00382 -0.45894 -0.00000 0.00000 0.00000 -0.00000 0.00000 -0.00052 0.01950 0.00000 -0.00000 -0.01536 -0.00472 -0.12576 0.00000 0.00000 0.00000 0.00000 0.34563 -0.00006 -0.00000 0.00026 0.36141 0.00000 0.00037 -0.00018 0.00000 0.00000
-1.10800 -0.29129 -0.00002 -0.11984 -0.02056 -0.00000 0.27875 0.00000 -0.00000 0.00000 0.00011 -0.00000 0.00000 -0.00172 0.00000 0.00082 -0.00000 0.13416 0.00000 -1.04061 0.00658 0.00000 0.00000 -0.00000 0.01467 -0.00000 0.00000 0.00000 -0.00000 -0.31289
-0.85453 0.00121 0.00144 0.86987 -0.00876 -0.00000 0.60571 -0.00000 0.00000 -0.00001 -0.00590 0.00000 -0.00000 0.00919 -0.00063 0.01342 0.00000 -0.36926 -0.00000 0.00000 -0.08469 -0.00001 -0.00000 0.00000 -0.10302 0.00000 -0.00065 -0.00015 0.00000 -0.13858
0.00000 -0.00000 0.07234 -0.00000 0.00000 0.00000 -0.00000 -0.00000 -0.00014 -0.00500 1.14515 0.00000 -0.00000 0.00000 -0.11625 0.00000 0.00000 -0.00000 0.00000 -0.00000 -0.00000 -0.00000 0.00006 0.00056 -0.00000 -0.00004 0.00389 0.00085 0.00000 -0.00000
-0.00066 0.00007 0.00000 -0.00000 0.00079 -0.00187 0.00000 0.07387 0.00000 0.00000 0.00000 0.00103 0.00081 -0.00000 -0.00000 0.00000 -0.00000 -0.00001 -0.00039 0.00020 -0.00000 0.00000 -0.00000 -0.00000 0.00000 0.00257 0.00000 -0.00000 -0.81996 -0.00835
0.00074 -0.00000 -0.00000 0.00000 -0.00018 -0.01117 -0.00000 0.23106 0.05327 0.00000 -0.00000 -0.05782 0.00466 0.00000 0.00000 -0.00000 -0.81489 0.00000 -0.00030 -0.00001 -0.00000 -0.12726 0.00000 0.00000 -0.00000 0.03041 0.00000 -0.00000 0.09819 0.00074
-0.00000 -0.00000 0.00000 -0.00000 0.00000 0.00052 0.00000 -0.02228 -0.57395 -0.00000 0.00000 0.00948 -0.00061 -0.00000 -0.00000 0.00000 0.15894 0.00000 0.00000 0.00000 0.00000 -0.54546 -0.85542 0.00000 0.00000 -0.10778 0.00000 -0.00000 0.08969 -0.00001
-0.00000 0.53004 0.05255 -0.00000 -0.00000 0.00000 0.00000 -0.00000 -0.00000 -0.00311 0.41369 0.00000 -0.00000 -0.19925 -0.05790 -0.77429 0.00000 0.00000 0.00000 0.00000 0.96329 -0.00074 -0.00014 0.00132 0.00000 0.00000 -0.00403 -0.00223 0.00003 -0.00000
-0.01525 0.00032 0.00000 0.00009 0.00421 -0.14319 0.00045 0.27628 0.00000 -0.00000 0.00000 -0.18581 -0.00811 -0.00000 -0.00000 0.00000 0.00000 -0.00008 -0.00686 0.00225 0.00000 -0.00000 -0.00000 -0.00000 0.00000 0.00000 0.00000 -0.00000 0.00000 -0.05703
-0.00000 0.00000 -0.73805 0.00000 -0.00000 0.00012 0.00000 -0.00158 -0.11948 -0.32916 0.00000 0.00071 -0.00013 -0.00000 -0.00000 0.00000 0.01662 0.00000 0.00000 0.00000 0.00000 -0.08728 0.00634 0.45439 0.00000 -0.02987 0.00000 -0.00664 0.01992 -0.00000
0.00093 -0.00008 0.00000 -0.00000 -0.00006 -0.00175 -0.00005 -0.00049 -0.08294 0.00000 0.00000 0.01513 0.00163 0.00000 0.00000 0.00000 0.03246 -0.00003 0.00000 -0.00015 0.00000 -0.05602 -0.05615 0.12508 -0.00000 -0.43275 -0.00000 -0.00000 -0.28721 -0.00047
-0.00728 0.00100 0.00000 0.00015 -0.01153 -0.08596 0.00252 -0.27306 -0.00000 -0.00000 -0.00000 0.16010 -0.04430 -0.00000 -0.00000 -0.00000 0.00000 0.00192 -0.00958 0.00122 0.00000 -0.00000 0.00000 0.00000 -0.00000 -0.27058 0.00000 0.00000 0.00000 0.10356
0.11337 -0.13777 0.00007 -0.00800 -0.76195 0.00000 0.17278 -0.00000 -0.00000 -0.00000 0.00005 0.00000 -0.00000 -0.00060 -0.00014 -0.00283 0.00000 0.14024 0.00000 -0.00000 0.00262 -0.00000 0.00000 0.00000 0.00115 -0.00000 -0.00000 0.00000 0.00000 0.00000
