0.00000 0.00222 -0.00659 -0.00096 -0.00182 -0.00150 -0.00012 -0.00868 -0.00055 0.00011 0.00691 0.00172 0.00628 -0.01145 -0.00325 -0.00917 -0.02983 0.00887 -0.00082 -0.04012 -0.01318 0.00131 0.00130 -0.00040 -0.01388 -0.00578 -0.00994 -0.01455 -0.00044 -0.00267
-0.00061 -0.00000 0.00490 0.00066 -0.00012 -0.00016 -0.00036 -0.00990 -0.00040 0.00896 0.00013 0.00014 -0.01242 -1.29058 0.00877 -0.00017 -0.00017 -0.00138 -0.00080 -0.00136 -0.00856 -0.00498 0.00103 0.00212 0.00422 0.00074 -0.00068 -0.11430 -0.00379 -0.25677
-0.00067 -0.00060 -0.00000 -0.00014 0.00375 -0.00006 -0.00047 -0.01829 0.00022 0.00085 -0.00065 0.00637 0.00333 -0.81094 -0.00007 -0.00027 0.00215 0.00069 -0.00004 -0.00047 -1.22016 0.00003 0.00378 -0.00342 -0.01739 0.16244 -0.00037 0.81314 -0.00015 -0.13166
-0.00297 -0.00774 -0.01022 0.00000 0.00108 0.00778 -0.00013 -0.00928 -0.00431 -0.00146 -0.00233 0.01162 0.02247 -0.00199 -0.00021 -0.00349 -0.00187 0.00304 -0.00021 -0.02127 -0.00308 -0.00317 0.00216 -0.00023 -0.01273 -0.00176 -0.01484 0.01220 0.00522 0.00009
0.00028 -0.00214 -0.00100 -0.00008 0.00000 -0.01348 -0.00003 -0.00017 -0.00000 0.00005 -0.00026 -0.00000 -0.00144 0.00385 -0.00019 -0.00065 -0.00008 0.00018 0.00000 -0.01907 -0.00420 -0.00072 -0.00000 -0.00012 -0.00006 -0.00136 0.00184 -0.00233 -0.00010 0.00120
0.00292 -0.00353 0.00701 -0.00018 -0.00000 0.00000 0.00111 -0.00232 -0.00000 0.00928 0.00774 -0.00007 0.00439 -0.01035 -0.00015 -0.00112 -0.00004 -0.00453 -0.00000 -0.00055 0.00567 -0.00243 -0.00000 -0.00180 -0.00095 -0.01037 -0.00080 0.00973 -0.00022 0.00831
-0.01220 -0.00082 -0.00599 0.00861 0.01056 -0.00581 0.00000 -0.01098 -0.00000 0.00550 -0.01994 0.01922 -0.00252 -0.00974 -0.00015 -0.00250 -0.00243 -0.00388 -0.00000 -0.01554 -0.01088 -0.00037 0.03057 0.00087 -0.00367 -0.01511 -0.00943 -0.02863 -0.00391 -0.00525
-0.00020 -0.00009 -0.00000 -0.00012 0.00596 -0.00188 -0.00008 0.00000 -0.00127 0.00004 -0.00033 0.00028 -0.00079 0.00009 -0.00072 -0.00151 -0.00274 0.00014 -0.00040 -0.00270 -0.00000 -0.00202 0.00042 -0.00013 0.01342 -0.00000 -0.00630 -0.00470 -0.00024 -0.00031
-0.00799 0.00444 0.00150 -0.00068 0.04728 0.86951 -0.25712 -0.00184 0.00000 -0.00564 -0.00388 -0.29549 -0.00244 0.00647 -0.00016 -0.00222 0.00003 0.00384 -0.00000 -0.00860 0.00415 -0.00358 -1.27913 -0.00426 -0.00137 -0.00746 0.00313 -0.01729 -0.00026 -0.01227
-0.00468 -0.00008 -0.00048 0.00102 -0.00207 -0.00006 -0.00006 0.00986 -0.00011 0.00000 -0.00010 0.00508 -0.00106 0.00012 -0.00002 -0.00057 -0.00451 -0.00353 -0.00145 0.00026 0.00037 -0.00236 0.00049 -0.00000 0.00374 0.01110 -0.00094 -0.00095 -0.00005 -0.00000
-0.00016 -0.00584 -0.00711 0.00137 -0.00529 -0.00023 -0.00003 0.00168 -0.00068 -0.00826 0.00000 0.00431 0.02221 0.00238 -0.00016 -0.00379 -0.00964 -1.29053 -0.00046 -0.00357 -0.00400 -0.00679 0.00315 -0.00035 -0.00306 -0.00345 -0.00282 -0.00553 -0.00022 -0.00029
-0.00128 -0.00850 -0.00055 -0.00003 -1.34959 -0.02185 0.00000 -0.00536 -0.00000 0.00003 -0.00048 0.00000 -0.00374 0.00382 -0.00008 -0.00247 -0.00003 0.00881 -0.00000 -0.01215 0.00545 -0.00059 0.00000 -0.00017 -0.00555 -0.00355 -0.00355 -0.00220 -0.00025 -0.00956
-0.00018 -0.00065 -0.00115 -0.00004 0.00181 -0.00050 0.00071 -0.00498 -0.00075 -0.00114 -0.00008 0.00085 0.00000 0.04365 0.00234 -0.00000 -0.00052 0.01410 -0.00029 -0.03182 0.00143 0.00015 -0.00136 -0.00015 -0.00004 -0.00027 -0.02414 -0.00040 -0.00003 -0.00494
0.00006 0.00000 0.00000 0.00006 -0.00013 0.00020 -0.00036 -0.01522 0.00023 -0.00570 -0.00087 0.00004 -0.00009 0.00000 0.00086 0.00009 -0.00036 -0.00074 0.00001 0.00028 0.00000 0.00006 -0.00096 -0.00235 -0.00991 -0.00116 0.00036 -0.02058 -0.00015 0.60089
-0.00087 -0.00045 -0.00490 -0.01408 -0.00137 -0.00395 -0.01479 0.00165 -0.00943 0.00460 -0.01062 0.00897 -0.00266 0.00245 0.00000 -0.00212 -0.00167 -0.00017 -0.00020 -0.00029 -0.01504 -0.00140 -0.00810 0.00797 -0.00248 -0.01164 -0.00053 -0.00175 -0.00003 1.02502
-0.00009 -0.02406 -0.00840 -0.00145 0.00511 0.00070 -0.00201 -0.00166 -0.00034 -0.00324 0.00084 0.00057 0.94672 0.00018 -0.00230 -0.00000 0.00428 -0.00774 -0.00006 -0.10830 0.02088 0.40377 -0.00302 -0.00023 0.00471 -0.00225 -0.52396 0.00235 0.00311 -0.00466
0.00001 -0.01008 -0.00384 0.00027 -0.00604 -0.02531 0.00025 -0.00073 -0.00460 0.00010 -0.00076 0.01613 -0.01287 0.00080 0.00041 -0.00113 0.00000 0.00729 -0.00146 -0.00090 0.02229 -0.00546 0.00888 -0.00056 -0.00010 -0.00731 -0.00057 -0.00157 -0.00018 -0.01238
0.00002 0.00095 0.00119 0.00143 -0.00823 -0.00001 0.00001 0.00772 0.00005 0.00002 -0.00000 -0.00004 0.00006 -0.00141 0.00022 0.00004 0.00015 0.00000 -0.00009 0.00004 -0.00024 0.00001 -0.00008 -0.00032 0.00283 0.00004 0.00002 0.00008 0.00004 0.00139
0.00067 -0.00404 0.01961 -0.00776 0.19187 -0.11349 -0.00811 -0.00359 -0.23636 0.00129 -0.00018 -0.52488 0.00111 -0.01857 -0.01083 -0.01355 0.00177 -0.00816 0.00000 -0.01944 0.01782 -0.00362 0.10805 -0.00042 -0.00042 -0.00450 0.00767 0.00808 -0.00010 -0.00577
-0.00001 -0.00344 -0.00977 -0.00013 -0.00007 -0.00733 -0.00007 -0.00036 -0.00037 0.00067 0.00024 0.00011 -0.00026 0.00432 -0.00835 -0.00000 0.00308 -0.00975 -0.00003 0.00000 0.00520 -0.02352 0.00360 -0.00005 -0.00068 -0.00322 0.00000 -0.00483 0.00221 -0.00047
0.00004 0.00006 -0.00000 -0.00038 0.00004 -0.00007 0.00007 -0.06738 0.00084 -0.00200 0.00010 -0.00004 -0.00092 0.11636 0.00000 0.00002 0.00000 -0.00011 -0.00000 0.00001 0.00000 0.00001 0.00019 -0.00242 0.00044 -0.36392 0.00007 -0.09277 0.00002 0.03260
-0.00025 -0.00188 -0.03440 -0.00173 0.00006 -0.00310 0.00613 -0.00025 -0.00108 0.00058 -0.00075 0.00366 0.00242 0.00291 0.00241 -0.00000 -0.00036 0.01848 -0.00011 0.00011 0.00381 0.00000 0.00017 0.00007 -0.00982 -0.00969 -0.00004 -0.00838 -0.00259 -0.00930
0.00111 -0.00180 -0.00034 0.00058 -0.05203 -0.13707 0.00007 0.00312 -0.00000 0.00185 -0.00056 0.05417 0.00023 0.00132 -0.00001 -0.00057 -0.00009 -0.00193 0.00000 -0.00024 -0.00030 -0.00488 0.00000 -0.00038 -0.00186 -0.00144 -0.00048 -0.00104 -0.00010 0.00266
-0.01225 -0.00154 -0.00249 -0.00821 -0.00406 -0.00142 0.00044 0.00738 -0.00157 -0.83139 -0.00644 0.00874 -0.02921 0.00195 -0.00026 -0.00936 -0.00462 0.00550 -0.00513 -0.01405 0.00213 -0.03486 -0.00228 0.00000 -0.00325 -0.01541 -0.01247 -0.00748 -0.00003 -0.00021
-0.00007 -0.00010 -0.00000 -0.00019 0.00485 -0.00011 -0.00016 -0.00009 -0.00084 0.00018 -0.00065 0.00015 -0.01222 0.00013 -0.00095 -0.00045 -0.00679 0.00059 -0.00052 -0.00081 -0.00003 -0.00012 0.00036 -0.00045 0.00000 -0.00028 0.00050 -0.00000 -0.00146 -0.00350
-0.00020 -0.00167 -0.00000 0.00224 -0.00233 -0.00023 -0.00005 -0.22077 -0.00036 0.00002 -0.00193 0.00078 -0.01420 0.01067 -0.00022 -0.00096 -0.00017 0.01942 -0.00020 -0.00114 -0.00000 -0.00028 0.00148 -0.00007 -0.00117 0.00000 -0.00087 0.04318 -0.00004 -0.00474
-0.00007 -0.00449 -0.00419 -0.00006 -0.00037 0.00093 -0.00004 -0.00009 -0.00019 0.00101 -0.00173 0.00029 -0.00009 0.00352 -0.00124 0.00000 0.00400 0.00877 -0.00005 1.01564 0.00266 0.01026 0.00137 -0.00003 -0.00029 -0.00352 0.00000 -0.00248 0.00046 0.00038
-0.00009 -0.00000 -0.00000 -0.00010 -0.00213 -0.00009 -0.00005 -0.00061 -0.00019 0.00077 -0.00103 -0.00033 -0.01657 0.00008 -0.00373 -0.00018 0.00162 0.00695 -0.00009 -0.00060 -0.00000 -0.00014 -0.00015 -0.00120 -0.28493 0.00001 -0.00117 0.00000 -0.00044 0.00340
0.00519 -0.00183 0.01098 -0.00039 -0.01095 -0.01008 -0.00058 -0.00808 -0.00575 0.00643 0.00556 -0.00072 0.02258 0.00574 -0.00442 -0.00107 -0.01807 0.00800 -0.01052 -0.00121 0.00633 -0.00019 -0.00082 0.01737 -0.00104 -0.00218 -0.00422 0.00096 0.00000 -0.49130
-0.00013 -0.00000 -0.00000 -0.00080 -0.00023 -0.00010 -0.00012 -0.00314 -0.00008 -0.00049 -0.00080 0.00005 -0.00028 0.00000 0.00000 -0.00015 -0.00003 0.00142 -0.00002 -0.00027 0.00001 -0.00008 0.00032 -0.00483 0.00121 0.00149 -0.00044 0.00050 -0.00000 0.00000
