0.00000 -0.00000 1.62534 -0.09027 -0.26412 -0.45367 -0.11461 0.00001 0.11087 -0.00006
0.11401 0.00000 -0.00812 -0.05788 -0.09593 -0.10748 -0.04820 0.00008 0.03894 -0.00227
0.00000 0.00000 0.00000 -0.00000 -0.00001 -0.00001 -0.00045 -0.00000 0.00007 -0.00008
0.00001 -0.00003 -0.96529 0.00000 0.00002 0.00002 0.00107 0.00017 -0.00006 0.00008
0.00000 -0.00001 -1.24496 0.40705 0.00000 0.00000 0.00014 -0.00001 -1.64936 0.00000
-0.00000 -0.00000 -0.08005 0.07703 1.43796 0.00000 1.42443 0.00000 -0.14501 -0.00000
0.00000 0.00001 -0.01758 0.01693 0.06213 0.00000 0.00000 0.00002 -0.06740 0.00000
0.12583 0.01960 0.01255 -0.02875 -0.09553 -0.06850 -0.02188 0.00000 0.06180 -0.02631
0.00000 0.00001 0.16088 -0.12645 -0.00000 -0.00000 -0.00012 0.00001 0.00000 0.00000
-0.29613 0.00198 -0.11812 -0.03919 -0.11765 -0.19542 -0.04781 -0.00004 0.06494 0.00000
