0.00000 0.00000 0.00000 -0.51041 0.82970 2.96956 -0.79957 0.34613 1.28984 2.33844
0.00000 0.00000 0.00000 0.00000 0.96764 -0.34093 1.26301 0.00000 0.00000 0.00000
0.00000 0.00000 0.00000 0.56432 -0.86207 0.00000 0.00000 0.00000 0.00000 -0.62298
0.00000 0.61644 0.00000 0.00000 0.00000 0.00000 0.40174 0.00000 0.00000 0.00000
0.00000 0.00000 0.00000 0.51555 0.00000 -0.42787 0.00000 0.00000 0.00000 -0.76085
0.00000 0.00000 0.00000 0.00000 0.00000 0.00000 0.00000 0.68448 0.97335 0.00000
0.00000 0.00000 0.00000 0.00000 0.00000 -0.78211 0.00000 -0.42650 -0.72365 0.00000
0.00000 0.00000 1.09060 0.00000 0.00000 0.00000 0.00000 0.00000 0.00000 0.00000
0.00000 0.00000 0.32123 0.00000 0.00000 0.00000 0.00000 1.00674 0.00000 0.00000
0.00000 0.00000 0.00000 0.35964 -0.47788 -0.32545 0.41379 0.00000 0.00000 0.00000
