-0.00000 -0.00000 0.00100 -0.00000 0.68411 0.70889 0.00000 0.02526 0.00002 0.46333
0.48084 -0.00000 0.00002 0.00000 0.44378 -0.20042 0.00000 -0.00030 0.00000 -0.22550
-0.00003 -0.00000 0.00000 0.00012 -0.32247 -0.00000 0.00556 -0.00000 0.43681 0.00000
-0.17510 0.62038 -0.00000 -0.00000 0.25837 -0.00189 0.00000 -0.00007 0.00000 -0.00099
-0.00000 0.00000 -0.00000 0.00000 0.00000 -0.00000 0.00000 -0.00000 0.00000 0.00000
-0.00000 -0.00000 0.00991 -0.00000 -0.06014 -0.00000 0.00000 0.45762 0.00029 0.07470
-0.00431 0.00781 -0.00000 0.50289 0.36021 -0.00009 0.00000 -0.00000 0.00000 -0.00036
-0.00000 -0.00000 0.50343 -0.00000 -0.23585 -0.00000 0.00022 -0.00000 0.01229 0.25069
-0.00031 -0.00064 -0.00000 0.00739 -0.29194 -0.00000 0.44525 -0.00000 0.00000 -0.00008
-0.00000 -0.00000 0.01113 -0.00000 -0.22743 -0.00000 0.00000 0.00000 0.00023 0.00000
