0.00477 -0.00395 0.06191 -0.11041 0.01125 0.01776 -0.20404 0.03026 0.00987 0.03610 0.06784 0.01242 0.16278 -0.05717 0.00581 0.00641 0.01127 0.00686 0.05535 0.05154 0.00993 -0.03420 0.04181 0.03222 0.03180 -0.12861 0.02548 -0.00130 0.04612 0.45241
-1.20093 -0.00028 0.11186 0.98130 0.18698 0.03191 0.15379 0.20654 0.01599 0.33789 0.16648 0.02082 -0.53882 0.72936 0.02586 0.10425 0.03410 0.01556 0.10851 -0.70373 0.02810 -0.26110 0.17439 0.53382 0.24703 0.14267 0.17105 0.06669 0.32169 0.10976
0.00002 0.01561 0.00326 -1.62070 0.00572 -0.02397 0.13593 0.05344 0.02295 -0.02112 0.01100 0.00968 -0.02297 0.00230 0.01271 0.00869 0.02116 0.01407 0.04206 -0.01204 0.00816 -0.03688 0.02855 -0.21418 0.00818 -0.03565 0.02645 0.00769 -0.00520 -0.03328
-0.00550 0.00670 -0.00537 0.00793 0.01091 0.02937 0.01936 0.01121 0.01705 0.01468 0.00908 -0.00690 -0.00879 0.01243 0.00773 0.01982 0.00774 -0.00477 0.01462 0.00357 -0.00147 -0.03514 0.02108 -0.09670 -0.01139 0.03252 0.00243 -0.00907 0.01901 0.02926
0.04108 0.01583 0.00334 0.21532 -0.00022 0.15347 0.16982 0.13621 0.01546 0.02583 -0.01284 0.03002 0.02120 0.09067 0.11594 0.15868 0.18883 0.02552 -0.03744 0.12431 0.07063 1.58817 0.08969 -0.26589 0.06426 -0.02958 0.16501 0.07692 0.23485 -0.09647
0.08134 0.09021 -0.64557 0.42944 0.02269 0.00314 -0.01113 0.15097 0.01570 0.02605 0.06447 0.01019 0.05585 -0.00725 0.03704 0.08947 0.07116 -0.01771 0.06102 0.06118 0.01891 -0.18747 0.16117 0.04956 0.06160 0.01383 0.07781 0.01443 0.06567 1.33263
0.00179 0.00555 0.01059 -0.00608 0.00931 0.02375 -0.00013 0.00253 0.00204 0.00957 0.00768 0.00368 0.04001 0.01801 0.00275 -0.00075 -0.01259 0.00348 0.00248 0.02003 0.02011 -0.08113 0.00983 0.00514 0.00414 0.15212 0.01065 0.00549 0.00342 -0.04267
0.01498 0.01602 -0.00696 0.12133 0.01576 0.01606 0.26232 0.00202 0.04680 0.04212 -0.17790 0.07721 0.06532 0.06946 0.12347 0.11729 0.14481 0.00946 -0.00556 0.04265 0.08031 -0.09949 0.16915 -0.34044 0.09135 -0.04491 0.15846 0.00010 0.10965 -0.00748
0.63702 0.15213 0.00295 0.12448 0.14409 0.08947 0.40588 0.03941 0.00409 0.09828 0.13652 0.01397 -0.01195 0.13150 0.01640 0.03023 0.06619 0.19245 0.15921 0.05779 0.02887 -0.04012 0.07693 0.24038 0.04027 0.20230 0.02804 0.02912 0.03562 -0.38620
0.05011 0.00902 -0.12117 0.33286 0.05771 0.07124 -0.10529 0.08757 0.03897 0.00191 0.06635 -0.00390 0.01498 0.08709 0.02165 0.19671 0.06231 0.05215 0.03169 0.08178 0.01043 1.83820 0.03177 -0.02129 0.06106 0.22619 0.11814 0.05139 0.48414 -0.14349
0.02430 0.00898 0.02964 0.86864 0.09932 0.03694 -0.18531 0.01331 0.01385 0.07978 0.00116 0.08817 -0.19891 0.02565 0.08742 0.08470 0.04455 0.06216 0.02472 0.23674 0.01148 -0.09657 0.01100 0.36246 0.00523 0.14071 0.07422 0.04999 0.11484 -0.14291
0.07773 0.21147 0.55893 0.08932 0.20012 0.37669 0.51704 0.05581 0.26367 -0.48047 0.07370 0.00072 0.13257 0.20744 0.00982 0.42821 0.04830 0.26934 0.13683 0.34123 0.00731 -0.73376 0.11117 0.22827 0.07574 -0.37704 0.03489 0.00572 -0.51152 -0.42768
0.02089 -0.00543 -0.03139 -0.73990 0.11715 0.09456 0.01842 0.04711 0.02267 0.18026 -0.06229 0.02809 0.00216 0.05035 0.01464 0.07065 0.04057 0.01860 0.26473 0.34152 0.02061 -0.14306 0.02482 0.31784 0.00683 0.27370 0.04012 0.01801 0.12594 -0.21691
-0.03475 0.00608 0.19295 -0.06320 0.00629 0.00107 -0.04348 0.00463 0.02292 0.02585 -0.00764 0.02584 0.04447 0.00444 0.00933 0.02635 -0.00974 0.03670 0.54959 -0.11019 -0.00059 -0.07467 0.01260 0.08317 0.00792 0.04392 0.00388 -0.00350 0.01308 1.34278
0.16697 0.15130 -0.08013 0.32170 0.02128 0.11521 -0.32160 0.02058 0.17563 0.11670 0.02792 0.27947 0.19885 0.20935 0.00070 -1.27516 0.02115 0.06536 0.14529 0.08901 0.27858 -0.03722 0.01690 -1.58169 0.07447 0.02532 0.01422 0.01198 0.21034 -0.24786
0.06249 0.04696 -0.03619 0.13453 0.01168 0.04363 0.43452 0.01786 0.07046 0.01879 0.00908 0.01046 0.07995 0.08773 -0.00248 0.00130 0.01337 0.02288 0.05576 0.02775 0.05661 -0.11609 0.00735 0.21872 0.06925 -0.00618 0.00662 0.01231 0.03481 -0.11331
1.10845 0.07474 0.10595 0.08815 0.01050 0.03491 -0.17711 0.01916 0.06807 0.07599 0.06615 0.08322 -0.02145 0.08011 0.16487 0.18552 0.00322 0.04184 0.03894 -0.32368 0.15565 -0.27696 0.05926 0.17560 0.04152 -0.34192 0.01605 0.02455 0.05823 1.07646
0.11656 0.25642 0.41425 0.08942 0.14271 -0.41148 0.29176 0.22366 0.01349 0.12878 -0.03578 0.01189 0.09110 0.09984 0.06957 0.18177 0.16795 0.00038 0.03190 0.08366 0.01333 -0.16911 0.32028 -0.31430 0.05929 0.04698 0.10594 -0.03949 0.09719 -0.95763
0.04063 0.00919 -0.02091 0.11650 0.03689 0.04612 0.09895 0.05961 0.02408 0.11346 0.17894 0.05593 0.01033 0.01951 0.01826 0.06511 0.02318 0.10829 0.00061 0.19596 -0.00417 -0.19598 0.04019 0.23698 0.02114 0.16107 0.02121 0.00963 0.18596 -0.07554
0.03944 -0.00593 -0.03737 -0.04591 0.01902 0.04741 0.32424 0.03764 0.02264 0.03798 0.01066 0.00359 0.01288 0.00489 0.02948 0.03154 -0.02085 0.00052 0.02143 0.00649 0.01838 -0.01771 0.04252 -0.14800 0.02361 0.02116 0.03459 0.01367 0.04210 -0.19010
0.03973 0.15544 -0.06175 0.34479 0.07125 0.17259 0.09112 0.04548 0.10427 0.21805 0.22508 0.33839 0.10885 -1.14580 0.00732 0.08419 0.02950 0.23599 -0.55248 0.10729 0.00522 -0.26862 0.04403 0.35406 0.03634 0.22519 0.02463 0.01413 0.29355 -0.35695
-0.01326 0.00517 -0.00154 -0.06997 -0.00070 -0.00725 0.02074 -0.00783 0.01395 0.00361 -0.00643 -0.00138 -0.00047 -0.01333 -0.00715 -0.03237 -0.00448 0.01025 0.00817 -0.02220 0.00342 0.00055 0.00265 0.05306 -0.01105 0.00429 -0.01538 -0.01739 -0.05470 0.03641
0.03352 0.01585 -0.03139 0.08556 0.02846 0.02012 -0.04348 0.01673 0.03408 0.05291 0.17292 0.06360 0.13329 0.18271 0.20294 0.13668 0.08509 0.00891 0.08175 0.08089 0.09492 1.28857 0.00119 1.44453 -0.02612 0.06931 0.20312 -0.00836 0.17005 -0.21510
0.00916 0.00060 0.00048 0.01445 0.00144 0.01046 -0.25186 0.00389 0.00691 0.02060 0.00107 0.02368 0.00647 0.01035 -0.00406 0.02746 0.00967 0.00657 0.00241 0.01043 0.01107 0.10649 0.00396 0.00263 -0.00628 0.00069 0.00268 -0.00133 0.05137 -0.00202
-0.00334 0.01251 0.31405 -0.75444 0.05187 0.09421 -0.46709 0.01483 0.06716 0.06305 0.43562 0.03890 0.67224 0.20480 0.03888 0.07425 0.07700 -0.00222 0.07281 -0.09711 0.10815 -0.26835 -0.12315 0.03737 0.00076 0.20962 0.01675 0.79540 0.02537 -0.06399
0.00366 0.02497 -0.04098 0.09202 0.01876 0.01978 -0.03109 0.00805 0.00987 0.02724 0.00691 -0.01076 0.00811 0.03009 0.03606 0.03239 -0.02075 0.05520 0.01056 0.61943 0.01379 -0.03142 0.01229 0.13475 0.01238 0.00394 0.00799 0.01675 0.02974 -0.02722
0.05841 0.01832 -0.05498 0.41065 0.00733 0.03625 0.13229 0.01544 0.12811 0.02914 0.04320 0.11710 0.11541 0.11198 0.19829 0.30838 0.18603 0.05762 0.07680 0.08020 0.17917 -0.22720 0.01480 0.10025 0.17451 0.20932 0.00109 0.11104 -0.82710 0.57356
-0.02335 0.03741 0.94176 -0.63082 0.01491 0.22854 -0.22790 0.00030 0.07349 0.06611 -0.04964 0.03442 0.13187 0.00262 0.08781 0.06662 0.02153 -0.02513 -0.08608 -0.02804 0.12052 -0.04514 -0.08281 -0.27627 0.00642 -0.03446 0.02351 0.00013 0.04807 0.21187
0.03551 0.01056 -0.16794 0.23957 0.00869 0.05073 0.29671 0.01268 0.07588 0.00844 0.00001 -0.00393 0.03060 0.07770 0.01916 0.15499 0.09329 0.06350 0.01963 0.02895 0.00879 -0.11347 0.00661 -0.00869 0.11339 0.17154 -0.00446 0.06436 0.00430 -0.25388
-0.00380 0.00887 -0.14185 0.05818 0.00114 0.00898 0.06568 -0.00103 -0.00002 -0.01072 -0.03679 0.00012 -0.01070 0.00918 -0.00226 -0.01635 0.00778 -0.00381 -0.00313 -0.01774 -0.00307 0.08711 -0.00483 -0.11099 0.01761 -0.06146 0.00374 0.01003 -0.01359 0.00453
