-0.00000 0.00001 -0.00108 0.00000 -0.00134 0.00003 -0.00001 -0.00000 0.00016 0.00000 0.00000 0.00000 0.00000 -0.00000 0.00000 0.00254 -0.00127 0.00008 -0.00119 -0.00000 0.00045 0.00000 -0.00090 0.00002 0.00068 -0.00008 -0.00344 0.00028 -0.00016 0.00000
0.16156 -0.00000 -0.00015 0.00000 -0.00185 0.00000 -0.00054 0.00273 -0.00000 -0.00010 0.00000 -0.00002 0.00051 -0.00023 0.00001 -0.00154 -0.19303 0.00000 -0.00106 0.00002 0.43585 0.00000 -0.00195 0.00001 -0.00071 0.00000 -0.00065 0.00000 0.00005 -0.00000
-0.00198 -0.00000 0.00000 -0.00000 0.00107 0.00000 -0.00022 0.00008 -0.00015 -0.00106 0.00004 -0.00000 0.00002 -0.00024 -0.00000 0.00096 0.00000 0.00037 0.00004 0.00000 -0.00000 0.00000 0.00000 0.00000 0.00073 0.00110 0.00000 -0.00015 0.00000 0.00000
0.01437 -0.02413 0.00065 0.00000 0.00035 0.00369 -0.00169 0.01693 -0.00480 0.00786 -0.00115 -0.00300 0.00013 0.00517 0.00315 -0.00001 -0.00604 -0.07661 -0.00036 0.00027 -0.00135 0.00396 0.00072 0.01167 0.00569 -0.00157 -0.00502 0.00010 -0.00194 0.00135
0.00055 -0.00087 -0.00025 0.00053 -0.00000 0.00000 0.00000 0.00000 0.00000 0.00000 0.00000 -0.00010 -0.00000 -0.00000 -0.00003 0.00000 0.00009 -0.00070 0.00000 0.00007 -0.00003 0.00000 -0.00037 0.00000 0.00026 0.00000 0.02560 -0.00000 0.00025 0.00235
-0.00092 -0.00343 -0.07495 -0.00082 -0.00138 0.00000 -0.00000 0.00000 0.21161 -0.00170 -0.00000 -0.00000 0.00017 0.10162 0.00163 0.00000 -0.00832 0.00004 -0.00000 -0.00000 -0.00171 0.00000 -0.00154 -0.00022 -0.00221 0.00506 -0.00336 0.00034 -0.00000 0.00267
-0.05349 -0.00029 -0.00355 0.00018 -0.00077 0.02289 -0.00000 0.00001 -0.01440 0.07070 0.00067 0.32608 0.00229 0.00429 0.00003 0.00020 -0.01218 0.00066 -0.00015 0.00295 0.00273 0.00593 0.00019 0.00171 0.00035 0.10832 -0.00098 0.01036 -0.00066 0.00014
0.00131 -0.00102 0.00119 -0.00000 0.00518 0.00836 0.03526 -0.00000 -0.01440 0.07274 -0.00475 -0.09414 0.00027 0.00917 -0.00045 0.00004 -0.02313 0.00305 -0.00786 0.00364 0.00392 0.02964 0.00052 0.01493 0.00242 0.09183 -0.00205 0.00325 0.00611 0.00080
-0.01779 -0.11285 -0.00050 -0.00005 0.00586 0.00000 -0.00000 -0.00000 0.00000 -0.00000 -0.00000 -0.00000 0.00000 0.27691 0.00000 0.00013 -0.00338 0.00000 0.00004 -0.00063 0.00268 -0.00004 -0.00008 0.00000 -0.00031 0.00000 0.06409 -0.00000 -0.00000 -0.11306
-0.39383 -0.00992 -0.00342 -0.00018 -0.19719 -0.00229 0.00000 -0.00000 -0.06597 0.00000 0.00000 0.00017 0.00000 -0.00000 0.00000 -0.00183 -0.00751 -0.00007 0.00029 0.00000 0.00077 -0.00000 -0.00001 0.00010 -0.00074 0.32098 -0.00285 0.02035 -0.00000 0.00233
0.00677 -0.03918 0.00176 0.00000 -0.01664 0.03267 0.00009 -0.00088 0.50782 -0.01397 -0.00000 0.00006 0.00079 -0.29001 0.00028 0.00753 -0.02029 0.00212 -0.00198 0.00008 0.00597 0.00089 0.00000 0.00174 0.00214 -0.00176 -0.06386 0.00006 -0.00005 -0.08115
-0.07710 -0.00812 0.00101 -0.00037 -0.00465 0.09021 0.00000 0.00000 -0.03779 0.01177 -0.05020 -0.00000 0.00222 -0.00354 0.00259 0.00001 -0.00445 0.00009 -0.00120 -0.00143 -0.00045 0.00092 0.00009 0.00176 0.00271 0.03383 -0.00266 0.00342 -0.00000 0.00093
-0.00101 -0.00477 -0.00488 0.00272 0.00000 0.00474 -0.00049 -0.00000 -0.00600 -0.10806 0.00196 -0.00052 -0.00000 0.02520 0.00004 -0.00213 -0.00527 0.00919 -0.00060 0.00130 0.00005 -0.08646 0.00102 0.00700 0.00036 0.04966 0.00040 0.00187 -0.00070 0.00421
0.16665 -0.01075 -0.00118 0.00000 -0.34243 0.00000 -0.00002 -0.00000 -0.00000 0.00023 0.00000 -0.00000 0.00017 0.00000 0.00000 -0.00043 -0.01013 0.00055 -0.00007 -0.00011 0.00044 0.00000 0.00000 0.00000 0.00009 0.00000 0.00550 -0.00000 0.00000 0.01940
0.00333 -0.00853 -0.00616 0.00000 0.00579 0.00199 -0.00113 0.00001 -0.00551 -0.03596 0.00187 -0.00045 0.00254 0.00086 -0.00000 0.00003 -0.00889 -0.00375 -0.00117 0.00607 0.00003 -0.00000 0.00569 0.03384 0.00180 0.13712 -0.00110 0.00311 -0.00018 0.00135
0.00004 -0.00329 -0.00064 0.01348 0.29278 0.00645 0.00078 0.00305 -0.00020 -0.00093 0.00000 -0.00171 0.00025 0.00185 0.00402 -0.00000 -0.00931 0.00301 -0.00279 0.00101 0.00595 0.02263 0.00156 0.00864 0.00020 0.00060 -0.00324 0.00293 -0.00006 0.00106
0.00062 0.00000 0.13090 0.00000 -0.00000 0.00017 0.00000 0.00000 0.00000 -0.00023 -0.00024 0.00054 0.00003 -0.00000 0.00000 -0.00000 -0.00000 0.00005 0.04946 0.00000 -0.00000 0.00000 0.00000 -0.00159 0.00000 0.00035 -0.00000 -0.00000 0.00011 -0.00000
0.00568 0.00135 -0.00321 0.00000 0.00041 0.00346 -0.00216 0.00005 -0.01374 -0.01020 0.00051 -0.00713 0.00000 0.00226 0.00000 0.00014 -0.00674 0.00000 -0.00000 0.00000 -0.00028 0.00506 0.00005 0.00166 0.00000 0.00233 -0.00000 0.00172 -0.00072 0.00155
0.00034 -0.00015 -0.02386 0.00200 0.00143 0.00804 -0.00367 0.00000 -0.00069 -0.00406 -0.00021 -0.00110 0.00096 0.00374 0.00000 0.00019 -0.00000 0.03788 -0.00000 0.00137 0.00172 -0.00009 0.00000 -0.23495 0.00000 -0.00388 0.00000 0.00034 -0.00000 0.00001
0.03360 -0.00508 0.22526 0.00151 0.00004 0.02519 -0.00014 0.00000 0.00139 -0.01993 -0.00174 -0.00097 0.00067 0.00242 -0.00000 0.00032 -0.00935 0.00900 -0.00016 -0.00000 0.00062 0.00253 0.00027 0.00818 0.00007 0.00412 -0.00056 0.00191 -0.00019 0.00331
0.00165 0.00000 -0.00178 0.00000 -0.00046 0.00011 0.00142 0.00000 0.00000 -0.00094 0.00000 -0.00076 -0.00144 -0.00008 0.00146 0.00000 -0.00658 0.00044 -0.00017 0.00046 0.00000 -0.00000 0.00030 0.00013 0.00077 0.00009 -0.00063 -0.00000 -0.00000 -0.00000
0.00569 0.00293 -0.00637 0.00000 0.00851 0.01129 -0.00000 0.00019 -0.27066 0.11591 0.00092 -0.00107 0.00000 -0.14147 0.00644 -0.00000 -0.01452 0.00014 0.00061 0.00013 0.00540 -0.00000 -0.00000 -0.00048 0.00020 0.01522 -0.00795 0.00323 -0.00002 0.00256
0.00099 -0.00195 -0.03320 0.00012 0.00055 0.00163 0.00218 -0.00099 0.00042 0.00808 0.00814 -0.00151 0.00031 0.00372 0.00000 0.00019 -0.15425 0.00253 -0.00286 -0.00209 -0.00000 0.00796 -0.00000 0.00805 0.00268 -0.00243 -0.00092 -0.00058 -0.00023 0.00218
0.00755 -0.00799 -0.15390 0.00000 -0.03167 0.00064 -0.00162 0.00000 0.00535 -0.00084 -0.00001 0.00127 0.00000 0.01472 0.00000 -0.00000 -0.00005 0.00181 -0.00000 0.00000 0.00322 0.00000 0.00001 -0.00000 0.00003 -0.89231 -0.00060 0.00137 -0.00000 -0.00047
0.00132 -0.00483 -0.00101 0.00000 0.00027 0.00048 -0.00074 0.00007 -0.00279 0.00067 0.00052 -0.00031 0.00137 0.00379 0.00019 -0.00184 -0.00925 0.00035 0.00726 0.00410 0.00000 -0.00221 0.00027 0.00544 -0.00000 -0.00080 -0.00079 0.00066 -0.00024 0.00030
-0.00025 -0.01720 -0.00071 0.00024 0.35243 0.00068 0.00000 0.00000 0.10257 0.00000 -0.00101 -0.00000 0.00000 -0.07209 -0.00000 -0.00137 -0.00001 -0.00000 0.00000 0.00001 -0.00012 0.00000 0.00000 -0.00000 -0.00126 -0.00000 0.00974 -0.05033 -0.00057 0.00087
0.00009 0.00103 0.00150 0.00000 0.00000 0.00008 -0.00010 0.00011 -0.00000 -0.00027 -0.00002 -0.00015 0.00022 0.00013 0.00000 0.00004 0.65373 0.00186 0.00085 0.00000 -0.00007 0.00000 -0.00005 -0.00000 0.00054 0.00010 -0.00000 -0.00000 -0.00001 0.00002
0.00291 -0.04353 -0.00196 0.00324 -0.10405 0.00214 -0.00000 0.00000 -0.16308 -0.00000 0.00344 -0.00021 -0.00000 0.00522 0.00000 -0.00000 -0.01359 0.00087 -0.00014 0.00020 0.00292 0.00011 0.00047 -0.00000 -0.00106 0.00007 -0.04733 -0.00000 0.00020 0.00409
-0.00101 -0.01212 -0.00842 0.00000 0.00110 -0.33084 -0.00054 0.00000 -0.21829 -0.00156 0.00000 -0.17779 0.00043 -0.00030 0.00063 0.00167 -0.00762 0.00099 -0.00650 0.00131 0.00990 0.00190 0.00159 0.00680 0.00106 0.02203 -0.00062 0.00223 0.00000 0.04946
0.15806 -0.55161 -0.00555 0.00012 0.00052 0.00000 0.00051 0.00025 0.00000 -0.00038 -0.00000 -0.00004 0.00004 0.00046 0.00027 0.00000 -0.07703 0.00111 -0.00064 0.00006 -0.48379 0.00000 0.00031 0.00036 0.00232 0.00002 -0.00053 0.00000 0.00000 0.00000
