-0.00000 -0.00000 0.00029 0.00000 -0.00000 0.00000 0.00000 0.00000 -0.00000 0.00000 0.00000 0.00000 -0.00000 -0.00000 0.00000 0.00003 -0.00000 0.00000 -0.00000 -0.00000 0.00000 -0.00000 0.00000 -0.00000 -0.00000 -0.00000 0.00000 0.00000 0.00000 0.00000
-0.02379 0.00000 0.00000 -0.00000 -0.01040 -0.05043 -0.00013 0.00000 -0.00000 -0.00000 -0.00008 -0.00000 0.00000 -0.00000 -0.00005 -0.00201 -0.00041 0.02654 -0.02533 0.04538 -0.00000 0.04715 0.00000 -0.00000 0.00547 -0.00000 0.00000 -0.28116 -0.00208 -0.00271
-0.00639 -0.04319 0.00000 0.00000 -0.00000 0.00267 -0.00000 0.00088 -0.00000 -0.00000 -0.00000 -0.00059 0.00015 -0.00005 0.07399 0.00420 -0.00000 0.00086 -0.00623 0.02221 -0.00038 0.00072 0.00000 0.00000 -0.00000 -0.00000 -0.00000 0.00567 -0.00262 -0.00000
-0.05659 0.03523 -0.00353 -0.00000 -0.00029 -0.08773 -0.01207 0.00140 0.20941 0.00133 0.00153 -0.00000 0.00315 -0.16344 0.00003 0.01303 -0.00632 0.01170 -0.00822 0.00494 0.00153 0.00057 0.04303 0.00234 0.00650 -0.03015 -0.00849 0.03784 0.00768 0.01065
-0.35688 0.00000 0.00620 -0.00285 0.00000 0.00931 0.01289 -0.00000 -0.00011 0.00186 -0.00000 0.00000 0.00000 -0.00817 0.00004 -0.00003 0.17818 -0.00386 -0.00187 0.15483 0.00000 0.00000 -0.00434 -0.00000 0.04794 0.00088 -0.00003 0.00000 -0.00000 -0.00000
0.00095 -0.00000 -0.00092 -0.00000 -0.00000 0.00000 -0.03467 0.00001 -0.00000 0.00048 0.00264 0.00000 0.00001 -0.01556 0.00000 -0.23951 -0.00000 -0.73734 0.07447 0.00770 0.00000 0.00026 0.00001 0.00000 0.00471 -0.00000 -0.00000 -0.00000 -0.02149 -0.01400
-0.21556 0.00012 0.00000 0.00009 0.00000 -0.00002 0.00000 -0.00024 0.00008 0.00000 -0.00000 -0.00025 -0.00049 -0.00172 -0.00000 0.01060 -0.00000 0.00001 -0.00000 0.00000 -0.00165 0.00014 0.00000 0.00006 0.02781 0.14131 -0.00000 -0.00000 0.00290 0.00053
-0.01965 0.06229 0.00334 0.00031 -0.06370 0.00246 -0.00274 -0.00000 0.00326 0.00016 0.00000 -0.00000 -0.00000 -0.00466 0.00000 -0.00097 0.00065 0.01265 0.00375 0.00664 0.00000 0.03423 0.01153 0.00000 0.00474 -0.00268 -0.00144 0.01094 -0.04411 0.00000
-0.03477 0.01551 0.04241 0.00000 0.00002 -0.11142 -0.01093 0.00000 -0.00000 0.00000 -0.00000 -0.00007 -0.00073 -0.01830 0.00007 0.06233 -0.00000 0.00114 -0.00731 0.01449 0.02738 0.01885 0.00000 0.00000 0.00362 0.07673 -0.00077 0.01621 0.02043 -0.00255
-0.03574 0.02194 0.02209 0.00021 -0.00013 0.00094 -0.13843 0.00171 -0.02716 -0.00000 -0.00004 -0.00000 0.00271 -0.03749 -0.00079 -0.00007 -0.00000 0.09854 0.01512 0.12924 0.00000 0.00000 0.00000 0.00071 0.00109 -0.02580 -0.00000 0.01078 -0.00052 0.00803
0.00324 -0.00123 0.00614 0.00000 -0.00628 0.00034 -0.00387 0.01508 -0.00015 0.00011 -0.00000 0.00579 0.00621 -0.09715 0.00000 -0.00000 -0.02741 -0.00002 -0.00031 -0.09410 0.02084 0.00199 0.00098 0.00412 -0.00067 -0.00000 -0.03348 0.00004 -0.02021 0.00000
-0.09092 -0.13160 0.00294 0.00000 -0.04326 -0.00256 -0.00225 0.00924 -0.00130 0.00028 0.00000 0.00000 0.00429 0.00007 0.00009 0.00023 -0.01695 -0.00224 -0.01041 0.01346 0.00000 0.01397 0.00095 0.00686 -0.00002 -0.00008 -0.00023 0.00840 -0.00002 0.00011
-0.00840 0.05686 0.00918 0.00004 -0.07649 0.00315 -0.00245 -0.00000 -0.00065 -0.00000 -0.00000 -0.00000 -0.00000 -0.01763 0.00000 -0.00000 -0.00082 0.00588 -0.00324 0.00200 0.00000 0.02591 0.00402 0.00104 -0.00291 0.00173 -0.00136 -0.00106 -0.04927 0.00000
-0.08720 0.00417 0.00072 0.00000 -0.00004 -0.00005 -0.00085 0.00032 -0.00000 0.00000 0.00000 -0.00882 -0.00001 -0.00000 -0.00039 -0.00000 -0.01184 0.00026 0.00000 0.00002 -0.00462 0.00000 0.00096 0.00004 0.00000 0.00000 0.06849 -0.00005 0.00000 0.00000
-0.03025 0.00264 -0.00000 0.00218 -0.00111 0.00822 -0.04267 0.00059 -0.00041 -0.00004 -0.00000 -0.00000 0.00018 -0.00110 -0.00000 0.00356 -0.00196 0.00226 -0.02890 0.04776 0.00142 0.01801 0.01124 0.00105 0.00264 0.00266 0.00000 0.02321 -0.02103 -0.01287
-0.00962 -0.00000 0.00024 -0.00000 0.00117 0.00000 0.00000 -0.00000 0.00000 -0.00000 0.01283 0.00012 -0.00000 -0.00984 0.00002 0.00000 0.00000 -0.00000 -0.00000 0.00000 0.00006 0.01403 -0.00000 -0.00000 -0.26257 0.00012 -0.00009 0.00000 -0.20210 -0.00059
-0.10875 0.00077 0.03587 -0.00000 0.00000 0.05174 0.00067 0.00016 -0.00322 -0.02540 -0.00000 -0.00000 0.00006 -0.00000 0.00011 -0.00560 -0.00000 0.00256 -0.00115 0.04984 0.00000 0.00000 -0.25847 -0.00018 0.00089 0.04412 0.00000 0.00002 -0.00036 -0.00063
0.02487 0.00000 -0.00044 0.00000 -0.00010 -0.00000 -0.00896 0.00000 0.00000 0.00000 -0.00212 -0.00023 0.00002 -0.00185 -0.00004 -0.34813 -0.00000 -0.00000 -0.25572 0.00234 -0.00015 -0.00085 0.00000 0.00000 -0.00093 -0.00039 0.00000 -0.00000 0.01492 0.06643
-0.32808 -0.00000 0.00012 -0.00002 -0.00002 0.00000 -0.00362 0.00000 -0.00006 0.00000 0.00562 0.00000 0.00002 -0.00975 -0.00000 -0.13503 -0.00000 -0.00000 -0.00000 -0.72871 0.00012 0.00224 -0.00000 -0.00014 0.00936 0.00533 -0.00000 0.00000 -0.03000 -0.04623
-0.02873 0.00000 -0.00000 0.00025 -0.00000 -0.00000 0.38681 0.00000 0.00005 0.00000 -0.00000 -0.00000 0.00000 -0.00695 0.00000 0.00793 -0.00000 0.00000 -0.00000 0.00000 -0.00007 0.00000 0.00000 -0.00008 0.00238 0.01480 -0.00000 -0.00000 0.00054 0.00019
-0.02451 -0.29669 0.00478 0.00000 -0.06848 -0.00237 -0.00011 0.00228 -0.00000 0.00031 -0.00000 0.03769 0.00153 -0.00041 -0.00000 0.00096 -0.00239 -0.00290 -0.00258 0.00170 0.00000 0.00879 0.00002 0.00202 -0.00022 -0.00000 -0.00000 0.00655 -0.00011 0.00023
-0.01881 -0.00000 0.00114 -0.00021 0.34261 0.00048 0.00177 0.00000 -0.00000 -0.00316 -0.00012 -0.00000 0.00000 -0.02452 -0.00002 -0.00000 0.00327 -0.00030 -0.00017 0.00826 0.00000 0.00000 -0.00097 -0.00000 0.05543 0.00011 -0.00024 0.00000 -0.00000 -0.00000
0.08246 0.01822 0.00400 0.00000 -0.00000 0.00000 -0.14753 -0.00002 -0.16337 0.03156 -0.00000 -0.00000 0.00020 -0.00083 -0.00000 0.00560 -0.00000 0.54346 0.27760 0.12934 0.00000 -0.00005 -0.00000 0.00030 -0.00225 -0.33764 0.00000 0.00504 0.00303 0.02123
-0.00796 0.03967 0.01492 0.00009 -0.07124 0.00312 -0.00252 -0.00790 0.00574 0.00112 -0.00000 -0.00000 0.00089 -0.00184 0.00001 -0.00030 -0.00936 0.01855 -0.00897 0.00532 0.00000 0.00037 0.00606 -0.00000 0.01706 0.02628 -0.01122 0.01908 -0.04122 0.00001
-0.05533 0.00009 0.00058 0.00003 0.00000 -0.00000 0.00000 0.00012 -0.00000 0.00021 -0.00330 -0.00280 0.00010 0.25843 -0.00011 -0.00000 -0.00060 0.00000 -0.00000 0.00006 -0.00208 0.00000 0.00000 0.00000 0.00000 0.00000 0.00182 -0.00000 -0.00000 0.00034
-0.09305 0.01079 0.01335 0.00000 0.00017 -0.00239 0.00000 0.00000 0.00000 -0.00000 -0.00101 0.00232 -0.00000 -0.01125 0.00007 0.00245 0.00000 0.00162 -0.00003 0.00000 -0.03585 0.00696 -0.00000 0.00000 0.02674 -0.00000 -0.00030 -0.00076 -0.00905 -0.15441
-0.02699 0.13216 -0.20881 0.00000 -0.01043 -0.00030 -0.03449 -0.00060 -0.00040 0.00073 -0.00000 -0.00003 -0.00061 -0.00000 -0.04900 -0.00022 -0.06417 0.03250 -0.00295 0.02252 -0.00069 0.00132 0.01082 0.00006 0.00000 0.00087 -0.00000 -0.00189 -0.00000 0.00015
-0.00025 -0.00000 -0.00002 0.00000 -0.00776 0.04757 -0.01850 0.00000 -0.00000 -0.00000 0.00359 0.00000 0.00000 -0.00775 -0.00000 0.55032 -0.00382 -0.13420 -0.12304 0.01978 0.00000 -0.10836 0.00001 0.00000 -0.00096 0.00000 -0.00000 0.00000 -0.02798 0.04115
0.06901 0.00011 0.00001 0.00014 -0.00437 -0.00000 -0.00031 0.00000 -0.00000 0.00070 -0.00000 -0.00551 0.00000 0.18211 -0.00000 -0.00000 -0.00235 0.00000 0.00000 -0.00106 -0.00417 -0.16697 0.00005 0.00000 -0.00517 -0.00000 0.00428 -0.00000 0.00000 0.00000
0.29835 0.00000 0.00540 0.00000 -0.02324 -0.00000 -0.00000 0.00122 -0.00001 0.00002 0.01016 0.00013 0.00402 -0.00442 -0.00000 0.00010 -0.00018 0.00000 0.00000 -0.00007 0.00000 -0.00787 0.00000 0.00022 -0.00770 0.00000 0.00039 0.00000 0.44380 0.00000
