0.00000 0.00000 0.00000 -0.30593 0.00000 0.00000 0.00000 0.00000 0.00000 0.00000
-0.30861 0.00000 0.00000 0.00000 0.00000 0.00000 0.00000 0.00000 0.00000 0.59508
-0.41416 -1.16968 0.00000 0.00000 -0.49105 0.00000 -0.35874 0.00000 0.00000 -0.66591
0.00000 0.00000 0.00000 0.00000 0.00000 -0.67094 0.00000 -1.32101 0.00000 0.00000
0.00000 0.00000 0.00000 0.00000 0.00000 0.00000 0.00000 0.00000 0.00000 0.00000
0.00000 0.00000 -0.32504 0.00000 0.00000 0.00000 0.00000 0.00000 0.00000 0.00000
0.00000 0.00000 0.00000 -0.35259 0.00000 0.00000 0.00000 0.00000 0.00000 0.00000
0.00000 0.00000 -0.32692 0.00000 0.00000 -0.42131 0.00000 0.00000 -0.87954 0.00000
0.00000 0.00000 0.00000 0.00000 0.00000 0.00000 0.00000 0.00000 0.00000 0.00000
0.00000 0.00000 0.00000 0.00000 0.00000 0.00000 0.00000 0.00000 0.00000 0.00000
