0.00000 0.00000 0.00000 -0.52694 0.00000 0.00000 0.00000 0.00000 0.00000 0.00000
0.00000 0.00000 0.00000 0.00000 0.00000 0.00000 0.00000 0.00000 0.00000 0.00000
0.00000 0.00000 0.00000 0.00000 0.00000 0.00000 -0.53353 0.00000 0.00000 0.35491
0.00000 0.00000 0.00000 0.00000 0.00000 0.00000 0.00000 -0.52608 0.00000 0.00000
0.00000 1.10401 0.00000 0.00000 0.00000 0.00000 0.00000 0.00000 0.00000 0.00000
0.00000 0.00000 -0.49948 0.00000 -1.24183 0.00000 0.00000 0.00000 0.00000 0.00000
0.00000 -0.68938 0.00000 0.00000 0.00000 0.00000 0.00000 0.00000 0.00000 -0.91692
0.00000 0.00000 0.00000 0.00000 1.00343 -0.52608 0.00000 0.00000 0.00000 0.00000
-0.53058 0.00000 0.00000 0.00000 0.00000 0.00000 0.00000 0.00000 0.00000 0.00000
0.00000 -0.51173 0.00000 0.00000 0.00000 0.00000 0.00000 0.00000 0.00000 0.00000
