-0.00000 -0.02326 -0.00857 0.00000 0.00010 -0.00000 -0.00001 -0.05397 -0.00081 0.00006 -0.01942 0.00003 -0.00000 -0.09319 -0.00036 -0.00000 -0.00042 -0.02143 -0.05593 0.20738
-0.00003 -0.00000 0.00000 -0.00006 0.00000 0.00000 -0.00000 0.00000 0.00000 -0.00007 -0.00002 0.00000 0.00002 -0.00032 -0.00000 -0.00000 -0.00000 -0.00003 0.00001 -0.00006
-0.00001 -0.03696 0.00000 -0.00005 -0.00000 0.00001 -0.00000 -0.00000 0.00001 -0.00004 -0.00002 0.00001 0.00001 -0.00578 -0.00000 0.00000 0.00000 -0.00001 -0.00000 -0.50325
-0.07815 -0.06833 -0.07755 -0.00000 0.00001 0.00000 -0.00000 0.00321 0.00006 0.70771 0.00521 -0.00000 -0.86530 0.50586 -0.00002 -0.00000 0.00028 -0.00023 -0.17074 0.14832
0.00147 -0.24793 -0.07137 -0.05593 0.00000 -0.11028 -0.02750 -0.00120 0.00000 -0.78812 -0.00015 -0.00000 0.00343 -0.05125 -0.00000 -0.39418 -0.00000 0.00003 -0.02331 -0.01048
0.00176 -0.03089 -0.03225 -0.14428 -0.00001 0.00000 -0.00000 -0.01436 0.00004 -0.30176 -0.00267 -0.00000 0.11787 -0.05216 -0.00002 0.00000 0.00006 -0.00026 -0.10195 -0.06489
-0.00687 -0.20662 -0.03316 -0.21943 0.00000 -0.11919 0.00000 -0.06469 0.00005 -0.12959 -0.00775 0.00000 0.01741 -0.14142 -0.00004 -0.00000 -0.00000 -0.00090 -0.05523 -0.01577
0.00000 -0.18890 -0.12645 0.00000 0.00024 0.00001 0.00002 -0.00000 -0.00442 0.00007 -0.48332 -0.00008 0.00000 -0.01223 -0.00072 0.00006 -0.00144 -0.16375 -0.00000 0.07400
0.00002 -0.06534 -0.08855 -0.00008 -0.00451 -0.00063 -0.00028 -0.00000 0.00000 -0.04592 -0.00000 -0.06494 0.00002 -0.08584 -0.26102 -0.00143 -0.66805 -0.00000 -0.00001 -0.03164
0.02019 0.06109 -0.00641 -0.00000 0.00000 0.00000 -0.00000 0.00018 0.00003 0.00000 0.00017 -0.00000 -0.08148 0.06451 -0.00000 -0.00000 -0.00000 -0.00003 0.00201 0.16258
-0.00002 -0.06685 -0.07192 -0.00000 0.00014 0.00005 -0.00003 -0.00000 -0.02600 -0.00002 -0.00000 -0.00038 0.00001 -0.11119 -0.00233 0.00003 -0.00776 -0.54829 -0.00000 -0.00297
-0.00195 0.77410 -0.04018 -0.12344 -0.70819 -0.07900 -0.06123 -0.00016 0.00000 -0.02741 0.00001 -0.00000 0.00433 -0.04781 -0.00000 -0.29067 -0.00000 -0.00004 -0.00026 -0.03682
-0.69004 -0.05135 -0.08624 -0.00000 -0.00006 0.00000 -0.00000 -0.29280 -0.00013 0.00000 -0.12044 -0.00001 0.00000 -0.22541 -0.00026 -0.00000 -0.00004 -0.00869 -0.22274 -0.54723
-0.00001 0.00453 0.00007 -0.00000 0.00001 0.00000 0.00000 -0.00003 0.00000 -0.00003 -0.00003 0.00002 0.00000 -0.00000 -0.00001 -0.00000 -0.00006 -0.00000 -0.00000 0.00018
-0.00015 -0.09784 0.20161 -0.01307 -0.02379 -0.05671 -0.01587 -0.00006 0.00000 -0.02925 -0.00003 -0.43390 0.00042 -0.03704 -0.00000 -0.06467 -0.00000 0.00000 -0.00001 -0.04403
-0.01262 -0.35315 -0.09086 -0.20836 0.00000 -0.38274 -0.65908 -0.00760 0.00002 -0.09868 -0.00087 -0.00000 0.03666 -0.14980 -0.00000 0.00000 -0.00000 0.00000 -0.13874 -0.05177
-0.00005 -0.05790 -0.06568 -0.00127 -0.02896 -0.01616 -0.00237 -0.00005 0.00000 -0.05167 -0.00000 -0.26392 0.00011 -0.09703 -0.48268 -0.01479 -0.00000 -0.00000 -0.00005 -0.04366
-0.00003 -0.06231 -0.10506 0.00008 -0.00014 0.00017 -0.00002 -0.00000 -0.73376 -0.00098 -0.00000 -0.00296 0.00004 -0.07681 -0.01991 0.00002 -0.08840 -0.00000 -0.00000 -0.04691
-0.00002 -0.05899 -0.06286 0.00000 -0.00006 -0.00000 -0.00000 -0.33510 -0.00050 0.00007 -0.13623 -0.00002 -0.00000 -0.15980 -0.00035 0.00001 -0.00018 -0.02123 -0.00000 0.04116
-0.00000 0.01028 0.00000 0.00000 0.00005 -0.00001 -0.00000 -0.00000 0.00003 -0.00002 -0.00020 -0.00001 -0.00000 0.00999 -0.00001 0.00000 -0.00003 -0.00003 -0.00002 0.00000
