-0.00000 -0.07319 -0.04162 -0.00010 -0.04947 -0.00001 -0.04492 -0.00000 0.00000 0.00104
-0.00001 0.00000 -0.00000 -0.03292 -0.00000 -0.00083 -0.10331 -0.00030 -0.00001 0.00000
-0.00001 -0.15673 0.00000 -0.00222 0.00007 -0.00067 0.00569 -0.00000 -0.00000 -0.09763
-0.01247 0.00000 -0.00024 -0.00000 -0.00043 -0.09427 0.00000 -0.08624 -0.01739 0.00000
-0.00001 -0.12552 -0.01001 -0.00201 -0.00000 -0.00057 0.03562 -0.00000 -0.00000 -0.08570
-0.07787 0.00128 -0.00083 -0.00000 -0.00188 -0.00000 0.00010 -0.09202 -0.11640 0.00000
-0.00001 -0.00000 0.00002 -0.05897 0.00000 -0.00530 0.00000 -0.00040 -0.00002 0.00000
-0.06231 0.00067 -0.05287 -0.00000 -0.05150 -0.00000 0.00257 -0.00000 -0.04629 0.00070
-0.02446 -0.05180 -0.07464 -0.00006 -0.07699 -0.00000 -0.03082 -0.00001 0.00000 0.00138
-0.00304 0.22510 -0.00001 -0.08391 -0.00001 -0.07854 -0.04515 -0.00122 -0.00008 0.00000
