-0.00004 0.00018 0.00008 -0.00034 -0.00004 0.16641 -0.00051 0.00081 -0.24315 -0.00409 0.00001 0.00012 -0.00088 -0.00079 0.00018 0.00262 0.00073 0.00018 -0.00001 0.00015 0.00016 0.00030 -0.36513 0.07737 -0.00008 0.00004 0.00015 0.00017 -0.00017 0.00029
-0.55724 0.00006 -0.26697 -0.14659 -0.29920 -0.63657 -0.00951 0.15131 0.30621 -0.61055 -0.32954 -0.15832 -0.60881 -0.00714 -0.18799 0.13810 0.07834 -0.04918 -0.12645 -0.30670 -0.01391 -0.02920 -0.80709 -0.44420 0.38302 0.00860 0.00197 -0.21869 -0.15278 -0.37402
-0.44061 0.00040 0.00001 -0.00044 -0.00114 -0.58258 -0.00150 0.00230 0.40956 -0.38090 -0.00696 -0.00003 -0.47265 -0.00316 0.00001 0.04577 0.00064 -0.00105 0.00022 0.00117 0.00011 0.00280 -0.47581 -0.45153 0.32253 0.00088 0.00089 0.00450 -0.00010 0.00045
1.38290 0.00632 -0.17350 -0.00042 -0.01172 -0.03255 -0.01672 -1.34651 0.12287 0.97735 -0.26525 -0.02157 0.65014 -0.04756 0.00106 0.27282 -0.03766 -0.38967 -0.40509 0.43667 -0.02828 -0.15041 0.84996 0.78100 -0.67372 0.25989 0.05777 0.11341 -0.60748 0.01281
0.86635 0.00053 0.21738 -0.12717 -0.00001 0.66139 -0.00673 -0.38232 -0.52035 0.71863 0.41960 -0.06655 0.61344 -0.01480 -0.00003 -0.33856 -0.05243 -0.08764 -0.23917 0.12699 0.00026 -0.00018 0.83649 0.56619 -0.65806 0.01603 0.00944 0.22562 -0.13040 0.00879
-0.00333 0.00024 0.00045 -0.00076 -0.00011 -0.00021 -0.00071 0.00030 0.00232 -0.00075 0.00021 0.00028 -0.00073 -0.00022 0.00027 0.00075 0.00036 -0.00023 -0.00012 0.00017 0.00010 0.00015 -0.00117 -0.00108 -0.00079 -0.00019 0.00011 0.00058 -0.00052 0.00056
-0.84257 0.39795 -0.68811 0.30812 0.46462 -0.81948 -0.00015 0.96971 0.85482 -0.95499 -0.91310 0.54030 -0.90549 -0.00927 0.38688 0.87211 1.01491 0.72063 0.63476 -0.69047 -0.43184 -0.67493 -0.70784 -1.22747 1.10091 -0.83463 -0.54051 -1.05779 0.60277 0.55932
0.89891 -0.01786 0.37045 -0.00077 -0.00301 0.85522 -0.00143 0.00052 -0.69418 0.58236 0.23534 -0.00075 0.42119 -0.00963 -0.00399 -0.32007 -0.19001 -0.21303 -0.00114 0.12772 0.00039 0.04425 0.64673 0.59314 -0.69979 0.00042 0.00222 0.19564 -0.00277 -0.00712
0.00448 -0.00010 -0.00140 -0.00022 -0.00011 0.49893 -0.00049 0.00223 0.00003 -0.00953 -0.00074 -0.00001 -0.00083 -0.00123 -0.00003 -0.00760 0.00048 0.00070 0.00002 -0.00009 0.00005 0.00020 0.23442 0.45734 0.00081 0.00021 0.00029 -0.00152 -0.00009 0.00007
-0.44908 0.00062 0.01335 0.00002 0.00014 -0.76516 -0.00071 -0.00885 0.42161 0.00007 0.00510 0.00010 -0.02786 -0.00134 0.00017 0.00050 -0.00166 0.00412 0.00029 0.00116 0.00004 0.00042 -0.44692 -0.44903 0.02662 0.00012 0.00026 0.00878 0.00018 0.00047
-0.53458 0.00032 -0.18127 -0.00047 -0.00023 -0.63145 -0.00121 0.00429 0.44079 -0.49639 -0.00000 -0.00005 -0.57422 -0.00326 -0.00001 0.02533 0.00059 0.00027 0.00023 0.00111 0.00010 0.01751 -0.54439 -0.50640 0.41007 0.00078 0.00101 -0.17373 -0.00009 0.00044
1.07140 0.00214 0.49494 -0.11023 -0.05718 0.75812 -0.00552 -0.52089 -0.77324 0.80648 0.47611 0.00003 0.89929 -0.03161 -0.00003 -0.67626 -0.39433 -0.20250 -0.29984 0.16297 -0.06483 0.15210 0.80246 0.95016 -1.04897 0.15683 0.01142 0.45962 -0.04799 -0.00393
0.98446 0.00110 0.00936 0.00003 0.00026 1.36990 -0.00056 -0.00986 -1.05928 0.44078 0.00427 0.00039 -0.00050 -0.00045 0.00051 -0.03502 -0.00184 0.00310 0.00028 0.00136 0.00060 0.00025 0.59749 0.91539 -0.00067 -0.00009 0.00002 0.01738 0.00015 0.00107
-0.44787 -0.44361 -0.57657 -0.13895 -0.27510 -0.73221 -0.41979 0.27504 0.57025 -0.67300 -0.54978 -0.13115 -0.77052 0.00022 -0.22012 0.36034 0.27271 0.10693 -0.04749 -0.54804 -0.00097 -0.36999 -0.62309 -0.66989 0.47339 -0.15663 0.01431 -0.27858 -0.12023 -0.24422
0.07329 0.00130 0.52046 -0.16203 -0.41592 0.14521 -0.01018 -0.11640 -0.38144 0.14775 0.49499 -0.43677 0.03109 -0.02428 0.00017 -0.62625 -0.63776 -0.03350 -0.23716 0.07927 -0.01063 0.35744 0.05382 0.14619 -0.34353 0.19523 0.00254 0.63787 -0.04867 -0.25906
-0.28919 0.00077 -0.01661 -0.00066 -0.00030 -0.31867 -0.00141 0.00533 0.00476 -0.11011 0.14543 0.00004 -0.18118 -0.00579 0.00007 0.00003 0.00109 0.00056 0.00019 0.18532 0.00015 0.07323 -0.29486 -0.11954 0.04508 0.00084 0.00118 0.08585 -0.00015 0.00070
0.18350 0.00173 0.45063 -0.00096 -0.00305 0.29570 -0.00151 0.01679 -0.61051 0.36438 0.46679 0.00003 0.32909 -0.00774 0.00019 -0.34837 0.00016 0.00043 0.00020 0.00422 0.00029 0.09340 0.45856 0.33992 -0.41580 0.00423 0.00698 0.20242 -0.00030 0.00189
-0.08082 -0.00562 0.15505 0.00038 0.00487 -0.21398 -0.00283 -0.04656 -0.06033 -0.09559 0.12987 0.00117 0.13660 -0.02092 0.00536 -0.19612 -0.41573 -0.00006 0.00110 0.22320 -0.00059 0.30311 -0.03429 -0.07332 -0.01503 0.00472 0.05645 0.09994 0.00078 -0.00161
1.10399 -0.00819 0.65629 -0.00068 -0.00121 0.86169 -0.00395 -0.63059 -0.81162 0.86036 0.66399 -0.00105 0.78273 -0.03666 -0.00220 -0.67875 -0.62759 -0.48714 0.00000 0.36862 -0.00219 0.28396 0.93818 0.82553 -0.89334 0.30296 0.01401 0.60695 -0.09272 -0.07736
-0.67340 0.00051 -0.26007 -0.00052 -0.00616 -0.51376 -0.00249 0.02926 0.38975 -0.52686 -0.27478 -0.00559 -0.64103 -0.00404 -0.00245 0.00360 0.12749 -0.00166 0.00018 0.00002 0.00014 0.00171 -0.83952 -0.57921 0.41993 0.00252 0.00171 -0.18473 -0.00033 -0.09089
-1.30288 0.02875 -0.67383 -0.01838 0.34639 -0.86544 -0.00952 0.49088 0.73858 -0.90606 -0.58318 0.02110 -0.80128 -0.12351 -0.08793 0.46671 0.38133 0.33054 0.21533 -0.49280 0.00005 -0.40853 -1.00701 -1.00621 0.62190 -0.41300 -0.24583 -0.62711 0.12695 -0.02522
0.39203 -0.00374 0.25136 -0.00230 0.01056 0.56680 -0.00283 -0.15406 -0.56380 0.55870 0.17425 -0.00844 0.84265 -0.00826 -0.00008 -0.05431 -0.02607 0.00027 -0.00065 0.20571 0.00018 0.00002 0.76781 0.66469 -0.74185 0.00264 0.00436 0.01697 -0.00341 0.02741
-0.00067 0.00042 0.00071 -0.00046 -0.00014 0.13363 -0.00086 0.00072 0.01018 -0.00244 0.00033 0.00032 -0.00101 -0.00071 0.00035 0.00125 0.00038 0.00040 -0.00001 0.00035 0.00044 0.00022 -0.00060 0.12143 -0.00034 -0.00000 0.00022 0.00070 -0.00041 0.00061
0.00342 0.00032 0.00145 -0.00037 -0.00002 0.37331 -0.00045 -0.00065 0.00231 -0.00027 0.00070 0.00015 -0.00065 -0.00058 0.00025 -0.00155 0.00028 0.00239 0.00007 0.00047 0.00020 0.00025 -0.00015 -0.00045 -0.00024 0.00007 0.00011 0.00226 -0.00009 0.00038
0.47216 0.00193 0.03010 0.00029 0.00040 0.54607 -0.00066 -0.01046 -0.27822 0.30072 0.01226 0.00016 1.32544 -0.00174 0.00032 -0.13368 -0.00292 0.00668 0.00040 0.00341 0.00015 0.00035 0.78920 0.41336 -0.00024 0.00007 0.00022 0.06825 0.00034 0.00107
-0.80335 -0.17766 -0.52891 -0.00177 -0.14672 -0.70315 -0.00220 0.45394 0.61876 -0.72883 -0.57366 -0.01380 -0.70777 -0.01863 -0.00710 0.51601 0.24104 0.17304 0.00002 -0.37749 0.00039 -0.36295 -0.67480 -0.79178 0.68586 -0.00000 0.00371 -0.50372 -0.00233 -0.01672
-0.80579 -0.31064 -0.54532 -0.01726 -0.15262 -0.68734 -0.00581 0.51870 0.60076 -0.64294 -0.51965 -0.05709 -0.70282 -0.07801 -0.35278 0.46045 0.10190 0.05317 0.03735 -0.41825 0.00061 -0.25973 -0.55918 -0.86645 0.64479 -0.30527 0.00001 -0.43796 -0.03068 0.01490
-0.40857 0.00123 0.01555 -0.00050 -0.00117 -0.45672 -0.00123 -0.00482 0.31252 -0.35034 0.00736 0.00001 -0.25410 -0.00651 0.00005 0.00781 0.00091 -0.00870 0.00033 0.00261 0.00006 0.12596 -0.40588 -0.26904 0.13609 0.00085 0.00119 0.00001 -0.00005 0.00084
0.78616 -0.00299 0.67479 -0.00036 -0.01496 0.94063 -0.00446 -0.56497 -0.82474 0.92209 0.68880 -0.09114 0.92174 -0.03049 -0.06044 -0.70411 -0.61314 -0.47535 -0.08067 0.40342 -0.01273 0.23348 1.06180 0.78534 -0.88945 0.29118 0.04931 0.60448 -0.00004 -0.05668
-1.01809 0.00035 -0.42794 -0.12430 0.02053 -0.65970 -0.00524 0.29000 0.40491 -0.62613 -0.38611 -0.11464 -0.75791 -0.01576 -0.00029 0.36966 0.20931 -0.01357 -0.00957 0.00641 0.04510 0.05059 -0.69745 -0.62310 0.48763 -0.04262 0.02697 -0.34886 -0.04416 0.00014
