0.00000 -0.00000 -0.00000 0.00000 -0.00000 0.00000 -0.00000 0.00022 0.00000 0.00000 -0.00000 0.00000 0.00000 0.00000 0.00000 0.00023 0.00000 -0.00000 -0.00000 -0.00000 -0.00000 -0.00014 0.00012 0.00000 -0.00000 -0.00000 -0.00000 -0.00000 -0.00000 -0.00000
-0.57094 -0.00000 0.00017 0.18621 0.00009 0.00152 -0.00025 0.00025 0.00000 0.00064 -0.00000 -0.00011 -0.00000 0.00000 0.00021 0.00021 0.00000 -0.00004 0.00000 -0.13593 -0.00000 0.00069 -0.00003 -0.00008 0.00000 0.02477 -0.00000 -0.00026 -0.00002 0.00180
-0.26071 -0.00000 0.00000 -0.65915 -0.00007 -0.00000 -0.00069 0.00023 0.00004 -0.00000 -0.00018 0.00000 0.00000 -0.00001 0.00000 0.00146 0.00000 0.00000 0.00058 -0.00022 0.00000 -0.11419 -0.00101 -0.00000 0.00000 -0.00000 0.00004 0.00000 -0.00000 -0.16989
-0.15971 0.00000 -0.00000 0.00000 -0.00000 0.00000 0.00000 0.00000 0.00000 0.00000 0.00000 -0.00000 -0.00000 0.00007 0.00000 -0.00000 0.00000 -0.00000 0.00007 0.00022 0.00000 -0.01522 0.01320 0.00023 -0.00002 0.00000 -0.00000 -0.00000 -0.00000 0.00000
-0.00062 -0.00006 -0.00097 0.02958 -0.00000 0.01246 0.00003 0.00020 0.00000 0.00135 -0.00028 -0.00024 -0.00008 0.00023 0.00016 0.00000 0.00041 -0.00000 0.01835 0.00000 0.00000 0.12023 0.00000 -0.00011 -0.00000 0.00000 -0.00006 -0.00028 -0.00009 0.00017
-0.08279 0.00000 -0.31678 0.00000 -0.00000 0.00000 0.00011 0.00039 0.00007 0.00022 -0.00012 -0.00000 -0.00000 0.00026 0.00000 0.00026 0.00000 -0.00000 0.01817 -0.00000 0.00000 -0.08065 -0.00000 -0.00000 0.00002 -0.00003 0.00000 -0.00043 -0.00001 0.12707
-0.14216 0.00000 0.00069 0.03148 0.00015 0.00033 -0.00000 0.00032 -0.00000 -0.00060 0.00000 -0.00045 -0.00004 0.00067 0.00021 0.00019 -0.00000 -0.00001 0.00443 0.21911 -0.00000 -0.04451 0.00000 -0.00000 0.00000 0.05365 0.00018 -0.00009 -0.00024 -0.09870
-0.00050 -0.00018 0.00000 0.02584 0.00000 0.00093 0.00028 -0.00000 0.00011 0.00031 -0.00006 0.00004 0.00005 -0.00019 0.00032 0.00000 0.00014 -0.00003 0.00150 0.00001 0.00000 -0.01444 0.00006 -0.00000 0.00002 0.00009 -0.00000 -0.00020 -0.00001 -0.01222
0.12733 -0.00133 -0.00034 0.01967 0.00013 0.00428 0.00010 0.00014 -0.00000 0.00054 -0.00009 -0.00023 -0.00011 -0.01017 0.00009 0.00043 0.00737 -0.00005 0.00557 -0.00001 0.00000 -0.00472 0.00000 0.00000 0.00018 0.00000 0.00018 -0.00055 -0.00005 -0.00020
-0.00033 0.00000 -0.11550 0.00207 -0.00000 0.00181 0.00062 0.00037 0.00001 -0.00000 0.00000 -0.00000 0.00003 0.00005 0.00006 0.00015 0.00000 0.00000 0.00142 0.00000 0.00000 0.31070 0.00000 -0.00000 0.00000 0.00000 -0.00000 -0.00124 0.06893 -0.00008
-0.00000 -0.00050 -0.00011 0.09360 -0.00000 0.00040 0.00010 0.00051 0.00010 0.00034 -0.00000 0.00006 -0.05780 -0.04140 0.00027 0.00021 0.00021 -0.00000 0.00488 0.00000 0.00000 -0.01113 -0.00002 -0.00004 0.00000 0.00000 -0.00002 -0.00041 0.00000 -0.00828
-0.02110 -0.00001 0.01441 0.06524 0.00000 0.00019 0.00000 0.00017 0.00000 -0.12666 -0.00011 -0.00000 -0.00011 0.00015 0.00019 0.00042 -0.00446 -0.00017 0.00057 -0.06479 -0.00009 -0.15008 0.00000 -0.00000 -0.00000 -0.23931 0.00016 -0.00038 -0.00041 -0.09422
0.02541 -0.07080 0.04663 -0.20818 -0.00000 0.00000 0.00001 0.00016 0.00006 0.00025 -0.00000 -0.00008 0.00000 -0.10807 0.00013 0.00000 0.00111 -0.00013 0.00142 0.01048 -0.00000 -0.00009 0.00018 0.00007 -0.00000 -0.02718 0.00000 -0.00000 -0.00002 -0.00033
-0.26161 0.07797 0.00029 0.00957 0.00000 0.00001 0.00000 0.00000 -0.00001 0.00095 -0.00000 -0.00223 -0.00000 0.00000 0.00000 0.00052 0.00019 -0.00117 0.00000 -0.04070 -0.00000 0.00119 0.00004 0.00000 0.00025 0.01076 0.00016 -0.00000 -0.00017 0.32905
-0.00091 -0.00000 -0.00006 0.05532 0.00000 0.01021 0.00022 0.00041 0.00000 0.00019 -0.00017 0.00000 0.00009 0.00000 -0.00000 -0.07517 0.00000 -0.00000 0.00165 -0.00000 -0.00000 -0.00020 -0.00000 -0.19241 -0.00016 0.00000 0.00000 -0.03709 -0.00000 -0.04312
-0.00028 0.00037 -0.00019 0.02249 0.00006 0.00056 0.00027 0.00060 0.00000 0.00060 -0.00000 0.00007 -0.00031 0.00000 -0.00000 -0.00000 0.00000 -0.00001 0.00221 -0.00000 0.00000 -0.04614 0.00000 0.00000 -0.00007 -0.00000 0.00000 -0.00017 0.00001 -0.00746
0.60504 -0.00009 -0.01326 0.00945 0.00000 0.02177 -0.00354 0.00009 -0.00012 0.00339 -0.00002 0.00000 0.00000 0.00044 0.00022 0.00032 0.00000 -0.00002 0.01722 -0.00067 0.00000 0.00066 0.00000 -0.00000 0.00000 -0.00000 0.00000 -0.00040 0.00000 0.28449
-0.00037 -0.00000 0.03504 0.06698 0.00000 -0.14111 0.00030 0.00023 -0.00009 0.00051 -0.00007 -0.00000 -0.00000 0.00000 0.00025 0.00002 0.00010 -0.00000 0.00081 0.00014 0.00010 -0.02492 0.00029 0.00000 0.00000 0.00000 0.00000 -0.00033 -0.00000 -0.16772
0.04572 -0.05503 -0.00000 -0.00030 -0.00000 -0.00000 0.00009 -0.00000 0.00000 0.00051 -0.00000 -0.00008 0.00000 0.18277 0.00004 0.00003 0.00000 -0.00018 -0.00000 -0.00000 -0.00000 -0.00559 0.00005 0.00000 0.00002 0.00000 -0.00000 -0.00000 -0.00006 0.00134
0.03407 -0.00000 0.00025 -0.00000 0.00013 -0.00000 0.00000 0.00022 0.00019 0.00000 -0.00030 -0.00000 0.00003 -0.00000 0.00022 0.00000 -0.00085 0.00019 -0.00007 0.00000 0.00000 0.00030 0.00042 -0.00000 0.00000 0.16109 0.00013 -0.00032 -0.00010 -0.00693
-0.04093 0.00048 -0.00016 0.06922 -0.00000 0.00096 0.00018 0.00040 0.00000 0.00036 -0.00003 -0.00045 0.00000 -0.04877 0.00016 0.00048 -0.00013 -0.00011 -0.11797 -0.00000 -0.00000 -0.03125 -0.00000 -0.00028 0.00000 0.00000 -0.00000 -0.00018 -0.00002 -0.06297
0.00000 -0.00015 -0.00000 0.00000 0.00000 0.00000 0.00000 0.00000 0.00007 0.00000 -0.00008 -0.00000 0.00000 -0.00224 0.00000 -0.00000 0.00330 -0.00000 -0.00010 0.00608 -0.00000 0.00000 0.00000 0.00000 -0.00001 0.00006 0.00000 -0.00000 0.02671 -0.00204
-0.00019 0.00000 -0.00000 0.00000 0.00001 0.00218 0.00017 0.00050 0.00011 0.00083 -0.00000 -0.00109 -0.00000 0.00021 0.00006 -0.00000 0.00004 -0.00000 0.00540 0.00000 0.00000 0.03939 -0.00000 0.24297 -0.00000 0.00011 0.00010 -0.00590 0.00000 0.00026
-0.00052 0.00024 -0.00373 0.00100 0.00020 0.00658 0.00000 0.00051 0.00013 0.00125 -0.00000 -0.00085 -0.00025 0.00074 -0.00000 0.06599 0.00000 -0.00020 0.00499 -0.00000 0.00000 0.09231 0.00000 0.00000 -0.00000 -0.00000 -0.00000 -0.07326 -0.00039 -0.01676
-0.02715 0.00012 0.04978 -0.00000 0.00004 0.00094 0.00000 0.00022 0.00018 0.00051 -0.00017 -0.00031 0.01481 0.00025 0.00022 0.00145 0.00019 -0.00003 0.00393 0.00000 -0.00000 -0.02118 -0.01697 -0.05462 -0.00000 0.00010 0.00024 0.10649 -0.00000 0.00023
-0.07621 -0.00000 -0.05096 0.01015 0.00000 0.01142 0.00000 0.00034 0.00000 0.09243 -0.00010 -0.00000 0.00000 0.00003 0.00024 0.00021 -0.05171 -0.00000 0.00096 0.00000 -0.00000 0.00026 0.00021 -0.00009 0.00000 0.00000 -0.00005 -0.00297 0.03153 -0.05810
-0.00843 0.00043 -0.00030 0.04258 0.00000 0.01246 0.00002 0.00031 -0.00000 0.00077 -0.00008 -0.00000 -0.00019 0.00038 0.00015 0.00040 0.00011 0.00000 0.00481 0.00001 0.00000 -0.00378 0.00004 -0.00018 -0.00002 0.00005 -0.00000 -0.00023 -0.13643 0.00100
-0.02829 0.00032 0.29722 -0.00000 -0.00010 0.00074 0.00002 0.00016 0.00003 0.00036 -0.00012 -0.00000 0.03145 0.00090 0.00000 0.00144 0.00035 -0.00000 0.00716 0.00000 0.00000 0.00051 -0.00000 -0.00000 0.00000 0.00000 0.00000 -0.00000 0.00003 0.12192
-0.00026 -0.00000 -0.00145 0.03323 0.00004 0.00095 0.00045 0.00017 0.00003 0.00000 -0.00007 -0.00013 -0.00063 0.00000 0.00024 0.00021 0.00138 -0.00001 0.00099 0.00017 0.00000 0.00000 0.00006 0.00001 0.00000 0.00000 -0.00000 -0.00099 -0.00000 -0.13362
0.10296 -0.00000 -0.00000 0.03406 0.00000 0.00000 -0.00000 0.00000 0.00029 0.00000 -0.00000 0.00000 -0.00000 0.00000 0.00000 0.00000 0.00000 -0.00000 0.00000 -0.00051 -0.00000 0.00022 -0.00000 -0.00000 0.00000 0.00000 0.00000 -0.00000 -0.00000 0.00000
