0.00000 0.00237 0.00000 0.00001 0.00000 0.00000 -0.03372 0.00000 1.24118 0.00018
0.00000 0.00000 0.00000 0.05448 0.00009 0.00000 -0.00000 0.00268 0.00000 1.29963
0.04298 0.00001 0.00000 0.00000 0.00000 1.09034 -0.00021 0.00000 0.00284 0.00000
0.00001 0.00000 0.00121 0.00000 0.04772 0.00006 -0.00000 1.16155 0.00000 0.00000
0.00140 0.00000 0.71621 0.00000 0.00000 0.04179 -0.00001 0.00000 0.00013 0.00000
1.04334 0.00011 0.00000 0.00000 0.00000 0.00000 -0.00402 0.00000 0.03612 0.00001
-0.00000 -0.70483 -0.00000 -0.00154 -0.00001 -0.00000 0.00000 -0.00012 -0.00000 -0.04827
0.00007 0.00000 0.02993 0.00000 1.04123 0.00138 -0.00000 0.00000 0.00001 0.00000
0.00000 0.03801 0.00000 0.00013 0.00000 0.00000 -1.68553 0.00001 0.00000 0.00278
0.00000 0.00000 0.00005 0.88753 0.00143 0.00000 -0.00000 0.04554 0.00000 0.00000
