0.00001 -0.00000 0.00001 -0.00000 0.00000 -0.00000 1.03450 0.01531 0.00000 -0.00000
1.02304 -0.00000 0.00000 -0.00000 -0.00000 0.00000 0.01568 0.00005 -0.00000 -0.00000
-0.00000 -0.00000 0.00000 0.00000 1.03653 0.00000 -0.00000 0.00000 0.01619 0.00002
0.00001 0.01575 -0.00000 -0.00000 -0.00000 1.01250 0.00000 0.00000 -0.00000 0.00000
-0.00000 -0.00000 -0.00000 0.00002 -0.00000 0.00000 -0.00000 0.00000 1.01095 0.01501
0.01634 1.02077 -0.00000 -0.00000 -0.00000 -0.00000 0.00001 0.00000 0.00000 0.00000
0.00000 -0.00000 0.01491 0.00000 -0.00002 -0.00000 0.00000 0.95601 0.00000 0.00000
-0.00000 -0.00000 1.02815 -0.00000 0.01637 -0.00000 -0.00000 0.00000 0.00001 0.00000
-0.00000 0.00000 -0.00000 0.01569 -0.00000 0.00002 -0.00000 -0.00000 0.00000 1.00919
0.00000 0.00001 -0.00000 1.01156 -0.00000 0.01580 -0.00000 -0.00000 0.00000 0.00001
