0.00000 -0.00313 -0.00171 -0.00229 -0.00849 -0.00295 -0.00003 -0.01169 0.00044 0.00565 0.00245 -0.02073 -0.01114 -0.00705 0.00005 -0.00677 -0.00027 -0.00328 0.00507 0.00116 0.01822 -0.01088 -0.00801 0.00768 -0.00002 0.00001 -0.01567 -0.01247 -0.00945 -0.00032 0.00989 -0.00837 -0.00109 0.00391 -0.01498 -0.00142 -0.00000 -0.00454 0.00332 0.00006 0.00005 -0.01090 -0.00002 0.00495 -0.00668 0.00538 0.00065 -0.00750 -0.00002 -0.00544
-0.00002 0.00000 -0.00001 0.00000 0.00060 -0.00006 -0.00000 0.00003 -0.00001 0.00640 -0.00008 0.00000 0.00023 0.00000 0.00000 -0.00001 0.00000 0.00065 0.00052 -0.00000 -0.00022 0.00000 0.00001 0.00002 -0.00008 -0.00002 -0.00041 0.00047 0.00152 0.00000 -0.00000 0.00000 -0.00002 0.00010 -0.00001 -0.00107 -0.00011 0.00064 0.00027 -0.00002 -0.00000 0.00273 0.00003 -0.00000 -0.00356 -0.00007 0.00002 0.00091 0.00001 0.00000
-0.00004 -0.00512 0.00000 -0.01182 -0.00015 0.00002 0.00007 -0.00466 -0.00000 -0.01236 -0.01316 0.00001 -0.01198 -0.00787 0.00033 -0.00746 -0.00271 -0.00242 0.00100 0.00058 0.00323 -0.00041 -0.00337 -0.00006 0.00000 -0.01349 -0.04841 -0.03337 -0.00812 -0.00685 -0.00677 -0.00100 -0.00417 -0.01598 -0.02269 -0.00105 -0.00001 0.00002 -0.01382 -0.00522 0.00396 -0.00814 -0.00362 0.00209 -0.00581 0.00000 -0.01092 -0.00001 -0.00510 -0.00141
-0.00005 -0.32134 0.00000 0.00000 -0.00595 0.00003 -0.00000 -0.00051 0.00488 -0.01467 0.00225 0.00002 -0.00871 -0.00001 -0.00000 0.00093 0.00003 0.00240 0.00240 0.00001 0.00001 -0.00002 -0.00001 0.00048 0.00004 0.00106 -0.01881 0.00482 -0.00213 -0.00001 0.00001 -0.00000 -0.00003 0.00001 0.00003 -0.00012 -0.00003 0.00429 0.00001 0.00002 0.00000 -0.00013 -0.00001 0.00000 0.00130 -0.00045 -0.00002 -0.00825 0.00018 -0.00001
-0.00000 -0.00050 0.00024 -0.00004 0.00000 -0.00001 0.00008 0.00000 0.00339 -0.03767 0.00015 0.00408 0.18328 -0.00005 -0.00002 -0.00333 -0.00011 -0.00002 -0.00008 0.00595 0.00035 0.00000 0.00000 0.00147 0.00003 -0.00833 -0.00998 -0.00001 0.00004 0.00001 0.00040 -0.00027 0.00003 0.00003 0.00003 -0.00009 -0.00000 -0.00077 -0.00001 -0.00001 0.00006 -0.00000 -0.00003 -0.00285 -0.00002 0.00000 0.00017 0.00002 0.00001 -0.00007
-0.00001 0.00036 -0.00990 -0.01154 -0.00560 0.00000 0.00001 0.00001 0.00054 -0.01860 -0.00000 0.00636 -0.02905 -0.00000 -0.00036 0.00190 -0.00073 -0.00289 0.01005 -0.00000 -0.00005 -0.02160 0.00001 -0.00015 -0.00000 0.00000 -0.02483 0.01313 -0.00546 -0.00004 -0.00430 -0.00001 0.00007 -0.00099 -0.00001 -0.00001 0.00000 -0.00332 0.00002 0.00003 -0.00082 -0.00496 -0.00031 0.00162 -0.00000 -0.00015 -0.01258 -0.00000 -0.00000 -0.00003
-0.01839 -0.01061 -0.00118 -0.09963 0.00317 -0.00625 0.00000 -0.01188 -0.00002 -0.01329 -0.00315 -0.00528 -0.00906 -0.01662 -0.00011 -0.00426 -0.01434 0.00181 0.00659 0.00707 0.00029 -0.01104 -0.00634 -0.00431 0.00007 -0.00596 -0.03535 -0.01041 -0.01848 -0.00987 -0.89508 -0.00270 0.02099 -0.00110 -0.01292 -0.00639 -0.00002 -0.00290 -0.00000 -0.00175 0.00511 -0.29644 -0.00202 0.00285 -0.00444 -0.01296 -0.01466 -0.00419 -0.00023 0.00426
-0.00001 -0.00009 0.00015 0.00133 0.36105 -0.01447 -0.00001 0.00000 0.00040 -0.00468 0.00003 -0.00989 0.73237 -0.00001 -0.00001 -0.00109 -0.00025 0.00594 -0.54593 -0.00937 0.00852 -0.00000 -0.00001 0.00048 0.00005 -0.00083 -0.00353 -0.00001 -0.00057 0.00000 0.02568 -0.00415 0.00078 0.00564 -0.00001 0.00006 -0.00000 -0.00007 -0.00004 -0.00000 0.00001 0.00080 0.00003 0.00614 0.00425 -0.01397 -0.00002 0.00002 -0.00000 0.00649
-0.00016 -0.00640 -0.00420 0.00012 -0.00002 -0.00051 -0.00312 -0.00094 0.00000 -0.00670 -0.00007 -0.00040 -0.00670 -0.00030 -0.00044 -0.00001 -0.00006 0.00069 -0.00402 -0.00031 -0.00001 -0.00158 -0.00009 0.00002 -0.00112 0.00036 -0.00766 -0.02798 -0.02099 -0.00000 0.00184 0.00015 0.00001 -0.00398 -0.00002 -0.00148 -0.00000 0.00002 0.00156 0.00002 0.00013 0.00008 0.00013 -0.00004 -0.00006 -0.00015 -0.01892 -0.01030 -0.00001 -0.00003
-0.00003 0.00001 0.00000 -0.00000 -0.00000 -0.00001 0.00000 -0.00002 0.00001 0.00000 0.00000 -0.00382 -0.00003 -0.00000 -0.00000 -0.00000 0.00005 0.00001 0.00003 -0.00036 0.00006 -0.00001 -0.00003 0.00017 -0.00000 0.00067 1.62939 -0.00001 -0.00446 -0.00001 0.00039 0.00001 0.00002 0.00002 0.00001 -0.00000 -0.00000 -0.00000 0.00248 -0.00001 0.00001 -0.00000 0.00003 -0.00006 0.00002 -0.00001 -0.00002 -0.00000 0.00002 0.00029
-0.00024 -0.00184 0.00000 -0.00053 -0.00202 -0.01595 -0.00004 -0.00876 -0.00491 -0.02576 0.00000 -0.00502 -0.00490 -0.00825 0.00003 -0.00005 -0.00082 -0.00002 0.00163 0.00206 0.00201 -0.00514 -0.00072 0.00040 -0.00008 -0.00058 -0.01730 -0.02251 -0.02919 -0.00046 0.00209 -0.00142 0.00318 0.00238 -0.00020 -0.00643 -0.00001 -0.00310 -0.00001 -0.00316 -0.00001 -0.00817 -0.01044 0.00852 -0.00787 0.00263 -0.00447 0.00001 0.00002 0.00857
-0.00001 0.00990 -0.00151 -0.00617 -0.00005 -0.00001 -0.00001 -0.00001 0.00061 -0.00027 -0.00001 0.00000 -0.00001 -0.00002 -0.00000 -0.00000 -0.00235 -0.00025 0.01172 0.00129 0.00003 0.00000 -0.00001 -0.00019 0.00001 -0.00015 -0.00122 -0.00000 -0.00253 -0.00037 0.01880 -0.00002 0.00186 0.00021 -0.00003 -0.00000 -0.00003 -0.00000 0.00001 -0.00000 -0.00000 -0.00000 -0.00000 0.00322 -0.00001 0.00019 0.00009 -0.00015 -0.00005 -0.00022
-0.00001 -0.00206 0.00001 0.00001 0.00000 0.00001 0.00001 0.00000 0.00000 -0.00999 0.00004 -0.00499 0.00000 -0.00001 -0.00004 -0.00000 -0.00025 0.00003 0.00002 0.00093 0.00000 -0.00000 0.00000 0.00002 0.00000 -0.00001 -0.01482 -0.00012 0.00002 0.00000 -0.00009 -0.00042 0.00076 0.00032 0.00002 0.00006 0.00000 -0.00000 -0.00001 -0.00002 0.00005 -0.00021 -0.00132 -0.00299 -0.00003 0.00004 -0.00000 0.00002 -0.00002 -0.00002
0.00002 0.00879 0.00000 0.00382 -0.00153 -0.00083 -0.00001 -0.00903 -0.00066 -0.00590 -0.00001 -0.00250 -0.01279 0.00000 0.00002 0.00000 0.00130 -0.00043 0.01349 -1.22378 -0.45584 -0.01538 0.00000 -0.00012 -0.00001 0.00058 -0.01338 -0.02066 -0.00815 0.00001 0.27698 0.00003 -0.00152 -0.00061 -0.00001 -0.00134 -0.00238 0.00000 -0.00000 -0.00245 0.01300 -0.00001 -0.00005 0.00059 0.47369 0.00148 1.06940 -0.00000 0.00002 -1.13622
-0.00476 -0.04043 0.00292 -0.20021 -0.01033 -0.00317 -0.00413 -0.00811 -0.00090 -0.04283 0.00449 0.01486 -0.01158 -0.00817 0.00000 0.00184 0.46204 0.01132 -0.10677 0.01099 -0.00397 -0.00968 -0.00404 0.00381 -0.00004 -0.00464 -0.01907 0.01125 -0.00966 0.11187 -0.23974 0.00477 -0.06635 -0.00114 -0.00000 0.00019 -0.00228 0.00004 -0.01318 0.00063 -0.18898 0.00521 -0.00084 0.00340 0.00017 -0.00024 -0.01108 -0.00179 -0.00002 0.00931
0.00001 0.00896 -0.00001 0.00282 -0.00010 0.00025 -0.00005 -0.00100 -0.00947 -0.02011 -0.00706 0.02431 -0.01166 -0.00792 -0.00000 0.00000 0.00007 0.00604 -0.01476 0.00215 -0.00429 -0.00139 0.00001 0.00033 0.01158 -0.00251 0.00721 0.02606 0.00001 -0.00000 0.06297 0.00000 -0.00057 -0.00006 0.00001 -0.00592 0.00002 -0.00298 -0.00001 -0.00003 -0.00058 -0.00924 -0.00024 0.00303 -0.00720 -0.00002 -0.01501 -0.00005 0.00001 -0.00594
-0.00227 0.00792 0.00023 0.08129 -0.00400 0.00039 -0.00001 -0.00334 -0.00237 -0.00339 -0.00235 0.00046 0.00389 -0.00042 0.00000 0.03836 0.00000 0.03681 -0.65309 0.00013 -0.00051 0.00056 -0.00904 -0.01051 -0.00049 -0.00271 -0.00383 -0.00824 -0.00166 -0.21492 0.03289 -0.00304 -1.46425 -0.00580 0.00003 0.00009 0.00059 -0.00003 -0.00049 -0.00606 -0.00000 -0.00111 0.00002 -0.00236 -0.01026 0.00002 0.00100 -0.00034 -0.00010 -0.00489
-0.00003 -0.00130 0.00010 -0.00034 -0.02869 -0.00011 -0.00005 -0.00000 -0.00018 -0.02344 -0.00466 -0.00218 0.02742 -0.00170 0.00004 0.00042 -0.00000 0.00000 0.00001 0.00166 -0.00108 -0.01033 -0.00000 0.00000 0.00012 -0.00025 -0.01227 -0.00004 -0.00001 0.00000 -0.01102 0.00000 0.00000 0.00002 0.00001 -0.00084 0.00018 0.00000 -0.00013 0.00000 -0.00051 0.00000 -0.00000 0.00002 -0.00864 -0.00355 -0.00563 -0.00001 -0.00001 0.00081
-0.00010 -0.00393 -0.00026 -0.00680 0.00985 -0.00003 0.00003 -0.00000 -0.00009 -0.00388 0.00026 0.00008 -0.01497 -0.00000 -0.00000 -0.00139 -0.00000 0.12309 0.00000 -0.00066 -0.00012 -0.00015 -0.00000 -0.00002 -0.00007 -0.00020 -0.00473 -0.00000 -0.00001 0.00000 -0.00579 0.00003 0.00001 -0.00029 -0.00007 -0.00003 0.00003 -0.00000 0.00014 -0.00001 0.00001 0.00138 -0.00000 0.00004 -0.00066 -0.00001 -0.00015 0.00003 0.00007 0.00125
-0.00002 0.02957 -0.00002 -0.00196 0.00000 0.00972 0.00001 0.00001 -0.00072 -0.00074 -0.00001 0.00032 0.00123 -0.00000 -0.00002 -0.00000 -0.00141 -0.00017 0.00092 0.00000 0.07778 -0.00000 -0.00000 0.00003 0.00002 0.00001 -0.00389 0.00055 -0.00631 0.00001 -0.07007 -0.00006 -0.00012 -0.00132 0.00001 -0.00492 -0.00270 -0.00000 -0.00000 -0.00506 0.00001 0.00003 0.00003 0.00146 0.01742 -0.00132 -0.00045 0.00000 -0.00005 0.10690
-0.00002 -0.00465 0.00006 0.01161 -0.00097 -0.02102 0.00003 -0.00010 -0.00411 0.00082 -0.00005 -0.00551 -0.00265 -0.00000 0.00001 -0.00011 -0.00054 -0.00080 0.00072 0.00001 0.00000 0.00119 -0.00000 0.00197 -0.00024 0.00002 -0.00303 -0.01872 -0.00241 0.00025 -0.00861 -0.00005 0.00034 0.00001 0.00023 0.00005 -0.00011 0.00001 -0.00018 -0.00001 0.00002 0.00004 0.00001 0.00006 0.18837 0.00001 -0.01600 0.00003 0.00001 0.00000
0.00001 -0.01796 -0.00139 -0.01548 -0.00824 0.00000 0.00001 -0.00793 0.00056 -0.00916 -0.00008 0.27696 -0.00172 -0.00000 0.00004 0.00005 0.00194 0.00002 -0.00348 -0.00061 0.00050 0.00000 -0.00000 0.00338 -0.00003 -0.00024 -0.01066 0.00000 -0.01180 -0.01063 -0.01931 -0.00000 0.02509 0.00122 -0.00000 -0.00094 -0.00000 -0.00001 0.00567 -0.00001 -0.00000 -0.00052 0.00001 0.00333 -0.00070 -0.00001 1.16284 -0.00000 0.00001 -0.00002
0.00003 0.00182 -0.00010 -0.00368 -0.00883 0.09441 -0.00000 -0.03233 -0.00379 -0.00875 -0.00109 -0.02078 -0.01593 -0.01318 -0.00004 -0.00043 -0.00003 0.01243 -0.01251 0.00229 -0.35747 -0.00993 0.00000 -0.78676 0.00190 0.00000 -0.01222 0.04364 -0.01067 -0.00391 0.00765 -0.00210 0.00472 -0.00001 0.00065 -0.00003 0.00196 -0.00039 -0.00829 -0.00079 0.00001 -0.00002 0.00002 0.00124 -0.10884 0.00036 -0.05855 -0.00421 -0.00249 -0.80909
-0.00000 0.01238 -0.00006 -0.00615 0.00037 -0.02314 -0.00002 -0.00213 0.00754 -0.00142 0.00262 -0.00124 -0.01349 0.00227 -0.00000 0.00667 0.00003 0.02467 -0.05628 -0.00824 0.00374 -0.00009 -0.00000 0.00000 -0.00019 0.00003 0.00115 -0.18405 -0.00440 -0.00000 0.01531 -0.00005 -0.00005 0.00004 -0.00023 -0.00067 -0.00013 -0.00079 -0.00010 -0.00249 0.00000 0.00001 0.00002 0.00012 -0.01112 -0.00015 -0.01050 0.00010 -0.00034 0.00124
-0.00817 -0.00605 -0.00820 -0.00526 -0.00612 -0.00871 -0.00129 -0.00561 -0.00134 -0.22917 -0.00281 -0.01489 -0.03001 -0.00808 -0.01746 0.00001 -0.00354 0.00018 0.00768 0.00204 0.00187 -0.00699 -0.00048 0.00243 0.00000 0.00002 -0.04245 -0.00016 -0.00001 -0.00107 0.00213 -0.00073 0.00365 0.00020 -0.00063 -0.00621 -0.00034 0.00097 -0.00389 0.00000 -0.00016 -0.00378 -0.01075 0.01026 -0.01505 -0.00060 -0.00964 -0.00978 -0.00729 -0.00180
-0.00829 0.00221 0.00000 0.00003 -0.00001 -0.00695 -0.00000 -0.00031 0.00163 -0.00435 -0.00011 0.00269 -0.01177 -0.00337 -0.00007 0.00003 -0.00002 -0.00303 -0.00145 0.00921 -0.00460 0.00261 -0.00693 0.00495 0.00947 0.00000 0.00678 -0.02460 -0.01355 -0.00002 0.00642 -0.00111 0.00266 -0.00021 -0.00418 -0.00908 -0.00210 0.00000 -0.00839 -0.00003 0.00060 -0.00001 -0.00004 0.02150 -0.00800 -0.00002 -0.00991 -0.00711 -0.00000 0.00985
-0.00000 0.00004 -0.00001 -0.00000 0.00001 -0.00000 -0.00000 -0.00001 -0.00000 0.00000 -0.00000 -0.00176 -0.00001 0.00000 0.00000 0.00000 0.00003 0.00000 -0.00008 -0.00002 0.00002 -0.00001 -0.00002 0.00015 -0.00000 -0.00006 0.00000 -0.00000 0.00000 -0.00001 0.00072 0.00000 -0.00000 0.00001 0.00001 0.00001 -0.00000 -0.00001 0.00001 0.00001 0.00001 -0.00000 0.00003 -0.00006 0.00001 0.00000 -0.00000 0.00000 0.00000 0.00034
0.00000 0.00071 -0.00001 -0.00070 -0.00649 0.00020 -0.00004 -0.00755 -0.00001 -0.01421 -0.00000 -0.01388 0.00297 -0.00002 -0.00002 0.00000 -0.00000 0.00200 -0.09250 -0.00303 -0.00010 -0.00780 0.00001 -0.00000 -0.00132 -0.00003 0.01478 0.00000 -0.01659 0.00000 -0.00896 -0.00107 0.00000 -0.00002 -0.00494 -0.00200 -0.00000 0.00116 0.00002 -0.00426 0.00000 -0.00002 -0.00001 0.00118 -0.00180 -0.00035 -0.00973 -0.00294 0.00001 -0.00001
0.00000 0.00035 -0.00002 0.00012 -0.00456 0.00001 -0.00001 -0.00126 -0.00001 -0.00005 -0.00000 -0.00005 -0.00651 -0.00000 -0.00002 0.00690 0.00057 0.01203 0.03125 0.00001 -0.00009 -0.00002 -0.00000 -0.00001 -0.00007 -0.00001 0.63051 0.00000 0.00000 -0.00003 -0.00305 -0.00001 -0.00261 0.00002 -0.00442 -0.00001 0.00001 -0.00001 0.00000 -0.00000 0.00001 -0.00067 0.00006 0.00001 -0.00002 -0.00016 -0.00002 -0.00000 0.00001 -0.00122
-0.00195 -0.01486 0.00003 -0.06857 -0.01118 0.00678 0.00002 -0.00465 -0.00453 -0.00790 0.00022 0.00087 0.01581 -0.00587 0.00000 -0.18709 -0.00001 -0.01018 0.25108 0.00440 0.00270 -0.00000 -0.00016 -0.51113 -0.00016 -0.00944 0.02037 0.00572 -0.00864 0.00000 -0.97085 -0.00094 -0.00185 -0.01110 -0.00014 -0.00014 0.00104 0.00010 -0.00004 -0.00386 -0.00000 -0.00589 -0.00001 0.00334 -0.01395 0.00005 -0.00856 -0.00386 -0.00002 -0.00838
0.00002 0.14052 -0.00002 0.17243 0.00064 -0.00018 -0.00000 -0.00001 0.00015 0.00079 0.00033 -0.00000 -0.00130 0.00000 -0.00000 0.00002 0.00001 0.00010 0.00176 -0.00001 -0.00062 0.00002 0.00003 0.00035 0.00015 0.00005 0.00065 0.00013 -0.00040 -0.00000 0.00000 -0.00000 -0.00002 -0.00015 -0.00004 -0.00000 0.00005 0.00210 -0.00004 -0.00006 0.00000 0.00098 -0.00000 0.00000 0.00035 -0.00013 -0.00790 -0.00058 0.00006 -0.00008
0.00004 -0.21791 -0.00076 0.20721 0.00217 -0.00967 0.00005 0.00007 -0.00227 -0.01709 0.00135 -0.00274 0.00121 -0.00527 0.00015 0.01039 -0.00039 -0.01049 -0.01292 0.00069 -0.00369 -0.01900 -0.00043 -0.00668 -0.00007 -0.00121 -0.01201 -0.00055 -0.01182 0.00008 -0.91434 0.00000 0.01134 0.00001 0.00011 -0.00153 -0.00005 0.25222 -0.01198 -0.01051 -0.00009 -0.00067 -0.00181 -1.19420 -0.01191 -0.00527 -0.02388 -0.00636 0.00120 0.00552
-0.00047 -0.00480 -0.00011 -0.04559 -0.00494 -0.00214 0.00002 0.00105 0.00464 -0.00400 0.00010 0.00048 0.00180 -0.00001 -0.00000 -0.00846 -0.00000 -0.04832 0.22001 -0.00030 0.00191 0.00004 -0.00018 -0.03798 -0.00010 0.00023 -0.00658 -0.02630 -0.00039 0.00878 -0.08368 0.00001 0.00000 -0.00022 -0.00003 -0.00020 -0.00130 0.00004 -0.00109 -0.00020 0.00000 0.00009 0.00000 -0.00000 -0.00028 -0.00007 0.00004 0.00018 0.00007 0.00585
-0.00006 -0.00362 0.00000 -0.00745 -0.01042 0.00026 -0.00055 0.00001 -0.00008 -0.01357 0.00038 -0.00198 -0.00115 -0.00166 -0.00003 -0.00958 0.00005 0.00648 -0.00080 0.00034 0.01108 -0.00149 -0.01076 0.00276 0.00225 -0.00190 -0.02343 -0.01511 -0.00677 -0.00000 0.00102 -0.00340 0.00105 0.00000 -0.00662 -0.00820 0.00001 -0.00001 -0.00001 0.00023 0.00000 -0.00015 0.00001 0.00038 -0.01887 -0.00001 -0.00103 -0.00625 -0.01402 0.00936
0.00001 -0.00249 0.00001 -0.00177 -0.01812 -0.00858 -0.00001 -0.01136 -0.01501 -0.00990 -0.00356 -0.00556 -0.00797 -0.00918 -0.01522 -0.00596 -0.00670 -0.01407 0.00073 0.00073 -0.00141 -0.02218 -0.00105 0.00128 0.00006 0.00011 -0.01065 0.00007 0.00004 -0.00230 0.00405 -0.00135 -0.00086 -0.00001 0.00000 0.00004 0.00004 0.00001 -0.00002 0.00000 0.00103 -0.00001 0.00012 0.00231 -0.00556 -0.00001 -0.01218 0.00001 0.00000 -0.00111
-0.00039 0.00037 -0.00123 -0.00315 -0.00203 -0.00481 -0.00002 -0.00280 0.00026 -0.02844 0.00004 -0.01183 -0.00370 -0.00001 -0.00538 0.00001 0.00373 -0.00034 0.00979 -0.00000 0.00080 -0.00313 -0.00397 -0.00091 0.00001 -0.00003 -0.03032 -0.00018 -0.00987 -0.00142 0.00691 -0.00087 -0.00095 0.00001 -0.00672 0.00000 0.00003 -0.03302 -0.00000 0.01339 0.00010 -0.01706 0.00528 -0.00027 -0.00040 -0.00067 -0.00581 -0.00167 -0.01951 0.00221
-0.01447 -0.00191 -0.01124 -0.00901 -0.01938 0.00836 -0.00596 -0.02103 -0.68290 -0.01647 -0.01013 -0.00364 -0.01412 -0.00002 -0.00074 -0.01089 -0.00131 0.00091 0.01789 -0.00003 -0.00085 -0.02965 -0.00012 -0.00467 0.00203 -0.00055 0.01474 -0.03087 -0.04510 0.00014 0.00512 0.00792 0.00099 -0.00656 -0.00538 -0.00075 0.00000 -0.00171 -0.00074 0.00000 -0.00178 -0.01726 -0.00161 0.00465 0.00000 0.00004 -0.03587 -0.02068 -0.00911 0.00768
-0.00000 -0.00530 0.00285 0.00033 -0.00129 -0.00005 0.00003 -0.00251 -0.00413 -0.00667 -0.00014 -0.00589 -0.00718 -0.01651 -0.00095 -0.00007 -0.00721 -0.00513 0.01644 0.00402 0.00402 0.01127 -0.00213 0.00133 -0.00036 -0.00672 -0.00782 -0.00063 -0.01280 -0.00041 -0.00154 0.00000 0.00461 -0.00220 -0.00609 0.00002 -0.00041 0.00000 -0.00000 0.00007 -0.00006 -0.01214 0.00003 -0.00112 -0.00441 0.00009 -0.01417 -0.01273 -0.00455 0.00958
0.00002 -0.00191 0.00001 -0.00273 -0.01317 -0.00386 -0.00999 -0.00590 0.00015 -0.00027 -0.00745 -0.01180 -0.02626 -0.01123 -0.00001 -0.02071 -0.00069 -0.00463 -0.00071 0.00282 -0.00270 -0.00006 0.00000 0.00333 0.00003 -0.00003 -0.02093 -0.00761 -0.00735 -0.01056 0.00005 -0.00002 0.00007 -0.00721 -0.01767 -0.01035 -0.00072 -0.02472 0.00000 -0.00003 0.00001 -0.00741 -0.00298 -0.00326 -0.01612 0.00019 0.01121 -0.01291 -0.01619 0.00505
0.00058 0.00468 0.00001 -0.01343 -0.00665 -0.00618 0.00009 -0.01428 0.00742 -0.01195 -0.00002 -0.00684 -0.00833 -0.00010 -0.00009 -0.01337 -0.00003 -0.00954 0.01229 -0.00001 0.00022 -0.04580 -0.00042 0.00003 -0.00497 -0.00516 -0.02252 0.00003 -0.02882 0.00002 0.00481 0.00002 0.00340 -0.00177 -0.02770 0.00001 -0.00880 -0.00175 -0.00784 0.00000 -0.00003 0.00012 0.00006 -0.00000 -0.00051 -0.00001 -0.01869 -0.00910 -0.00707 0.00875
-0.00452 0.00218 -0.00009 0.26304 -0.00488 -0.00007 -0.00001 -0.00773 0.00359 -0.01371 -0.01279 -0.01198 -0.00480 -0.00001 -0.00000 -0.00920 -0.21356 0.00758 0.02991 0.01670 -0.01116 0.00697 -0.01741 -0.00998 -0.00010 -0.00100 0.00746 0.00643 -0.01278 -0.00448 1.21897 -0.00465 0.02360 -0.01053 -0.00006 0.00070 0.00004 -0.00147 -0.02319 -0.00447 0.00000 -0.00102 -0.00379 0.00653 -0.01050 -0.00142 -0.00356 -0.00519 0.00004 0.00647
0.00002 0.00025 -0.00000 0.00621 0.02031 -0.00005 -0.00000 -0.00125 0.00325 0.01399 0.00002 -0.00500 0.00049 -0.00612 -0.00005 0.00000 -0.00113 -0.00876 0.00047 0.00351 -0.00743 -0.00340 0.00301 0.01232 0.00002 0.00652 0.01118 -0.00856 -0.00164 -0.00002 -0.00135 -0.00012 -0.00053 0.00177 -0.02642 0.00003 -0.00001 0.00001 0.00003 0.00279 0.00037 0.00000 0.00497 0.00009 -0.00417 -0.00024 -0.01156 0.00000 0.00031 0.00354
-0.00536 0.00685 0.00001 0.00159 0.00140 -0.00128 0.00009 -0.00236 0.00122 -0.00683 -0.00000 -0.23983 -0.00039 -0.01028 -0.00039 0.00177 -0.01119 0.00331 -0.12299 0.00124 0.01589 0.07022 -0.00399 0.00269 -0.00004 -0.00722 0.00387 0.00455 0.00532 0.00880 0.01071 -0.00004 0.57634 -0.00897 -0.00114 -0.00004 0.00024 0.00584 -0.00010 0.00830 0.00003 -0.00012 0.00000 -0.00033 -0.00320 -0.00002 0.07204 -0.00580 -0.01010 0.00623
0.00000 -0.98988 -0.00020 0.01298 -0.00019 -0.00023 0.00004 -0.00005 -0.00652 -0.00199 0.00008 -0.00012 -0.00040 -0.00083 -0.00021 0.00017 0.00023 -0.00660 -0.00658 0.00032 0.00506 -0.00043 -0.00016 -0.00245 0.00007 0.00002 -0.00727 -0.00008 -0.00179 -0.00022 0.21655 -0.00000 0.00658 -0.00021 -0.00019 -0.00100 0.00009 -0.00744 -0.00035 -0.00997 0.00006 -0.00094 -0.00241 0.00000 -0.01367 -0.00015 -0.00244 -0.00311 -0.00000 -0.00098
-0.00005 0.00104 0.00003 -0.00199 -0.00591 -0.02719 0.00002 -0.00022 0.00059 -0.01867 -0.00000 -0.00799 -0.00920 -0.00000 0.00003 -0.00003 -0.00006 -0.00002 0.00069 0.00000 0.00000 -0.00015 -0.00001 -0.00000 -0.00004 -0.00001 0.00230 -0.00505 -0.00699 0.00001 -0.01130 -0.00000 0.00282 -0.00000 0.00004 -0.00129 -0.00690 0.00001 -0.00001 -0.00091 -0.00001 0.00002 0.00008 0.00001 0.00000 -0.00001 -0.00007 -0.00002 0.00001 0.00001
0.00003 -0.00031 -0.00759 -0.00123 -0.01391 -0.00260 -0.00000 0.00000 -0.00412 -0.05303 0.00011 0.00046 -0.03595 -0.00172 -0.00557 -0.00866 -0.00343 -0.00001 0.00230 0.00052 -0.01527 -0.01367 -0.00117 0.00212 -0.00078 -0.01039 -0.04419 -0.00099 -0.00082 -0.00565 0.00634 0.00001 0.00006 -0.00465 -0.01183 0.00054 -0.00778 -0.00500 -0.00132 -0.01303 0.00009 -0.00206 -0.01376 0.00332 0.00545 0.00000 -0.02366 -0.00006 -0.01052 0.00488
0.00001 -0.00467 0.00002 0.01333 -0.00161 -0.00001 0.00000 -0.01145 -0.00002 -0.00994 -0.00003 -0.00797 -0.00998 0.00000 0.00004 -0.00000 -0.00230 0.00006 -0.00345 0.00666 -0.00016 0.00000 0.00000 0.00001 -0.00002 -0.00008 -0.01312 -0.00005 -0.01475 0.00000 0.00082 0.00000 0.01521 -0.00202 0.00001 -0.00022 -0.00000 0.00000 -0.00001 0.00000 -0.00002 -0.00003 0.00001 0.00060 0.00689 -0.00000 0.00000 0.00001 0.00001 -0.00037
0.00001 -0.00055 -0.01332 -0.00004 -0.01036 0.00423 0.00007 -0.00665 0.00007 -0.01019 -0.00514 -0.00178 -0.00878 -0.01193 -0.00018 -0.00637 -0.00367 0.00579 0.00477 0.00423 0.02189 -0.01016 0.00004 0.00084 -0.00000 0.00002 0.70768 -0.00003 -0.48778 0.00009 -0.00155 0.00001 0.00457 -0.00002 -0.01129 0.00023 0.00002 0.00000 -0.00000 0.00001 -0.00002 -0.00832 -0.00007 -0.00007 -0.00552 0.00468 -0.01445 0.00000 -0.00001 0.01339
-0.00981 -0.00128 0.00001 -0.00327 -0.01307 -0.00715 0.00395 -0.00716 0.01923 -0.01608 -0.00944 -0.00245 -0.00216 -0.00543 0.01209 -0.00362 -0.00369 -0.00438 0.00537 0.00006 0.00331 -0.01491 -0.00023 0.00097 -0.00002 -0.01477 -0.00651 -0.00680 -0.00199 -0.00450 0.00425 -0.00058 0.00725 0.00001 0.57159 0.00001 0.00000 0.00001 -0.00000 0.00009 0.00118 -0.00020 0.00004 0.01440 -0.00800 0.00001 -0.00700 -0.01429 0.00000 0.00278
-0.00006 0.01519 0.00006 0.02090 -0.00099 -0.02719 0.00002 -0.00016 0.00157 0.00229 -0.00002 0.00138 0.00029 -0.00000 -0.00000 -0.00006 -0.00016 -0.00113 0.00094 0.00000 0.68121 0.00312 -0.00000 0.00584 -0.00010 0.00001 0.00183 -0.04607 -0.00055 -0.00000 -0.02670 0.00001 0.00013 0.00001 -0.00016 -0.00009 0.00002 0.00000 -0.00005 -0.00001 0.00002 0.00005 0.00005 0.00007 0.01659 -0.00001 -0.00610 -0.00001 -0.00006 0.00000
