1.000 -0.003 -0.002 -0.003 -0.003 -0.002 -0.002 -0.003 -0.002 -0.002 -0.003 -0.002 -0.003 -0.002 -0.004 -0.003 -0.002 -0.003 -0.003 -0.003 -0.001 -0.004 -0.003 -0.001 -0.003 -0.003 -0.002 -0.003 -0.003 -0.002
-0.003 1.000 -0.153 -0.102 -0.419 -0.178 -0.144 -0.147 -0.205 -0.140 -0.137 -0.155 -0.153 -0.104 -0.130 -0.170 -0.243 -0.148 -0.185 -0.096 -0.072 -0.163 -0.107 -0.033 -0.106 -0.322 -0.202 -0.073 -0.095 -0.197
-0.002 -0.153 1.023 -0.001 0.030 0.007 0.004 0.005 0.004 0.003 0.004 0.004 0.006 -0.007 0.003 0.008 0.009 0.005 0.010 -0.002 -0.015 0.007 -0.000 -0.014 -0.001 0.017 0.011 -0.006 -0.002 0.011
-0.003 -0.102 -0.001 1.011 0.045 0.021 0.018 0.018 0.024 0.017 0.017 0.019 0.018 0.014 0.016 0.020 0.028 0.018 0.021 0.013 0.011 0.019 0.014 0.007 0.014 0.036 0.023 0.011 0.013 0.023
-0.003 -0.419 0.030 0.045 1.177 0.071 0.058 0.057 0.073 0.057 0.054 0.065 0.061 0.038 0.047 0.064 0.088 0.058 0.074 0.034 0.025 0.061 0.039 0.016 0.039 0.110 0.082 0.026 0.035 0.081
-0.002 -0.178 0.007 0.021 0.071 1.032 0.028 0.033 0.021 0.024 0.030 0.024 0.031 0.012 0.033 0.038 0.026 0.032 0.036 0.027 -0.001 0.038 0.029 0.002 0.028 0.037 0.033 0.023 0.026 0.032
-0.002 -0.144 0.004 0.018 0.058 0.028 1.021 0.006 0.018 0.005 0.004 0.007 0.006 0.002 0.004 0.009 0.023 0.006 0.010 -0.001 -0.001 0.008 0.001 -0.009 0.000 0.037 0.013 -0.004 -0.001 0.012
-0.003 -0.147 0.005 0.018 0.057 0.033 0.006 1.022 0.033 0.017 0.015 0.020 0.017 0.015 0.012 0.019 0.039 0.016 0.022 0.008 0.014 0.017 0.009 0.004 0.009 0.052 0.027 0.005 0.008 0.026
-0.002 -0.205 0.004 0.024 0.073 0.021 0.018 0.033 1.044 0.026 0.036 0.023 0.036 0.005 0.041 0.045 0.016 0.038 0.041 0.035 -0.014 0.046 0.036 -0.001 0.035 0.025 0.033 0.030 0.033 0.033
-0.002 -0.140 0.003 0.017 0.057 0.024 0.005 0.017 0.026 1.020 0.029 0.031 0.031 0.018 0.027 0.033 0.029 0.030 0.035 0.023 0.010 0.032 0.024 0.013 0.024 0.032 0.037 0.020 0.023 0.036
-0.003 -0.137 0.004 0.017 0.054 0.030 0.004 0.015 0.036 0.029 1.020 0.051 0.049 0.047 0.043 0.049 0.072 0.047 0.053 0.039 0.046 0.048 0.041 0.036 0.041 0.086 0.058 0.036 0.039 0.057
-0.002 -0.155 0.004 0.019 0.065 0.024 0.007 0.020 0.023 0.031 0.051 1.026 0.033 0.025 0.031 0.037 0.046 0.033 0.038 0.026 0.019 0.036 0.027 0.014 0.027 0.058 0.040 0.022 0.025 0.039
-0.003 -0.153 0.006 0.018 0.061 0.031 0.006 0.017 0.036 0.031 0.049 0.033 1.025 0.018 0.032 0.036 0.036 0.032 0.036 0.026 0.010 0.036 0.028 0.008 0.027 0.049 0.035 0.023 0.025 0.034
-0.002 -0.104 -0.007 0.014 0.038 0.012 0.002 0.015 0.005 0.018 0.047 0.025 0.018 1.013 0.033 0.034 0.034 0.031 0.032 0.029 0.015 0.035 0.029 0.013 0.029 0.044 0.029 0.027 0.028 0.030
-0.004 -0.130 0.003 0.016 0.047 0.033 0.004 0.012 0.041 0.027 0.043 0.031 0.032 0.033 1.019 0.021 0.048 0.019 0.024 0.011 0.022 0.020 0.013 0.009 0.013 0.063 0.030 0.008 0.011 0.029
-0.003 -0.170 0.008 0.020 0.064 0.038 0.009 0.019 0.045 0.033 0.049 0.037 0.036 0.034 0.021 1.031 0.069 0.030 0.038 0.018 0.037 0.030 0.021 0.020 0.021 0.089 0.046 0.015 0.019 0.045
-0.002 -0.243 0.009 0.028 0.088 0.026 0.023 0.039 0.016 0.029 0.072 0.046 0.036 0.034 0.048 0.069 1.064 -0.002 0.003 -0.009 -0.049 0.005 -0.007 -0.042 -0.008 -0.000 -0.002 -0.014 -0.010 -0.002
-0.003 -0.148 0.005 0.018 0.058 0.032 0.006 0.016 0.038 0.030 0.047 0.033 0.032 0.031 0.019 0.030 -0.002 1.025 0.023 0.010 0.009 0.019 0.011 0.002 0.011 0.046 0.026 0.007 0.010 0.025
-0.003 -0.185 0.010 0.021 0.074 0.036 0.010 0.022 0.041 0.035 0.053 0.038 0.036 0.032 0.024 0.038 0.003 0.023 1.038 0.049 0.032 0.061 0.051 0.034 0.051 0.067 0.065 0.045 0.049 0.065
-0.003 -0.096 -0.002 0.013 0.034 0.027 -0.001 0.008 0.035 0.023 0.039 0.026 0.026 0.029 0.011 0.018 -0.009 0.010 0.049 1.013 0.006 0.012 0.007 0.000 0.007 0.032 0.016 0.004 0.006 0.015
-0.001 -0.072 -0.015 0.011 0.025 -0.001 -0.001 0.014 -0.014 0.010 0.046 0.019 0.010 0.015 0.022 0.037 -0.049 0.009 0.032 0.006 1.014 0.075 0.073 0.085 0.073 0.098 0.091 0.071 0.072 0.091
-0.004 -0.163 0.007 0.019 0.061 0.038 0.008 0.017 0.046 0.032 0.048 0.036 0.036 0.035 0.020 0.030 0.005 0.019 0.061 0.012 0.075 1.034 0.003 -0.000 0.003 0.061 0.022 -0.002 0.001 0.021
-0.003 -0.107 -0.000 0.014 0.039 0.029 0.001 0.009 0.036 0.024 0.041 0.027 0.028 0.029 0.013 0.021 -0.007 0.011 0.051 0.007 0.073 0.003 1.020 0.023 0.026 0.053 0.038 0.023 0.025 0.038
-0.001 -0.033 -0.014 0.007 0.016 0.002 -0.009 0.004 -0.001 0.013 0.036 0.014 0.008 0.013 0.009 0.020 -0.042 0.002 0.034 0.000 0.085 -0.000 0.023 1.013 -0.017 0.110 0.021 -0.019 -0.017 0.020
-0.003 -0.106 -0.001 0.014 0.039 0.028 0.000 0.009 0.035 0.024 0.041 0.027 0.027 0.029 0.013 0.021 -0.008 0.011 0.051 0.007 0.073 0.003 0.026 -0.017 1.021 0.043 0.031 0.019 0.021 0.030
-0.003 -0.322 0.017 0.036 0.110 0.037 0.037 0.052 0.025 0.032 0.086 0.058 0.049 0.044 0.063 0.089 -0.000 0.046 0.067 0.032 0.098 0.061 0.053 0.110 0.043 1.130 0.045 0.027 0.032 0.041
-0.002 -0.202 0.011 0.023 0.082 0.033 0.013 0.027 0.033 0.037 0.058 0.040 0.035 0.029 0.030 0.046 -0.002 0.026 0.065 0.016 0.091 0.022 0.038 0.021 0.031 0.045 1.053 0.048 0.048 0.042
-0.003 -0.073 -0.006 0.011 0.026 0.023 -0.004 0.005 0.030 0.020 0.036 0.022 0.023 0.027 0.008 0.015 -0.014 0.007 0.045 0.004 0.071 -0.002 0.023 -0.019 0.019 0.027 0.048 1.015 0.012 0.009
-0.003 -0.095 -0.002 0.013 0.035 0.026 -0.001 0.008 0.033 0.023 0.039 0.025 0.025 0.028 0.011 0.019 -0.010 0.010 0.049 0.006 0.072 0.001 0.025 -0.017 0.021 0.032 0.048 0.012 1.019 -0.005
-0.002 -0.197 0.011 0.023 0.081 0.032 0.012 0.026 0.033 0.036 0.057 0.039 0.034 0.030 0.029 0.045 -0.002 0.025 0.065 0.015 0.091 0.021 0.038 0.020 0.030 0.041 0.042 0.009 -0.005 1.052
