-0.00000 -0.00000 -0.00000 -0.00002 0.02831 0.00004 -0.00000 -0.00000 0.00000 0.00000 0.00000 -0.00000 0.00000 0.00000 0.00006 -0.00001 -0.00000 0.00010 0.00016 -0.00000 0.00000 -0.00000 -0.00000 -0.00000 -0.00000 -0.00026 -0.00000 -0.00000 -0.00000 -0.00000
0.19687 0.00000 -0.25626 -0.00000 0.06222 0.09837 -0.00012 0.00000 0.03759 0.00002 0.00630 -0.00000 0.00000 -0.00087 -0.00000 0.00000 -0.25244 0.00000 0.00288 -0.00000 0.51462 0.00000 0.00000 -0.00032 0.00000 -0.00479 -0.02778 0.00000 -0.00000 -0.00000
0.00705 -0.00000 0.00000 0.00001 0.02233 -0.00000 0.00056 -0.00000 0.00536 -0.00000 -0.00007 -0.00026 -0.00000 -0.01536 -0.00023 0.00025 0.00000 0.00009 0.05941 0.00000 -0.00010 0.00000 -0.00000 -0.09113 0.00061 0.00043 0.00000 -0.00057 0.00000 0.00000
0.03501 -0.07638 -0.01110 -0.00000 0.01090 0.03157 0.00107 0.00072 0.00184 -0.00028 -0.00004 -0.00889 0.01119 -0.00096 0.00000 -0.00000 -0.02430 -0.09458 0.00160 -0.00043 0.00438 0.00145 -0.00006 -0.00147 0.00003 -0.00977 -0.01655 -0.00000 -0.00075 -0.02686
-0.00004 -0.00000 0.00000 0.00000 0.00000 -0.00014 0.00000 0.00000 -0.00000 0.00000 -0.00000 -0.00124 -0.00038 -0.00000 -0.00001 0.00000 0.00052 0.00122 0.00000 0.00000 0.00000 0.00000 0.00001 -0.00000 0.00000 0.30857 0.00786 -0.00000 0.00000 -0.00000
-0.00805 0.00000 -0.03024 0.00000 0.00035 0.00000 0.00000 0.00001 0.24944 0.00700 0.00060 0.00000 0.00000 0.02862 -0.00010 -0.00013 -0.02155 0.00026 0.00018 -0.00004 0.00000 0.00000 -0.00000 0.00017 0.00000 -0.00259 -0.00877 -0.00000 -0.00000 -0.00000
-0.06502 -0.00116 -0.00052 0.00040 0.02872 -0.00074 0.00000 0.00000 -0.01708 0.10784 -0.00000 0.34267 -0.00035 -0.00503 0.00087 -0.00025 -0.00002 0.00101 0.00002 -0.00004 -0.00000 0.00000 -0.00003 0.01344 0.00003 -0.01047 -0.00000 -0.00000 0.00000 0.00115
-0.01469 -0.01407 -0.00538 0.00026 0.03424 0.00818 0.11993 -0.00000 -0.00884 0.04935 -0.00037 -0.00069 -0.00053 -0.04126 0.00063 0.00004 -0.00525 0.01950 -0.00005 0.00133 0.00051 0.05471 0.00000 0.00078 0.00000 -0.01865 -0.02293 0.00002 -0.00000 -0.01126
-0.04103 0.00000 0.00000 0.00007 0.06624 0.00000 -0.00000 -0.00000 0.00000 0.01325 0.00000 0.00000 0.00000 0.31252 -0.00051 -0.00013 0.00066 0.00014 0.00000 -0.00000 0.00000 -0.00000 -0.00031 -0.00000 -0.00000 0.17974 0.01246 -0.00000 -0.00000 -0.00008
-0.39202 -0.00641 -0.00037 0.00030 0.05665 -0.00003 0.00000 0.00000 -0.00000 0.00000 -0.00000 0.00000 -0.00000 -0.00000 0.00000 0.00000 -0.02660 0.00215 -0.00000 0.00120 0.00014 0.00001 0.00071 0.00000 0.00035 0.24343 -0.05600 0.00011 0.00000 -0.00000
0.00036 0.00000 -0.01095 0.00046 -0.00720 0.00321 -0.18801 -0.00000 0.45464 0.01518 -0.00000 -0.01625 -0.00068 -0.29772 -0.00000 -0.00004 -0.01049 0.00019 0.00002 0.00132 0.00000 0.00006 -0.00000 0.00070 0.00000 -0.22875 -0.00717 -0.00000 -0.00205 -0.00000
-0.04847 -0.01989 -0.00114 0.00000 -0.00027 0.05765 0.00000 0.00000 0.00051 0.06506 -0.00000 -0.00000 -0.00001 0.00498 0.00000 -0.00102 -0.00130 0.00000 0.00000 0.00082 -0.00024 0.00007 -0.00000 -0.00012 0.00000 -0.00728 -0.00069 0.00000 -0.00000 0.01242
0.04641 -0.02023 -0.00033 -0.00001 0.00209 0.02820 -0.00011 -0.00229 0.07901 -0.08004 -0.00089 -0.00545 -0.00000 0.02985 -0.00009 -0.00103 -0.02339 0.00616 0.00000 -0.00062 -0.00010 -0.13819 -0.00009 0.00066 0.00080 -0.00088 -0.00680 0.00011 -0.00120 -0.00457
0.12811 0.00007 -0.00000 0.00138 -0.34382 0.00000 -0.00000 -0.00000 0.00000 -0.11869 0.00000 0.00019 0.00000 0.00000 -0.00049 -0.00037 -0.00023 0.00008 0.00000 -0.00001 0.00000 -0.00000 -0.00025 -0.00000 0.00038 0.08856 -0.00105 -0.00000 -0.00000 -0.00000
0.02028 -0.02108 -0.00195 0.00041 0.00709 0.00230 -0.00012 0.00057 0.00078 -0.00175 -0.00399 -0.00474 0.00057 -0.00076 -0.00000 0.00008 -0.01116 0.00274 -0.00023 -0.00049 0.00011 0.00687 -0.00001 0.00000 0.01082 -0.12496 -0.00027 0.00053 -0.00023 -0.01549
0.00950 -0.00567 -0.00167 0.00852 0.40475 0.00621 0.00139 0.00870 0.00022 0.00000 -0.01727 -0.00155 0.00002 -0.00022 0.00751 -0.00000 -0.00779 0.00775 0.00017 -0.00044 -0.00031 0.00604 0.01163 0.00028 0.00156 -0.27684 -0.00776 0.00076 -0.00038 -0.00928
0.01028 -0.00000 0.21613 0.00000 0.00059 0.00000 0.00029 0.00000 0.00031 0.00000 0.00000 -0.00006 0.00000 -0.00140 -0.00000 0.00001 0.00000 0.00004 0.04403 -0.00000 0.00000 0.00000 -0.00000 -0.00706 0.00003 0.00000 0.00000 -0.00014 0.00000 0.00000
0.01341 -0.01982 -0.00011 -0.00000 0.00254 0.00055 0.00046 0.00000 0.00057 0.00000 -0.00853 -0.00777 0.00009 -0.00115 0.00004 0.00010 -0.00030 -0.00000 0.00001 -0.00000 0.00011 0.00025 -0.00000 -0.00036 0.00000 -0.00709 -0.00477 -0.00000 -0.00066 -0.00000
0.00163 0.00000 0.00000 0.00067 0.02845 0.00019 0.01138 0.00266 0.01799 -0.00109 -0.00001 -0.03671 0.00036 -0.00917 0.00084 -0.00009 0.00000 0.02317 -0.00000 -0.00000 0.00000 0.00072 -0.00000 -0.22142 0.00195 -0.00020 0.00000 -0.00000 -0.00190 -0.00002
0.01504 -0.02462 0.23195 0.00125 0.01014 0.00415 0.00045 0.00040 -0.00052 -0.00046 -0.00109 -0.00148 -0.00021 -0.00042 0.00133 -0.00040 -0.00179 0.00679 -0.00095 -0.00000 -0.00046 0.01292 -0.00003 0.04290 0.00780 -0.00987 -0.00575 0.00676 -0.00004 -0.00057
0.00076 0.00000 -0.00140 -0.00003 0.02421 0.01574 -0.00462 -0.00000 0.02357 0.00019 0.08016 -0.00011 0.00000 -0.01238 -0.00003 0.00000 -0.00235 0.00007 0.00463 -0.00000 0.00000 -0.00000 -0.00000 -0.00546 -0.00000 -0.01436 -0.01036 -0.00000 -0.00000 -0.00000
-0.07174 -0.04518 -0.00108 0.00039 0.01667 0.00466 0.02513 0.00000 -0.33636 0.01590 -0.00834 -0.00159 -0.00000 -0.24003 0.00040 0.00000 -0.00559 0.00249 -0.00016 -0.00000 0.00006 -0.00000 -0.00000 0.00021 0.00080 -0.03416 -0.00506 -0.00005 0.00000 -0.00441
0.00461 -0.02131 0.00123 0.00431 0.00981 0.00988 0.00244 0.00340 0.00013 -0.00060 -0.01374 -0.01718 0.00226 -0.00111 0.00100 -0.00017 -0.15812 0.00701 0.00760 0.00754 0.00007 0.01011 -0.00000 -0.00172 0.00336 -0.00796 -0.00391 -0.00007 -0.00145 -0.00596
0.00008 0.00000 -0.00000 0.00025 -0.70942 0.00043 0.00000 0.00050 -0.35178 -0.00660 -0.00029 -0.02875 0.00030 0.21389 0.00852 0.00083 -0.00004 0.00664 -0.00000 -0.00000 -0.00000 0.00234 0.00024 0.00000 0.00201 -0.02942 -0.00076 0.00000 0.00000 -0.00000
0.00837 -0.00534 -0.00041 0.00140 0.03901 0.01579 0.00726 0.00249 0.00229 -0.00003 -0.00321 -0.00971 -0.00031 -0.00076 0.00025 -0.00009 -0.00360 0.01832 0.00000 -0.00002 -0.00206 0.00132 -0.00000 -0.00043 -0.00000 -0.02763 -0.01026 -0.00007 -0.00106 -0.00701
-0.00005 -0.00002 0.00039 0.00000 0.00000 -0.00000 0.00001 0.00002 0.00000 0.00000 0.00000 0.00000 -0.00003 -0.00000 -0.00000 0.00000 0.01923 0.00000 0.00013 -0.00000 0.00000 0.00000 -0.00000 -0.00000 -0.00000 0.00000 0.12504 -0.00000 0.00000 -0.00000
0.01103 0.00002 0.02223 -0.00000 0.00003 0.00000 0.00004 0.00000 0.00000 0.00000 0.00000 -0.00020 -0.00000 -0.00014 -0.00000 0.00000 0.69154 0.00008 0.01120 -0.00010 0.00000 -0.00000 0.00046 -0.00053 0.00002 0.00000 0.00000 -0.00093 -0.00000 0.00000
0.00354 -0.02295 -0.00509 0.00528 0.00000 0.00984 0.01365 0.00241 -0.01743 0.00019 -0.01039 -0.00393 0.00014 0.00903 0.00091 -0.00059 -0.01972 0.00558 -0.12683 -0.00003 -0.00101 0.01653 0.00671 0.17298 0.00024 -0.06208 -0.00326 -0.00000 -0.00040 0.00035
0.03669 -0.03966 -0.00010 0.00000 0.07400 -0.37145 0.00947 0.00589 -0.14179 -0.03959 -0.00045 -0.17768 0.00000 -0.04514 0.00100 -0.00043 -0.02416 0.00195 -0.00029 0.00676 -0.00082 0.01289 -0.00003 0.00051 0.00043 -0.00015 -0.00323 0.00052 -0.00000 0.00003
0.11446 -0.52069 -0.13690 -0.00000 0.10451 0.06848 0.00090 0.00000 -0.01558 -0.01923 -0.02369 -0.00000 0.00014 0.02960 0.00018 0.00000 -0.12389 0.00715 0.00066 0.00175 -0.51701 0.00001 0.00000 -0.00020 0.00004 -0.00044 -0.02679 0.00105 0.00000 0.00000
