0.00000 0.00000 0.00000 0.00000 0.76544 0.00000 0.00000 0.00000 0.00000 0.00000
0.00000 0.00000 0.00000 0.00000 0.00000 0.00000 0.00000 0.00000 0.00000 0.00000
0.65109 -0.50542 0.00000 -0.96542 -0.92649 0.00000 0.00000 0.00000 0.00000 0.00000
0.83903 0.00000 0.00000 0.00000 2.86089 0.00000 0.00000 0.00000 0.00000 0.00000
0.00000 0.30651 0.00000 0.00000 0.00000 0.00000 0.00000 0.00000 0.00000 0.00000
0.00000 0.56395 0.00000 0.32203 -0.92039 0.00000 0.00000 0.00000 0.94070 0.52843
0.00000 0.00000 0.00000 0.00000 0.00000 0.00000 0.00000 0.00000 0.00000 0.00000
0.00000 0.00000 0.82611 0.00000 0.00000 0.00000 0.00000 0.00000 -1.26648 -2.29133
1.10401 -0.48453 -0.50430 0.78487 0.00000 0.00000 0.50527 0.00000 0.00000 -2.32961
0.35948 0.00000 0.00000 -0.46414 -0.49709 0.00000 0.00000 0.00000 0.00000 0.00000
