0.00000 0.15447 0.00000 0.00001 0.76544 0.00001 0.12837 -0.00000 0.00000 -0.00000
0.00004 0.00000 -0.00001 0.00003 0.00006 0.00003 -0.00000 -0.00003 0.00002 -0.00013
0.65109 -0.50542 0.00000 -0.96542 -0.92649 -0.00001 0.19310 0.00001 -0.00000 -0.00013
0.83903 0.20260 -0.00000 0.00000 2.86089 0.00002 0.07218 -0.00001 0.00001 -0.00003
0.00001 0.30651 -0.00000 0.00000 0.00000 0.00002 0.11738 -0.00001 0.00001 -0.00003
-0.24845 0.56395 0.13734 0.32203 -0.92039 0.00000 0.06085 0.21081 0.94070 0.52843
0.00006 -0.23234 -0.00000 0.00009 0.00019 0.00005 0.00000 -0.00002 0.00001 -0.00010
-0.03410 0.01860 0.82611 -0.04043 -0.08773 -0.00002 -0.02936 0.00000 -1.26648 -2.29133
1.10401 -0.48453 -0.50430 0.78487 -0.07151 0.00000 0.50527 -0.00000 0.00000 -2.32961
0.35948 -0.26182 -0.21401 -0.46414 -0.49709 -0.00000 0.10533 -0.00000 -0.00000 0.00000
