0.00000 -0.00081 -0.00127 -0.00001 0.00000 0.00007 -0.00003 0.00025 -0.00017 0.00011 -0.00041 -0.00035 0.00061 -0.00064 0.00040 -0.00012 0.00018 0.00007 -0.00015 -0.00093 -0.00020 -0.00069 -0.00026 -0.00090 -0.00000 0.00028 -0.00076 0.00000 0.00025 0.00056
-0.00052 0.00000 -0.01475 0.00019 0.00000 0.00106 0.00383 0.00911 0.00010 0.00006 -0.00022 -0.00011 -0.00359 0.00350 -0.00029 0.32374 0.07189 -0.00000 0.10495 -0.00026 0.03668 -0.00077 0.00008 0.00027 0.00000 0.00000 -0.12836 -0.00063 0.00026 -0.00017
0.00002 0.00000 -0.00000 -0.00052 -0.00013 -0.00018 0.12697 0.00000 -0.00013 0.00078 -0.00017 -0.00035 -0.00013 0.14264 -0.00000 -0.00028 -0.00065 0.00135 -0.00055 0.00008 0.19604 -0.00120 0.00016 -0.00014 0.00031 -0.00085 -0.83682 0.00013 0.00034 0.00044
-0.00016 0.00024 0.00007 0.00000 0.00047 -0.00034 -0.00017 -0.00041 -0.00011 0.00017 0.00017 -0.00049 -0.00013 -0.00054 0.00000 -0.00013 -0.00017 -0.00000 -0.00013 0.00018 -0.00047 0.00036 -0.00011 -0.00028 -0.00028 -0.00000 -0.00042 0.00124 0.00012 0.00037
0.00015 0.00000 -0.00008 0.00058 -0.00000 0.00065 0.00000 0.00036 0.00000 -0.00000 0.00009 -0.00043 -0.00029 0.00016 -0.00041 -0.00139 0.00032 0.00071 -0.00009 0.00172 -0.00027 0.00027 0.00021 -0.00004 0.00016 -0.00052 -0.00024 0.00034 -0.00000 0.00128
0.00006 0.00011 -0.00055 0.00010 0.00033 -0.00000 0.00046 0.21078 -0.00001 0.00013 0.00009 0.00020 0.00001 0.00030 -0.00000 -0.00322 0.71746 -0.00013 0.00007 0.00026 0.00007 0.00006 -0.00000 0.00009 -0.00061 0.00005 0.00039 0.00001 0.00004 0.00031
-0.00014 0.00010 0.00000 0.00000 -0.00004 -0.00024 -0.00000 -0.00007 -0.00042 0.00055 0.00007 0.00023 0.00014 0.00000 0.00002 0.00009 -0.00030 -0.00001 0.00000 0.00011 -0.08116 0.00032 -0.00002 0.00000 -0.00089 -0.00077 0.43744 0.00010 0.00029 -0.00036
0.00033 0.00110 0.00015 -0.00028 -0.00023 -0.00001 0.00003 0.00000 -0.00051 0.00003 0.00053 -0.00003 0.00591 -0.00015 -0.00006 -0.30898 0.20976 0.00001 -0.00026 -0.00008 0.00009 -0.00018 0.00086 -0.00007 0.00066 -0.00048 0.00019 -0.00000 0.00013 -0.00004
-0.00012 -0.00032 -0.00042 -0.00024 -0.00043 -0.00070 -0.00019 -0.00024 0.00000 -0.00000 -0.00000 0.00013 -0.00037 -0.00000 -0.00024 -0.00010 -0.00038 0.00023 -0.00013 0.00017 -0.00054 -0.00066 -0.00093 -0.00017 -0.00025 -0.00050 -0.00030 -0.00008 -0.00002 0.00000
0.00000 0.00035 0.00047 0.00036 0.00004 -0.00003 0.00003 -0.00007 -0.78921 0.00000 -0.00008 0.00031 -0.00002 -0.00003 0.00007 0.00019 0.00092 -0.00031 0.00000 0.00000 0.00041 0.00000 0.00046 -0.00009 0.00009 0.00043 -0.00020 0.00006 -0.00024 -0.00004
-0.00027 0.00046 -0.00000 0.00002 -0.00005 0.00000 0.00017 0.00057 -0.00010 -0.00010 0.00000 -0.00026 0.00000 0.00004 0.00000 0.00026 -0.00017 -0.00088 -0.00038 0.00051 0.00002 -0.00025 -0.00004 0.00002 -0.00076 0.00005 0.00037 -0.00114 0.00021 0.00005
-0.00037 -0.00006 -0.00000 -0.00000 -0.00060 0.00029 0.00000 0.00012 0.00020 0.00046 -0.00026 0.00000 0.00019 0.00000 0.00015 -0.00003 0.00011 -0.00050 0.00006 -0.00034 -0.00065 -0.00006 0.00041 -0.00000 -0.00034 0.00022 -0.00005 0.00072 -0.59788 -0.00000
0.00006 -0.00002 -0.00009 -0.00026 -0.00006 -0.00000 0.00000 0.00193 -0.00001 0.00069 -0.00002 -0.00041 0.00000 0.00002 -0.00000 0.27177 0.00009 0.00012 0.00012 -0.00044 -0.00011 -0.00077 -0.00006 -0.00015 -0.00029 -0.00043 -0.00088 -0.00000 -0.00002 0.00000
-0.00134 0.00135 -0.00000 -0.00030 -0.00000 0.00012 -0.04327 0.00000 -0.00014 0.00000 0.00016 0.00027 0.00036 -0.00000 -0.00000 0.00010 -0.00007 -0.00271 0.00004 0.00011 -0.10589 0.00028 -0.00054 -0.00004 -0.00123 -0.00005 0.50196 0.00081 -0.00018 0.00012
0.00046 -0.00106 -0.00001 -0.00000 0.00000 -0.00006 0.00002 0.00000 -0.00029 0.00018 -0.00030 0.00033 0.00007 -0.00000 0.00000 -0.00017 -0.00086 0.00141 0.00011 0.00053 0.00116 0.00028 -0.00027 -0.00014 0.00000 -0.00204 0.00036 -0.00109 -0.00051 0.00040
0.00003 0.00000 -0.00100 -0.00023 -0.00242 -0.00001 0.00138 -0.00000 0.00050 0.00059 0.00112 0.00004 -0.00000 0.00109 -0.00063 0.00000 -0.00042 0.00000 -0.00008 0.00037 0.00015 0.00004 0.00007 -0.00019 0.00023 0.00000 -0.06470 -0.00090 0.00012 0.00000
0.00010 0.00000 -0.00095 -0.00037 0.00024 -0.00000 0.00035 0.00000 -0.00049 0.00016 -0.00000 0.00001 0.00000 0.00026 -0.00094 -0.00213 -0.00000 -0.00006 0.01289 -0.00015 0.00075 -0.00021 0.00035 0.00062 -0.00012 0.00000 -0.01667 -0.00008 -0.00083 0.00050
-0.00042 -0.46085 0.00250 0.00003 -0.00001 -0.00014 -0.00152 -0.04868 0.00023 -0.00045 0.00028 0.00026 0.05237 -0.00173 -0.00014 -0.44769 -0.01080 -0.00000 -0.05842 0.00041 -0.00224 0.00150 -0.00017 -0.00058 -0.00043 -0.12048 0.09725 -0.00000 0.00006 0.00000
0.00005 0.00004 -0.00066 -0.00007 -0.00020 0.00035 0.00110 -0.00006 -0.00000 0.00013 -0.00048 -0.00006 0.00004 0.00032 -0.00000 0.07484 0.00054 0.00010 0.00000 -0.00000 0.00008 -0.00063 0.00029 0.00000 0.00013 0.00004 -0.02276 -0.00017 -0.00004 0.00011
-0.00063 -0.00025 0.00000 -0.00000 -0.00019 0.00169 0.00021 -0.00025 -0.00044 -0.00021 0.00029 -0.00108 0.00044 0.00047 0.00077 0.01650 0.00018 -0.00124 -0.00036 0.00000 -0.00000 -0.00000 -0.00003 0.00007 -0.00063 0.00000 0.00016 0.00000 0.00030 -0.00048
0.00000 0.00014 0.00002 -0.00018 -0.00015 0.00025 -0.00019 0.00023 -0.00011 0.00054 0.00083 -0.00378 0.00009 -0.00006 0.00091 -0.00125 0.00029 -0.00032 0.00010 0.25153 -0.00000 -0.00017 0.00010 -0.00054 0.00034 0.00063 0.61217 -0.00000 -0.09425 0.00013
-0.00038 -0.00029 -0.00059 0.00020 -0.00011 -0.00030 0.00051 -0.00032 -0.00028 0.00005 -0.00048 -0.00000 -0.00013 0.00042 -0.00005 0.03358 -0.00026 0.00057 -0.00069 0.60220 -0.02036 -0.00000 -0.37499 0.04226 -0.00105 -0.00011 0.00051 0.10115 -0.00000 -0.00074
-0.00041 -0.00021 0.00022 -0.00048 0.01771 0.00023 -0.00015 0.00149 0.00003 0.00024 -0.00003 0.00009 -0.00008 -0.00073 -0.00035 0.11601 0.00018 0.00141 0.00024 -0.16908 -0.00064 -0.00000 -0.00000 0.00000 -0.00013 -0.00029 -0.00000 -0.00056 -0.00046 0.00000
-0.00088 0.00001 -0.00004 0.00000 0.11359 0.00021 -0.00002 0.00011 0.00002 -0.00035 -0.00000 0.00018 -0.00001 0.00001 -0.00010 -0.02312 0.00094 -0.00010 -0.00009 0.06735 -0.00122 -0.00001 0.41906 0.00000 -0.00089 0.00020 -0.00107 0.00050 0.00009 0.00058
0.83540 -0.00004 0.00006 -0.00021 0.00008 -0.00029 -0.00061 0.00046 -0.00000 -0.00013 0.00002 0.00000 -0.00023 -0.00045 0.00008 -0.00038 0.00014 -0.00007 -0.00000 -0.00030 0.00009 -0.00044 -0.00013 -0.00053 -0.00000 0.00017 -0.00047 0.00010 0.00050 0.00019
0.00053 0.14821 -0.00064 -0.00018 -0.00080 -0.14322 0.00026 -0.00000 0.00013 -0.00037 -0.00005 0.00021 -0.00029 0.00014 -0.00030 0.11711 0.54750 0.00001 0.00582 0.00006 0.00135 -0.00019 0.00032 0.00044 0.00003 -0.00000 -0.02793 -0.00049 -0.00014 -0.00001
-0.00083 -0.00008 0.00000 -0.00018 -0.00026 0.00061 0.00000 0.00019 -0.00033 -0.00004 0.00038 -0.00848 -0.00019 0.00000 0.00056 0.00011 0.00048 -0.00000 0.00018 0.02516 0.00000 0.00012 -0.00036 -0.00191 -0.00059 0.00060 -0.00000 0.00001 -0.01220 0.00007
0.00022 -0.00101 -0.00574 0.00038 0.00010 -0.00000 0.00050 0.00013 -0.00029 0.00025 -0.00012 0.00041 -0.00018 0.00521 -0.00000 -0.00020 -0.00010 0.00047 -0.00000 -0.31355 -0.50532 -0.00000 0.00001 0.00007 0.00014 -0.00026 -0.00030 0.00000 0.09161 -0.00010
0.00056 0.00020 0.00028 0.00000 0.00053 -0.00000 -0.00003 0.00005 -0.00034 -0.00020 0.00077 0.00000 0.00061 -0.00010 -0.00066 -0.00001 -0.00047 -0.00023 0.00016 -0.03089 -0.00001 0.00013 -0.00061 -0.00015 0.00043 -0.00000 -0.00030 0.00000 -0.00000 0.00010
0.00004 0.04690 0.00000 -0.00008 0.00070 0.00034 0.00000 -0.10388 -0.00002 -0.00008 0.00025 -0.00032 0.09493 0.00021 0.00001 -0.82358 0.00026 -0.20025 -0.00001 -0.03419 0.00010 -0.01347 -0.22283 0.02609 0.00003 0.01310 -0.01237 0.00067 0.00033 -0.00000
