1.000 -0.001 -0.002 -0.001 -0.001 -0.002 -0.002 -0.002 -0.001 -0.002 -0.001 -0.001 -0.001 -0.001 -0.002 -0.002 -0.001 -0.001 -0.001 -0.001 -0.001 -0.001 -0.001 -0.001 -0.001 -0.002 -0.002 -0.001 -0.002 -0.001 -0.001 -0.002 -0.001 -0.003 -0.002 -0.002 -0.005 -0.001 -0.001 -0.001 -0.002 -0.001 -0.001 -0.002 -0.001 -0.003 -0.002 -0.002 -0.001 -0.003
-0.001 1.000 0.002 0.001 0.001 0.002 0.002 0.001 0.001 0.001 0.001 0.001 0.001 0.001 0.002 0.002 0.001 0.001 0.001 0.001 0.001 0.001 0.001 0.001 0.001 0.002 0.002 0.001 0.003 0.001 0.001 0.002 0.001 -0.001 0.002 0.002 -0.011 0.001 0.001 0.001 0.002 0.001 0.001 0.002 0.001 0.001 0.002 0.002 0.001 0.002
-0.002 0.002 1.000 -0.002 -0.002 -0.001 -0.001 -0.001 -0.002 -0.001 -0.002 -0.002 -0.002 -0.002 -0.001 -0.001 -0.002 -0.002 -0.002 -0.002 -0.001 -0.002 -0.001 -0.002 -0.002 -0.001 -0.001 -0.002 -0.001 -0.002 -0.002 -0.001 -0.002 -0.001 -0.001 -0.001 -0.001 -0.002 -0.002 -0.002 -0.001 -0.002 -0.002 -0.001 -0.002 -0.001 -0.001 -0.001 -0.002 -0.001
-0.001 0.001 -0.002 1.000 -0.001 -0.004 -0.004 -0.003 -0.002 -0.002 -0.002 -0.002 -0.002 -0.002 -0.003 -0.003 -0.002 -0.002 -0.002 -0.002 -0.002 -0.002 -0.002 -0.002 -0.002 -0.004 -0.003 -0.002 -0.005 -0.002 -0.002 -0.005 -0.002 -0.008 -0.003 -0.003 -0.011 -0.002 -0.002 -0.002 -0.003 -0.001 -0.001 -0.003 -0.002 -0.007 -0.004 -0.005 -0.002 -0.006
-0.001 0.001 -0.002 -0.001 1.000 0.002 0.003 0.002 0.002 0.002 0.002 0.002 0.002 0.002 0.002 0.002 0.002 0.002 0.002 0.002 0.002 0.002 0.002 0.002 0.002 0.003 0.002 0.002 0.003 0.002 0.002 0.003 0.002 0.004 0.002 0.002 0.006 0.002 0.002 0.002 0.002 0.002 0.002 0.002 0.002 0.004 0.002 0.003 0.002 0.003
-0.002 0.002 -0.001 -0.004 0.002 1.000 0.001 0.001 0.001 0.001 0.001 0.001 0.001 0.001 0.001 0.001 0.001 0.001 0.001 0.001 0.001 0.001 0.001 0.001 0.001 0.001 0.001 0.001 0.000 0.001 0.001 0.000 0.001 -0.001 0.001 0.001 -0.003 0.001 0.001 0.001 0.001 0.001 0.001 0.001 0.001 -0.000 0.001 0.000 0.001 0.000
-0.002 0.002 -0.001 -0.004 0.003 0.001 1.000 0.000 0.001 0.000 0.001 0.001 0.001 0.001 0.000 0.000 0.001 0.001 0.001 0.001 0.001 0.001 0.001 0.001 0.001 0.000 0.000 0.001 -0.000 0.001 0.001 -0.000 0.001 -0.001 0.000 0.000 -0.001 0.001 0.001 0.001 0.000 0.001 0.001 0.000 0.001 -0.000 0.000 -0.000 0.001 -0.000
-0.002 0.001 -0.001 -0.003 0.002 0.001 0.000 1.000 -0.000 -0.001 -0.000 -0.000 -0.000 -0.000 -0.001 -0.001 -0.000 -0.000 -0.000 -0.000 -0.001 -0.000 -0.000 -0.000 -0.000 -0.001 -0.001 -0.000 -0.002 -0.000 -0.000 -0.002 -0.000 -0.002 -0.001 -0.001 -0.001 -0.000 -0.000 -0.000 -0.001 -0.000 -0.000 -0.001 -0.000 -0.002 -0.001 -0.002 -0.000 -0.002
-0.001 0.001 -0.002 -0.002 0.002 0.001 0.001 -0.000 1.000 -0.002 -0.002 -0.002 -0.002 -0.002 -0.003 -0.003 -0.002 -0.002 -0.002 -0.002 -0.002 -0.002 -0.002 -0.002 -0.002 -0.003 -0.003 -0.002 -0.003 -0.002 -0.002 -0.002 -0.002 0.000 -0.002 -0.003 0.006 -0.002 -0.002 -0.002 -0.003 -0.002 -0.002 -0.002 -0.002 -0.002 -0.003 -0.003 -0.002 -0.002
-0.002 0.001 -0.001 -0.002 0.002 0.001 0.000 -0.001 -0.002 1.000 0.005 0.004 0.004 0.004 0.004 0.004 0.005 0.005 0.004 0.004 0.004 0.004 0.004 0.005 0.005 0.004 0.004 0.005 0.004 0.004 0.005 0.004 0.004 0.005 0.004 0.004 0.009 0.004 0.005 0.004 0.004 0.005 0.005 0.004 0.005 0.004 0.004 0.004 0.004 0.004
-0.001 0.001 -0.002 -0.002 0.002 0.001 0.001 -0.000 -0.002 0.005 1.000 -0.002 -0.002 -0.002 -0.004 -0.003 -0.001 -0.001 -0.001 -0.001 -0.002 -0.001 -0.002 -0.001 -0.001 -0.004 -0.003 -0.001 -0.005 -0.001 -0.001 -0.006 -0.001 -0.012 -0.004 -0.003 -0.020 -0.001 -0.001 -0.001 -0.003 -0.001 -0.001 -0.004 -0.001 -0.009 -0.003 -0.006 -0.001 -0.007
-0.001 0.001 -0.002 -0.002 0.002 0.001 0.001 -0.000 -0.002 0.004 -0.002 1.000 0.001 0.001 0.003 0.002 0.001 0.001 0.001 0.001 0.001 0.001 0.001 0.001 0.001 0.004 0.002 0.001 0.004 0.001 0.001 0.005 0.001 0.009 0.003 0.003 0.013 0.001 0.001 0.001 0.002 0.001 0.001 0.003 0.001 0.007 0.003 0.005 0.001 0.005
-0.001 0.001 -0.002 -0.002 0.002 0.001 0.001 -0.000 -0.002 0.004 -0.002 0.001 1.000 0.000 0.001 0.001 0.000 0.000 0.000 0.000 0.000 0.000 0.000 0.000 0.000 0.001 0.001 0.000 0.001 0.000 0.000 0.001 0.000 0.001 0.001 0.001 0.002 0.000 0.000 0.000 0.001 0.000 0.000 0.001 0.000 0.001 0.001 0.001 0.000 0.001
-0.001 0.001 -0.002 -0.002 0.002 0.001 0.001 -0.000 -0.002 0.004 -0.002 0.001 0.000 1.000 0.007 0.006 0.004 0.004 0.004 0.004 0.005 0.004 0.005 0.004 0.004 0.008 0.006 0.004 0.009 0.004 0.004 0.009 0.004 0.013 0.007 0.007 0.016 0.004 0.004 0.004 0.006 0.004 0.004 0.007 0.004 0.012 0.007 0.009 0.004 0.010
-0.002 0.002 -0.001 -0.003 0.002 0.001 0.000 -0.001 -0.003 0.004 -0.004 0.003 0.001 0.007 1.000 -0.002 0.000 0.000 0.000 0.000 -0.000 0.000 -0.000 0.000 0.000 -0.004 -0.002 0.000 -0.005 0.000 -0.000 -0.005 0.000 -0.013 -0.003 -0.002 -0.022 0.000 0.000 0.000 -0.002 0.000 0.000 -0.003 0.000 -0.009 -0.003 -0.005 0.000 -0.006
-0.002 0.002 -0.001 -0.003 0.002 0.001 0.000 -0.001 -0.003 0.004 -0.003 0.002 0.001 0.006 -0.002 1.000 0.003 0.003 0.003 0.003 0.003 0.003 0.003 0.003 0.003 0.004 0.004 0.003 0.004 0.003 0.003 0.004 0.003 0.004 0.004 0.004 0.003 0.003 0.003 0.003 0.004 0.003 0.003 0.004 0.003 0.004 0.004 0.004 0.003 0.004
-0.001 0.001 -0.002 -0.002 0.002 0.001 0.001 -0.000 -0.002 0.005 -0.001 0.001 0.000 0.004 0.000 0.003 1.000 0.001 0.001 0.001 0.001 0.001 0.001 0.001 0.001 0.002 0.001 0.001 0.002 0.001 0.001 0.002 0.001 0.002 0.002 0.001 0.003 0.001 0.001 0.001 0.001 0.001 0.001 0.002 0.001 0.002 0.002 0.002 0.001 0.002
-0.001 0.001 -0.002 -0.002 0.002 0.001 0.001 -0.000 -0.002 0.005 -0.001 0.001 0.000 0.004 0.000 0.003 0.001 1.000 0.001 0.001 0.001 0.001 0.001 0.001 0.001 0.000 0.000 0.001 0.000 0.001 0.001 0.000 0.001 0.001 0.000 0.000 0.002 0.001 0.001 0.001 0.000 0.001 0.001 0.000 0.001 0.000 0.000 0.000 0.001 0.000
-0.001 0.001 -0.002 -0.002 0.002 0.001 0.001 -0.000 -0.002 0.004 -0.001 0.001 0.000 0.004 0.000 0.003 0.001 0.001 1.000 -0.002 -0.002 -0.002 -0.002 -0.002 -0.002 -0.002 -0.002 -0.002 -0.002 -0.002 -0.002 -0.002 -0.002 -0.001 -0.002 -0.002 0.000 -0.002 -0.002 -0.002 -0.002 -0.002 -0.002 -0.002 -0.002 -0.001 -0.002 -0.002 -0.002 -0.002
-0.001 0.001 -0.002 -0.002 0.002 0.001 0.001 -0.000 -0.002 0.004 -0.001 0.001 0.000 0.004 0.000 0.003 0.001 0.001 -0.002 1.000 -0.001 -0.001 -0.001 -0.001 -0.001 -0.001 -0.001 -0.001 -0.001 -0.001 -0.001 -0.001 -0.001 -0.001 -0.001 -0.001 -0.001 -0.001 -0.001 -0.001 -0.001 -0.001 -0.001 -0.001 -0.001 -0.001 -0.001 -0.001 -0.001 -0.001
-0.001 0.001 -0.001 -0.002 0.002 0.001 0.001 -0.001 -0.002 0.004 -0.002 0.001 0.000 0.005 -0.000 0.003 0.001 0.001 -0.002 -0.001 1.000 -0.004 -0.004 -0.004 -0.004 -0.004 -0.004 -0.004 -0.004 -0.004 -0.004 -0.004 -0.004 -0.003 -0.004 -0.004 -0.002 -0.004 -0.004 -0.004 -0.004 -0.004 -0.004 -0.004 -0.004 -0.003 -0.004 -0.004 -0.004 -0.003
-0.001 0.001 -0.002 -0.002 0.002 0.001 0.001 -0.000 -0.002 0.004 -0.001 0.001 0.000 0.004 0.000 0.003 0.001 0.001 -0.002 -0.001 -0.004 1.000 0.002 0.002 0.002 0.002 0.002 0.002 0.002 0.002 0.002 0.002 0.002 0.002 0.002 0.002 0.001 0.002 0.002 0.002 0.002 0.002 0.002 0.002 0.002 0.002 0.002 0.002 0.002 0.002
-0.001 0.001 -0.001 -0.002 0.002 0.001 0.001 -0.000 -0.002 0.004 -0.002 0.001 0.000 0.005 -0.000 0.003 0.001 0.001 -0.002 -0.001 -0.004 0.002 1.000 0.000 0.000 0.000 0.000 0.000 0.000 0.000 0.000 0.000 0.000 -0.000 0.000 0.000 -0.001 0.000 0.000 0.000 0.000 0.000 0.000 0.000 0.000 0.000 0.000 0.000 0.000 0.000
-0.001 0.001 -0.002 -0.002 0.002 0.001 0.001 -0.000 -0.002 0.005 -0.001 0.001 0.000 0.004 0.000 0.003 0.001 0.001 -0.002 -0.001 -0.004 0.002 0.000 1.000 -0.006 -0.007 -0.007 -0.006 -0.006 -0.006 -0.006 -0.006 -0.006 -0.003 -0.006 -0.006 0.005 -0.006 -0.006 -0.006 -0.007 -0.006 -0.006 -0.006 -0.006 -0.005 -0.007 -0.006 -0.006 -0.006
-0.001 0.001 -0.002 -0.002 0.002 0.001 0.001 -0.000 -0.002 0.005 -0.001 0.001 0.000 0.004 0.000 0.003 0.001 0.001 -0.002 -0.001 -0.004 0.002 0.000 -0.006 1.000 -0.001 -0.001 -0.001 -0.001 -0.001 -0.001 -0.001 -0.001 -0.000 -0.001 -0.001 0.001 -0.001 -0.001 -0.001 -0.001 -0.001 -0.001 -0.001 -0.001 -0.000 -0.001 -0.001 -0.001 -0.001
-0.002 0.002 -0.001 -0.004 0.003 0.001 0.000 -0.001 -0.003 0.004 -0.004 0.004 0.001 0.008 -0.004 0.004 0.002 0.000 -0.002 -0.001 -0.004 0.002 0.000 -0.007 -0.001 1.000 0.002 0.001 0.003 0.001 0.001 0.003 0.001 0.005 0.002 0.002 0.008 0.001 0.001 0.001 0.002 0.001 0.001 0.002 0.001 0.004 0.002 0.003 0.001 0.003
-0.002 0.002 -0.001 -0.003 0.002 0.001 0.000 -0.001 -0.003 0.004 -0.003 0.002 0.001 0.006 -0.002 0.004 0.001 0.000 -0.002 -0.001 -0.004 0.002 0.000 -0.007 -0.001 0.002 1.000 -0.004 -0.001 -0.004 -0.004 -0.001 -0.004 0.002 -0.002 -0.003 0.005 -0.004 -0.004 -0.004 -0.003 -0.004 -0.004 -0.002 -0.004 0.001 -0.002 -0.001 -0.004 -0.000
-0.001 0.001 -0.002 -0.002 0.002 0.001 0.001 -0.000 -0.002 0.005 -0.001 0.001 0.000 0.004 0.000 0.003 0.001 0.001 -0.002 -0.001 -0.004 0.002 0.000 -0.006 -0.001 0.001 -0.004 1.000 0.027 0.016 0.015 0.027 0.016 0.038 0.022 0.021 0.046 0.016 0.015 0.016 0.020 0.015 0.015 0.022 0.015 0.033 0.022 0.027 0.016 0.029
-0.002 0.003 -0.001 -0.005 0.003 0.000 -0.000 -0.002 -0.003 0.004 -0.005 0.004 0.001 0.009 -0.005 0.004 0.002 0.000 -0.002 -0.001 -0.004 0.002 0.000 -0.006 -0.001 0.003 -0.001 0.027 1.001 0.005 0.005 0.007 0.005 0.009 0.006 0.006 0.009 0.005 0.005 0.005 0.006 0.005 0.005 0.006 0.005 0.008 0.006 0.007 0.005 0.008
-0.001 0.001 -0.002 -0.002 0.002 0.001 0.001 -0.000 -0.002 0.004 -0.001 0.001 0.000 0.004 0.000 0.003 0.001 0.001 -0.002 -0.001 -0.004 0.002 0.000 -0.006 -0.001 0.001 -0.004 0.016 0.005 1.000 -0.002 0.000 -0.002 0.002 -0.001 -0.001 0.003 -0.002 -0.002 -0.002 -0.001 -0.002 -0.002 -0.001 -0.002 0.001 -0.001 0.000 -0.002 0.000
-0.001 0.001 -0.002 -0.002 0.002 0.001 0.001 -0.000 -0.002 0.005 -0.001 0.001 0.000 0.004 -0.000 0.003 0.001 0.001 -0.002 -0.001 -0.004 0.002 0.000 -0.006 -0.001 0.001 -0.004 0.015 0.005 -0.002 1.000 0.001 0.002 -0.000 0.001 0.001 -0.001 0.002 0.002 0.002 0.001 0.002 0.002 0.001 0.002 0.000 0.001 0.001 0.002 0.001
-0.002 0.002 -0.001 -0.005 0.003 0.000 -0.000 -0.002 -0.002 0.004 -0.006 0.005 0.001 0.009 -0.005 0.004 0.002 0.000 -0.002 -0.001 -0.004 0.002 0.000 -0.006 -0.001 0.003 -0.001 0.027 0.007 0.000 0.001 1.001 -0.001 -0.012 -0.004 -0.004 -0.019 -0.002 -0.002 -0.002 -0.003 -0.002 -0.002 -0.004 -0.002 -0.009 -0.004 -0.006 -0.002 -0.007
-0.001 0.001 -0.002 -0.002 0.002 0.001 0.001 -0.000 -0.002 0.004 -0.001 0.001 0.000 0.004 0.000 0.003 0.001 0.001 -0.002 -0.001 -0.004 0.002 0.000 -0.006 -0.001 0.001 -0.004 0.016 0.005 -0.002 0.002 -0.001 1.000 0.005 0.004 0.004 0.004 0.003 0.003 0.003 0.004 0.003 0.003 0.004 0.003 0.005 0.004 0.005 0.003 0.005
-0.003 -0.001 -0.001 -0.008 0.004 -0.001 -0.001 -0.002 0.000 0.005 -0.012 0.009 0.001 0.013 -0.013 0.004 0.002 0.001 -0.001 -0.001 -0.003 0.002 -0.000 -0.003 -0.000 0.005 0.002 0.038 0.009 0.002 -0.000 -0.012 0.005 1.002 0.010 0.009 0.055 0.004 0.004 0.004 0.008 0.004 0.004 0.010 0.004 0.024 0.010 0.015 0.004 0.018
-0.002 0.002 -0.001 -0.003 0.002 0.001 0.000 -0.001 -0.002 0.004 -0.004 0.003 0.001 0.007 -0.003 0.004 0.002 0.000 -0.002 -0.001 -0.004 0.002 0.000 -0.006 -0.001 0.002 -0.002 0.022 0.006 -0.001 0.001 -0.004 0.004 0.010 1.001 0.007 0.006 0.007 0.007 0.007 0.007 0.007 0.007 0.007 0.007 0.008 0.007 0.008 0.007 0.008
-0.002 0.002 -0.001 -0.003 0.002 0.001 0.000 -0.001 -0.003 0.004 -0.003 0.003 0.001 0.007 -0.002 0.004 0.001 0.000 -0.002 -0.001 -0.004 0.002 0.000 -0.006 -0.001 0.002 -0.003 0.021 0.006 -0.001 0.001 -0.004 0.004 0.009 0.007 1.001 0.009 0.006 0.006 0.006 0.007 0.006 0.005 0.007 0.006 0.009 0.007 0.008 0.006 0.008
-0.005 -0.011 -0.001 -0.011 0.006 -0.003 -0.001 -0.001 0.006 0.009 -0.020 0.013 0.002 0.016 -0.022 0.003 0.003 0.002 0.000 -0.001 -0.002 0.001 -0.001 0.005 0.001 0.008 0.005 0.046 0.009 0.003 -0.001 -0.019 0.004 0.055 0.006 0.009 1.007 0.003 0.003 0.003 0.007 0.003 0.003 0.009 0.003 0.021 0.008 0.013 0.003 0.015
-0.001 0.001 -0.002 -0.002 0.002 0.001 0.001 -0.000 -0.002 0.004 -0.001 0.001 0.000 0.004 0.000 0.003 0.001 0.001 -0.002 -0.001 -0.004 0.002 0.000 -0.006 -0.001 0.001 -0.004 0.016 0.005 -0.002 0.002 -0.002 0.003 0.004 0.007 0.006 0.003 1.001 0.007 0.007 0.009 0.007 0.007 0.010 0.007 0.014 0.010 0.012 0.007 0.013
-0.001 0.001 -0.002 -0.002 0.002 0.001 0.001 -0.000 -0.002 0.005 -0.001 0.001 0.000 0.004 0.000 0.003 0.001 0.001 -0.002 -0.001 -0.004 0.002 0.000 -0.006 -0.001 0.001 -0.004 0.015 0.005 -0.002 0.002 -0.002 0.003 0.004 0.007 0.006 0.003 0.007 1.001 -0.003 -0.001 -0.003 -0.003 0.000 -0.003 0.007 -0.000 0.003 -0.003 0.004
-0.001 0.001 -0.002 -0.002 0.002 0.001 0.001 -0.000 -0.002 0.004 -0.001 0.001 0.000 0.004 0.000 0.003 0.001 0.001 -0.002 -0.001 -0.004 0.002 0.000 -0.006 -0.001 0.001 -0.004 0.016 0.005 -0.002 0.002 -0.002 0.003 0.004 0.007 0.006 0.003 0.007 -0.003 1.001 0.003 0.003 0.003 0.004 0.003 0.005 0.004 0.004 0.003 0.004
-0.002 0.002 -0.001 -0.003 0.002 0.001 0.000 -0.001 -0.003 0.004 -0.003 0.002 0.001 0.006 -0.002 0.004 0.001 0.000 -0.002 -0.001 -0.004 0.002 0.000 -0.007 -0.001 0.002 -0.003 0.020 0.006 -0.001 0.001 -0.003 0.004 0.008 0.007 0.007 0.007 0.009 -0.001 0.003 1.001 -0.000 -0.000 -0.000 -0.000 0.000 0.000 0.000 -0.000 0.000
-0.001 0.001 -0.002 -0.001 0.002 0.001 0.001 -0.000 -0.002 0.005 -0.001 0.001 0.000 0.004 0.000 0.003 0.001 0.001 -0.002 -0.001 -0.004 0.002 0.000 -0.006 -0.001 0.001 -0.004 0.015 0.005 -0.002 0.002 -0.002 0.003 0.004 0.007 0.006 0.003 0.007 -0.003 0.003 -0.000 1.001 -0.002 -0.001 -0.002 -0.000 -0.001 -0.000 -0.002 -0.000
-0.001 0.001 -0.002 -0.001 0.002 0.001 0.001 -0.000 -0.002 0.005 -0.001 0.001 0.000 0.004 0.000 0.003 0.001 0.001 -0.002 -0.001 -0.004 0.002 0.000 -0.006 -0.001 0.001 -0.004 0.015 0.005 -0.002 0.002 -0.002 0.003 0.004 0.007 0.005 0.003 0.007 -0.003 0.003 -0.000 -0.002 1.001 0.005 0.003 0.010 0.005 0.007 0.003 0.008
-0.002 0.002 -0.001 -0.003 0.002 0.001 0.000 -0.001 -0.002 0.004 -0.004 0.003 0.001 0.007 -0.003 0.004 0.002 0.000 -0.002 -0.001 -0.004 0.002 0.000 -0.006 -0.001 0.002 -0.002 0.022 0.006 -0.001 0.001 -0.004 0.004 0.010 0.007 0.007 0.009 0.010 0.000 0.004 -0.000 -0.001 0.005 1.001 -0.013 -0.045 -0.021 -0.030 -0.012 -0.034
-0.001 0.001 -0.002 -0.002 0.002 0.001 0.001 -0.000 -0.002 0.005 -0.001 0.001 0.000 0.004 0.000 0.003 0.001 0.001 -0.002 -0.001 -0.004 0.002 0.000 -0.006 -0.001 0.001 -0.004 0.015 0.005 -0.002 0.002 -0.002 0.003 0.004 0.007 0.006 0.003 0.007 -0.003 0.003 -0.000 -0.002 0.003 -0.013 1.001 0.024 0.016 0.019 0.013 0.021
-0.003 0.001 -0.001 -0.007 0.004 -0.000 -0.000 -0.002 -0.002 0.004 -0.009 0.007 0.001 0.012 -0.009 0.004 0.002 0.000 -0.001 -0.001 -0.003 0.002 0.000 -0.005 -0.000 0.004 0.001 0.033 0.008 0.001 0.000 -0.009 0.005 0.024 0.008 0.009 0.021 0.014 0.007 0.005 0.000 -0.000 0.010 -0.045 0.024 1.006 0.020 0.028 0.012 0.031
-0.002 0.002 -0.001 -0.004 0.002 0.001 0.000 -0.001 -0.003 0.004 -0.003 0.003 0.001 0.007 -0.003 0.004 0.002 0.000 -0.002 -0.001 -0.004 0.002 0.000 -0.007 -0.001 0.002 -0.002 0.022 0.006 -0.001 0.001 -0.004 0.004 0.010 0.007 0.007 0.008 0.010 -0.000 0.004 0.000 -0.001 0.005 -0.021 0.016 0.020 1.002 0.011 0.001 0.014
-0.002 0.002 -0.001 -0.005 0.003 0.000 -0.000 -0.002 -0.003 0.004 -0.006 0.005 0.001 0.009 -0.005 0.004 0.002 0.000 -0.002 -0.001 -0.004 0.002 0.000 -0.006 -0.001 0.003 -0.001 0.027 0.007 0.000 0.001 -0.006 0.005 0.015 0.008 0.008 0.013 0.012 0.003 0.004 0.000 -0.000 0.007 -0.030 0.019 0.028 0.011 1.004 0.004 0.011
-0.001 0.001 -0.002 -0.002 0.002 0.001 0.001 -0.000 -0.002 0.004 -0.001 0.001 0.000 0.004 0.000 0.003 0.001 0.001 -0.002 -0.001 -0.004 0.002 0.000 -0.006 -0.001 0.001 -0.004 0.016 0.005 -0.002 0.002 -0.002 0.003 0.004 0.007 0.006 0.003 0.007 -0.003 0.003 -0.000 -0.002 0.003 -0.012 0.013 0.012 0.001 0.004 1.001 0.004
-0.003 0.002 -0.001 -0.006 0.003 0.000 -0.000 -0.002 -0.002 0.004 -0.007 0.005 0.001 0.010 -0.006 0.004 0.002 0.000 -0.002 -0.001 -0.003 0.002 0.000 -0.006 -0.001 0.003 -0.000 0.029 0.008 0.000 0.001 -0.007 0.005 0.018 0.008 0.008 0.015 0.013 0.004 0.004 0.000 -0.000 0.008 -0.034 0.021 0.031 0.014 0.011 0.004 1.005
