0.00000 -0.01967 0.01766 -0.00001 -0.00863 -0.00001 0.01190 -0.02832 -0.00005 -0.01572 0.00001 -0.00792 0.00000 -0.00001 0.00417 0.01498 -0.00001 -0.00461 -0.00001 -0.00000 -0.00537 -0.00128 -0.00001 0.00002 0.00000 0.01020 0.00512 -0.01831 0.00298 0.00034 0.01059 -0.08910 -0.00647 -0.01301 -0.02241 -0.00030 0.04227 -0.00701 -0.00115 0.00000 -0.02983 0.00000 -0.00679 0.00311 0.00342 -0.00434 0.00869 -0.00682 0.01038 -0.01994
-0.00001 0.00000 -0.00000 -0.00002 -0.00000 -0.00001 -0.08766 -0.05968 -0.00000 0.00000 0.00000 -0.03492 -0.00000 0.00001 -0.08492 0.04142 0.00001 0.25878 -0.00000 0.00005 0.00797 -0.04425 -0.00001 -0.00000 0.00000 -0.02077 -0.06147 -0.00876 0.02235 0.00047 0.00000 0.00000 -0.01138 0.00000 -0.03242 0.00013 0.00001 -0.05593 -0.54039 -0.00000 -0.01818 -0.00001 0.18877 -0.06596 0.05224 0.09307 -0.05255 -1.44263 0.00072 -0.00391
0.00049 -0.00395 0.00000 0.00000 0.00013 -0.00001 -0.00613 -0.01440 -0.00002 0.23446 0.00001 -0.00652 0.00000 -0.00001 -0.01144 -0.00733 -0.00000 0.00977 -0.00001 -0.00001 0.00389 -0.00392 0.00000 0.00003 -0.00000 -0.00182 -0.00794 0.00511 0.00481 -0.00690 -0.27550 0.53751 -0.00004 -0.00597 0.02829 -0.00018 0.00048 -0.01060 -0.00429 0.00000 -0.05184 0.00001 -0.00116 -0.01332 -0.00218 0.00521 -0.00326 0.05590 -0.01812 0.00474
-0.03003 -0.02031 -0.02997 0.00000 0.00111 -0.00001 1.13952 -0.01652 0.00009 0.00034 -0.00001 -0.00332 -0.00000 -0.00001 -0.24400 -0.38795 0.00000 0.01986 0.00012 0.00163 -0.04304 -0.00004 0.00002 -0.00004 -0.00001 0.01233 0.01191 -0.00523 1.21418 0.31926 -0.00113 0.01581 0.01605 -0.01594 -0.01829 0.00002 -0.04377 -0.01189 -0.00841 -0.04129 0.05855 0.00000 0.01039 -0.00894 -0.01081 0.06924 -0.03032 -0.03301 0.01635 -0.05056
-0.00016 -0.03636 0.00000 0.00170 0.00000 -0.00018 -0.02133 -0.01639 -0.00018 -0.00000 -0.00007 -0.00075 0.00001 0.00008 -0.02245 0.02147 0.00020 -0.05729 -0.00027 -0.00007 -0.02039 -0.07500 -0.00006 0.00011 -0.00070 -0.05284 -0.00844 -0.01990 0.00348 -0.01911 0.00000 0.00016 -0.00920 -0.05140 0.02534 0.01868 -0.01117 -0.04986 -0.01190 -0.00000 -0.04872 0.00005 0.02954 -0.05069 -0.06325 0.03404 0.00402 0.06060 -0.00602 -0.07420
-0.01421 -0.03528 -0.03836 -0.03045 0.01389 0.00000 -0.01509 -0.02243 -0.02113 0.00160 0.00004 -0.00658 -0.48325 -0.00002 0.00358 0.02708 0.00023 -0.00230 0.00005 -0.00007 -0.03326 -0.04130 -0.01414 -0.00002 0.00002 -0.02911 -0.00403 -0.02626 -0.00506 -0.01857 0.01313 -0.04210 -0.01869 -0.02122 0.00248 -0.05547 -0.01805 -0.02425 -0.00646 -0.06335 -0.00593 -0.00003 0.02909 -0.03001 -0.02838 -0.00807 0.00412 0.05579 0.00592 -0.00757
0.00000 -0.00000 0.00000 0.00000 0.00001 0.00001 0.00000 -0.03190 0.00000 0.00000 -0.00000 0.05080 0.00000 0.00001 -0.68276 -0.00002 -0.00001 -0.00093 -0.00003 -0.00002 0.00030 -0.00001 0.00000 0.00000 0.00004 -0.22221 0.01173 -0.02595 0.01795 0.04944 0.00000 0.00000 -0.17493 0.00000 0.01571 -0.00000 0.00001 -0.03564 -0.01318 -0.00000 -0.01340 -0.00011 -0.43218 0.22370 -0.28900 -0.50267 -0.05344 0.03999 0.00632 -0.05635
-0.00001 0.00000 0.00000 0.00002 0.00001 0.00003 0.00001 0.00000 -0.00000 0.00000 -0.00000 -0.00000 -0.00000 0.00002 -0.00001 -0.00002 -0.00001 0.00011 -0.00001 0.00001 -0.00001 0.00001 -0.00002 -0.00000 -0.00000 0.00005 -0.00003 0.00003 0.01270 -0.00000 -0.00000 0.00000 -0.00000 0.00000 0.00022 0.00002 -0.00000 0.00000 -0.00000 0.00000 0.00000 0.00001 0.00003 -0.03014 0.01122 -0.00022 0.00000 -0.00009 -0.62645 0.00019
-0.00214 -0.02967 -0.03935 0.00328 0.00399 -0.00007 -0.03612 0.00912 0.00000 0.00043 -0.00008 0.20535 -0.00001 -0.00001 0.02129 0.01206 -0.00007 -0.03024 0.00519 0.00833 0.00091 -0.00093 0.00024 -0.00002 0.00003 2.13050 -0.01953 -0.02740 0.01989 -0.00543 0.00581 -0.02709 -0.03193 -0.49060 0.01764 -0.04404 2.09315 -1.10171 -0.01799 -0.03979 0.99409 0.00787 0.01506 -0.59609 0.70907 1.13867 -0.20803 0.03482 -0.02971 -0.01286
0.00002 -0.07089 -0.00000 -0.00010 -0.39364 0.00017 0.06706 -0.05401 0.00012 0.00000 -0.00001 0.09703 -0.00000 0.00003 -0.02896 0.04777 -0.00008 -0.05483 0.00001 0.00010 -0.04230 -0.07915 -0.00003 -0.00004 0.00005 -0.43099 -0.01566 -0.03883 0.02319 -0.02629 -0.61121 -0.00003 -0.04591 0.29505 0.01020 -0.00137 -1.94147 0.99107 -0.01246 -0.00000 -1.05010 0.00000 0.04737 0.54112 -0.80255 -1.23103 -0.04822 0.06241 0.01898 -0.02635
0.01303 -0.00710 -0.02754 -0.01520 -0.00051 0.04661 -0.00630 0.00992 -0.02116 -0.00771 0.00000 0.06387 0.01291 -0.00008 0.00950 0.00442 0.00000 -0.00635 0.02099 -0.00013 -0.00299 -0.01186 -0.00023 -0.01544 0.02752 -0.19626 -0.00239 -0.03849 0.01120 -0.00335 0.01942 -0.01400 0.00723 0.22740 0.00978 -0.01623 -0.99674 0.50174 -0.01000 -0.03896 -0.53127 -0.01123 -0.01751 0.30064 -0.34496 -0.58984 -0.01579 0.02816 0.01548 0.01304
-0.00004 -0.00000 -0.00000 0.00000 0.00007 0.00007 0.00001 -0.06285 0.00000 -0.00000 -0.00000 0.00000 -0.00000 0.00002 0.00001 0.00017 -0.00005 0.00007 0.00017 0.00006 -0.00000 -0.00013 0.00015 0.00000 0.00000 -0.00001 -0.00001 -0.00000 -0.00045 -0.00001 -0.00000 -0.00000 0.00004 0.00000 0.00005 -0.00000 -0.00000 -0.00000 0.00000 0.00000 0.00045 -0.00019 -0.00000 0.36235 -0.05003 0.00013 -0.00000 -0.00002 0.00288 0.00001
-0.03255 -0.05755 -0.06875 -0.06689 0.02560 -0.00001 -0.01707 -0.05111 -0.03042 -0.00707 -0.00008 0.01857 0.00000 0.00003 -0.02675 0.04713 -0.00033 0.00464 -0.00013 0.00005 -0.06053 -0.07641 -0.04090 -0.00000 -0.00000 -0.13758 -0.00757 -0.05906 -0.01361 -0.03838 0.02045 0.00960 -0.02838 -0.04519 0.00869 -0.07187 -0.04077 -0.04822 -0.01528 -0.10143 -0.04565 0.00006 0.06415 0.09283 0.28066 -0.37048 -0.02194 0.12480 0.01190 -0.00973
-0.01180 -0.01171 -0.01115 -0.02385 0.01831 -0.06651 0.06785 -0.00002 -0.02422 -0.00367 -0.00252 -0.01299 0.03288 0.00000 -0.00148 0.00172 -0.00001 0.00490 0.00007 0.00141 -0.02683 -0.00050 0.00216 0.00026 -0.00006 -0.04117 0.01239 -0.02115 -1.27182 -0.00308 0.00356 -0.05774 -0.01317 -0.00428 -0.01933 0.02294 -0.03066 -0.00598 -0.00662 -0.04555 0.02802 0.00021 0.00613 -0.02433 -0.03545 -0.03183 -0.00200 0.07621 0.00345 0.01186
0.00001 -0.00000 -0.00000 -0.00000 -0.00004 0.00008 -0.00001 -0.01979 -0.00000 -0.00000 0.00000 -0.00718 -0.00001 -0.00005 0.00000 0.00004 0.00001 -0.00253 0.00011 0.00007 -0.00137 0.00002 -0.00003 -0.00000 -0.00004 -0.01406 -0.00958 0.00204 0.02219 -0.12323 -0.00000 0.00000 0.31131 0.00000 -0.08736 0.00001 -0.00000 -0.01658 0.00152 0.00000 -0.00089 0.00017 -0.38282 -0.01937 0.03301 0.02179 0.00100 -0.01150 0.01037 1.46407
-0.00004 0.00001 -0.00006 -0.00000 0.00000 0.00002 -0.04819 -0.03459 -0.00008 0.00000 0.00003 0.00149 0.00000 -0.00046 -0.00558 0.00000 -0.00132 0.00001 -0.00098 -0.00004 -0.04611 -0.00000 -0.00004 0.00000 0.00005 -0.01392 0.01051 -0.02949 0.00175 -0.01930 -0.00001 -0.00004 -0.01767 0.00002 -0.02880 -0.00009 0.00009 -0.03031 -0.01000 -0.00001 -0.05029 -0.00009 -0.00032 -0.01200 -0.04084 0.08016 -0.03311 0.03454 0.00542 -0.02872
-0.03213 -0.01749 -0.05209 -0.01537 0.00988 0.01514 -0.06964 -0.01065 -0.01346 -0.00660 -0.01908 -0.00405 0.00610 -0.01224 -0.01359 -0.00336 0.00000 -0.00920 -0.00216 -0.00329 -0.01521 0.00100 -0.01804 -0.00011 0.01665 -0.03896 -0.00734 -0.01112 0.00525 0.00601 0.01228 0.02395 -0.00118 -0.01761 -0.00044 -0.00751 0.00673 -0.00647 -0.01299 -0.04295 -0.03010 -0.02867 0.01062 0.00187 -0.00324 -0.01104 0.02663 0.05508 -0.00501 0.01795
-0.00008 0.00000 0.00003 0.00006 -0.00001 -0.00037 0.00029 0.00894 -0.00001 0.00000 0.00001 -0.00621 0.00006 0.00038 0.00016 0.01574 0.00000 0.00000 0.00026 0.00064 -0.01450 -0.03120 -0.00003 -0.00000 0.00034 -0.02961 -0.00295 -0.01162 0.00952 0.00042 0.00000 -0.00000 -0.02127 0.00002 0.00341 -0.00023 0.00006 -0.01032 -0.01082 0.00000 0.05363 0.00008 -0.00003 -0.01760 -0.00721 0.00750 -0.00337 0.01886 0.00396 0.01504
-0.00500 -0.02236 -0.06711 -0.01013 -0.00196 0.02239 -0.05570 -0.00030 0.00017 -0.01098 0.00007 0.00890 0.01040 -0.01441 0.00720 0.00145 -0.00012 0.00714 0.00000 0.00003 -0.00736 -0.00345 -0.00927 -0.00008 -0.01437 -0.01343 0.01080 -0.01415 -0.00406 -0.00787 0.00407 -0.02501 -0.01156 -0.01771 0.03723 0.03897 0.01492 -0.02100 -0.00210 -0.05657 -0.07199 -0.01515 0.02866 -0.00089 0.00899 0.02677 -0.01510 0.01159 0.00235 0.00025
-0.00167 -0.00340 -0.05922 0.00176 0.00324 -0.03172 0.02381 -0.02640 0.00010 -0.00313 -0.01754 -0.00403 0.02282 0.00176 -0.00582 -0.00688 -0.00044 0.00529 0.02803 0.00000 -0.00725 -0.03135 0.00035 0.00967 0.00291 -0.02645 -0.00097 -0.02893 0.01941 0.00138 0.02015 -0.02357 0.00372 -0.02382 0.00677 0.01341 0.01429 0.00021 -0.00082 -0.03421 0.00050 -0.01915 0.01290 -0.00626 0.00326 -0.01280 0.00423 0.00215 0.01118 0.00692
0.00045 -0.00001 0.00005 -0.00003 -0.00000 -0.00001 0.00031 -0.01967 0.00009 -0.00000 -0.00001 0.00172 -0.00000 0.00001 -0.00016 -0.00003 0.00009 -0.00003 0.00013 0.00002 0.00000 0.00000 0.00040 -0.00001 -0.00003 -0.01539 0.00574 -0.02576 0.02165 -0.00001 0.00001 -0.00002 0.00011 -0.00002 -0.00502 0.00027 -0.00008 -0.00428 -0.00628 -0.00002 -0.04657 0.00006 0.00782 -0.01110 -0.00507 0.01381 0.00355 0.04660 0.01483 -0.00011
0.00123 -0.00001 0.00002 -0.00366 -0.00000 -0.00000 -0.07218 -0.01891 0.00005 -0.00000 -0.00003 0.00200 -0.00000 0.00123 -0.01225 -1.19348 0.00487 -0.00002 0.00060 0.00001 1.45955 0.00000 0.00105 -0.00000 -0.00002 -0.01279 0.01205 -0.00092 -0.03771 -0.02677 0.00001 0.00000 -0.03686 -0.00002 -0.04909 0.03736 -0.00007 -0.03785 0.00453 -0.00001 0.00464 0.00009 0.00133 -0.00721 -0.04964 -0.00926 -0.03717 -0.01580 -0.01428 -0.03212
-0.03375 -0.02484 -0.00757 -0.01873 -0.00674 -0.00007 0.03280 -0.02291 -0.00677 -0.00298 -0.00878 0.00745 -0.00001 0.00066 -0.00235 0.01990 -0.00004 0.00415 -0.00020 -0.00110 -0.00652 -0.00290 0.00000 -0.00172 -0.00011 -0.01690 -0.00767 -0.01236 0.02202 -0.00546 0.01000 -0.02291 0.00172 -0.02094 -0.01405 0.02083 0.00548 -0.00975 -0.01407 -0.04668 -0.02209 -0.00786 0.01725 -0.00846 -0.00464 0.03720 0.00762 -0.00116 -0.00606 0.00943
-0.00649 -0.03829 -0.02352 -0.01620 0.00355 -0.03081 -0.02315 -0.05882 -0.03858 0.00587 0.00006 -0.49487 0.00835 0.00297 0.00571 0.03007 -0.01858 0.00066 -0.02170 -0.00000 -0.04289 -0.04943 0.00135 0.00000 0.00003 1.25155 -0.00230 -0.01560 0.01671 -0.00843 0.01295 -0.00162 -0.00205 -0.83397 -0.00616 -0.00231 3.50810 -1.83521 -0.01232 -0.03996 1.72659 -0.01806 0.05058 -2.22208 2.43149 4.25859 0.38217 0.04181 -0.04305 0.01397
-0.00166 -0.01660 -0.03449 -0.02364 -0.00048 0.01386 0.02482 -0.02915 -0.02002 -0.00156 0.00004 -0.00506 0.01868 -0.02833 0.01108 0.01819 0.00008 0.00529 -0.00015 0.00030 -0.01234 -0.03542 -0.01843 -0.01508 0.00000 -0.01749 -0.01421 -0.02666 0.01323 -0.01338 0.00794 -0.04146 0.00129 -0.02605 -0.07016 0.04014 -0.00511 -0.01051 -0.00203 -0.04023 0.00639 -0.00158 0.02502 0.00034 -0.01032 0.03404 -0.00344 -0.00542 0.00746 -0.02803
0.00001 0.00000 0.00000 0.00000 -0.00000 -0.00002 -0.00000 -0.02049 0.00000 0.00000 -0.00000 -0.19058 -0.00000 -0.00001 -0.00000 -0.00003 -0.00001 -0.00005 -0.00004 -0.00004 -0.00003 0.00002 0.00001 -0.00000 -0.00000 0.00000 0.00000 0.00000 0.00008 0.00000 -0.00000 0.00000 -0.00001 -0.00000 -0.00001 0.00000 0.00000 0.00000 -0.00000 0.00000 0.00006 0.00023 -0.00000 -0.03725 -0.00855 -0.00003 0.15843 0.00001 0.00147 0.00031
0.00005 -0.00000 -0.00004 -0.00003 -0.00002 0.00007 -0.00028 0.00282 -0.00000 -0.00000 -0.00001 0.02435 -0.00001 0.00002 0.00000 0.00002 -0.00012 -0.00014 0.00004 0.00006 -0.00003 0.00006 -0.00004 0.00000 0.00002 0.16857 0.00000 0.00000 0.00013 -0.00001 -0.00000 -0.00000 -0.00002 -0.00000 -0.00001 -0.00009 0.00000 -0.02022 0.00000 -0.00000 0.00046 -0.00014 0.00034 0.00676 0.00066 -1.25219 0.47755 -0.00001 0.00246 0.00004
-0.00005 0.00021 0.00024 -0.00001 0.00002 0.00003 0.00019 -0.01870 0.00002 0.00001 -0.00001 -0.03940 -0.00000 0.00001 0.00003 0.00000 -0.00008 0.00006 0.00009 -0.00001 -0.00003 0.00001 0.00023 0.00002 0.00001 -0.11239 -0.05934 0.00000 -1.79386 -0.00000 0.00000 0.00026 -0.00000 -0.00000 0.01976 0.00004 0.00052 -0.03218 -0.67843 0.00001 -0.01183 0.00012 0.00002 -0.05539 -0.06232 -0.10560 -0.07021 -1.76665 0.00595 -0.00002
0.00007 -0.00003 -0.00011 0.00000 -0.00001 -0.00004 -0.00009 -0.00004 -0.00000 -0.00000 0.00002 -0.00552 0.00000 -0.00000 0.00002 -0.00002 0.00004 0.00002 0.00000 0.00001 0.00004 -0.00002 -0.00002 -0.00002 0.00001 -0.01935 0.00695 -0.00000 0.00000 0.00001 0.00001 -0.00009 0.00000 0.00000 -0.01134 0.00003 -0.00032 0.00000 -0.00388 -0.00002 0.00008 -0.00015 -0.00010 -0.01088 -0.01497 -0.03411 -0.00335 0.04463 0.00001 -0.00001
0.00075 0.00012 -0.00002 0.00000 0.00003 0.00002 0.00013 0.02190 0.00003 0.00000 -0.00001 0.02669 0.00000 0.00017 -0.00001 -0.00001 0.00026 0.00265 -0.00022 0.00146 -0.02666 -0.00003 -0.00009 0.00000 0.00011 -0.03316 0.00714 -0.02630 0.03185 0.00000 0.00006 0.00002 0.88627 0.00002 -0.06624 -0.00002 -0.00001 -0.03149 -0.01016 -0.00001 -0.05915 -0.00017 0.15128 0.00319 -0.01954 -0.03343 -0.03119 0.01157 -0.02250 -0.00002
0.00001 -0.03115 -0.00001 -0.00005 0.03436 0.00001 0.07004 -0.04645 0.00001 -0.00000 0.00001 0.05435 -0.00000 0.00000 -0.02800 0.01364 0.00001 -0.01255 0.00002 0.00004 -0.01776 -0.02642 0.00000 -0.00004 0.00004 -0.27354 -0.02466 -0.02172 0.01483 -0.00124 0.00000 -0.00000 -0.01728 0.19817 0.00111 0.00030 -1.24146 0.61516 0.00045 -0.00000 -0.73100 -0.00003 0.02222 0.34953 -0.50194 -0.76897 -0.02333 0.04578 -0.00266 0.03310
-0.00001 -0.01225 0.00000 0.00006 0.03429 -0.00006 0.07247 0.01200 -0.00004 -0.46075 0.00002 0.20623 0.00000 -0.00001 -0.01705 0.00839 0.00003 -0.02175 -0.00001 -0.00007 -0.01089 -0.00895 0.00002 0.00007 -0.00002 -0.57346 0.00675 0.00704 -0.00308 -0.00906 -0.34070 0.00000 -0.00219 0.74612 -0.01329 0.00046 -3.43366 1.76140 0.00075 -0.00000 -1.72720 0.00004 -0.01112 1.03047 -1.22240 -1.91038 -0.11638 -0.00556 0.04301 0.00405
0.00018 -0.00002 -0.00001 -0.00000 -0.00002 0.00005 -0.00002 -0.04441 -0.00000 -0.00000 0.00003 -0.00265 -0.00000 -0.00011 0.00000 0.00008 0.00030 -0.00002 0.00009 0.00038 -0.00425 0.00000 -0.00013 0.00000 0.00002 -0.04992 0.00540 -0.03847 0.01249 0.00000 -0.00000 0.00001 0.00000 0.00000 0.07593 -0.00000 -0.00000 -0.00994 -0.01502 0.00000 -0.02029 0.00001 -0.00000 -0.01779 -0.00781 0.00687 0.02190 0.07274 -0.00280 0.00012
-0.00003 0.39565 0.00001 0.00008 -0.00001 -0.00012 0.22898 -0.02217 -0.00000 0.00000 0.00001 -0.08007 0.00002 -0.00002 0.20241 -0.00438 0.00010 0.01253 -0.00004 -0.00010 -0.01514 -0.02372 0.00000 -0.00000 -0.00004 0.12998 -0.01640 -0.01547 -0.00669 -0.01426 0.00000 0.00001 -0.01687 0.00000 -0.00580 0.00081 -0.00001 -0.73545 -0.00289 -0.00000 0.64016 0.00005 -0.30020 -0.37551 0.35720 0.50672 0.03232 -0.02220 -0.02594 0.00674
-0.00003 -0.00003 -0.00000 0.00001 0.00003 -0.00017 0.00004 -0.00215 0.00003 0.00004 0.00004 -0.01186 0.00014 0.00041 -0.00000 -0.00002 0.00034 0.00043 0.00004 0.00020 0.00001 -0.00001 0.00006 -0.00001 -0.00002 -0.20354 0.32502 0.00006 -0.00021 0.00000 0.00006 -0.00013 0.00001 0.00005 0.00000 0.00002 -0.00004 0.00497 -0.11888 0.00002 -0.00395 0.00004 -0.00009 -0.01349 0.00173 1.09179 -0.43459 0.31761 -0.00348 0.00005
0.00232 0.00499 0.00349 0.27869 0.00002 -0.00003 -0.89485 -0.00322 -0.00002 -0.00007 0.00004 0.00701 -0.00001 -0.00008 0.21363 -0.01322 -0.00022 -0.00706 0.00005 -0.00003 0.00460 0.00000 0.00012 -0.00105 -0.00003 -0.01580 -0.00651 -0.00959 0.01893 -0.28173 0.00181 0.00895 -0.01948 0.00656 0.01540 0.00000 0.01888 -0.01236 -0.00852 0.00074 -0.03578 -0.00016 -0.00196 -0.00480 -0.00558 0.01101 0.01107 0.00287 -0.01104 0.03255
0.00000 0.26202 -0.00000 -0.00002 0.00020 0.00002 0.16068 -0.00068 0.00000 -0.00000 -0.00000 0.01065 -0.00001 0.00000 0.12607 -0.00719 -0.00002 0.00515 0.00000 0.00002 -0.00752 -0.01026 -0.00000 0.00000 0.00001 -0.06232 -0.00726 -0.00443 -0.00993 -0.01113 -0.00000 -0.00000 -0.00385 -0.41099 -0.00480 -0.00033 0.00000 0.03089 0.00117 0.00000 -0.07219 -0.00002 -0.20617 0.05848 -0.10504 -0.18826 -0.01501 -0.02431 -0.00390 0.00187
0.00000 -0.00000 0.00000 -0.00001 -0.00000 0.00000 -0.00001 0.71471 -0.00000 0.00000 -0.00000 -0.07117 -0.00000 -0.00000 -0.00004 0.00000 0.00001 -0.00017 0.00000 0.00000 0.00042 -0.00000 0.00000 0.00000 0.00000 0.16048 0.00002 0.00000 0.00448 -0.00001 -0.00000 0.00000 -0.00006 -0.00000 -0.00016 -0.00002 0.00003 0.00000 -0.00001 0.00000 -0.00005 0.00001 -0.00001 -0.35309 0.40783 0.68301 0.03713 0.00004 0.18996 -0.00001
0.00004 0.00000 -0.00002 -0.00006 -0.00001 0.00004 -0.00027 0.03800 -0.00000 -0.00000 -0.00000 0.35132 -0.00000 0.00000 -0.00003 0.00001 -0.00009 -0.00010 -0.00003 0.00005 -0.00003 0.00005 -0.00003 0.00000 0.00010 -0.56104 1.92211 -0.00000 0.00030 -0.00001 -0.00000 -0.00000 -0.00002 -0.00000 -0.00006 -0.00011 -0.00000 0.01444 0.00000 -0.00000 -0.02032 -0.00010 0.00025 0.08351 0.00462 3.27382 0.49703 -0.00001 -0.01662 -0.00007
1.73216 0.03530 1.71791 -0.00000 0.00929 -0.00001 -0.03593 0.08677 -0.00003 -0.39310 0.00001 0.01949 0.00000 -0.00001 -0.00588 -0.02204 -0.00001 -0.00528 -0.00001 0.00001 -0.02107 0.00064 -0.00000 0.00002 0.00000 0.00516 0.00432 0.03822 -0.01130 0.00973 0.45372 -0.79375 0.01460 0.02480 0.02993 -0.00007 -0.06141 0.01986 0.00461 0.00000 0.08682 -0.00000 0.00012 0.02002 -0.00288 0.06326 -0.00724 -0.07609 0.01102 0.03198
-0.00000 0.00006 -0.00000 0.00001 0.00000 0.00001 0.00016 0.84060 -0.00000 0.00000 -0.00000 0.00634 0.00000 0.00001 0.00011 -0.00002 -0.00001 0.00004 -0.00001 0.00002 -0.00002 0.00001 -0.00001 -0.00000 0.00000 -0.00545 0.00295 0.00003 0.00225 -0.00000 -0.00000 -0.00000 0.00003 0.00000 -0.00018 0.00002 -0.00003 -0.08349 0.00006 -0.00000 0.00000 0.00000 0.00006 0.03124 -0.01026 0.02247 -0.00786 -0.00021 0.23212 -0.00003
-0.00394 -0.01989 -0.00628 -0.00848 -0.00128 -0.05268 -0.01245 0.25586 0.00038 0.00155 -0.00008 -0.00658 0.01319 0.01111 0.01118 0.00758 -0.00001 0.01933 -0.00001 -0.00001 -0.01525 -0.02012 -0.00029 -0.00008 0.00055 0.00110 -0.00965 -0.01519 -0.00069 -0.00483 0.01044 0.00209 -0.01136 -0.02500 0.03189 -0.00227 0.02508 0.01226 -0.00801 -0.04512 0.27148 0.00000 0.00634 -0.00226 -0.02452 -0.04661 0.00108 0.03057 0.25372 -0.01149
-0.00003 0.00000 -0.00000 -0.00000 0.00001 -0.00002 -0.00000 0.00564 -0.00000 0.00000 -0.00000 0.05151 0.00000 -0.00000 -0.00000 -0.00001 0.00002 -0.02342 0.00001 0.00007 0.00003 0.00002 0.00001 0.00000 0.00001 -0.23692 0.00752 -0.02338 -0.02223 0.00000 0.00000 -0.00000 -0.13827 -0.00000 -0.00973 -0.00000 -0.00001 -0.03362 -0.00409 -0.00000 -0.01678 -0.00002 0.00000 0.25278 -0.36606 -0.65881 -0.06569 0.01059 -0.00344 -0.00405
0.00000 0.00000 -0.00000 0.00000 0.00000 0.00000 0.00000 0.00000 0.00000 -0.00000 -0.00000 0.00000 -0.00000 0.00000 -0.00000 0.00004 -0.00000 -0.00002 0.00003 0.00001 -0.00002 -0.00005 0.00003 -0.00000 0.00001 -0.00005 -0.00000 0.00000 -0.00018 -0.00000 -0.00000 -0.00000 0.00000 0.00000 0.00001 -0.00000 -0.00000 0.00000 0.00000 0.00000 0.00003 -0.00003 -0.00000 0.00000 0.78924 0.00002 -0.00001 -0.00001 0.00001 -0.00009
0.00000 0.00000 0.00000 -0.00000 -0.00000 -0.00009 0.00000 0.00005 -0.00000 0.00000 0.00000 0.00000 0.00000 0.00000 0.00000 -0.00001 -0.00000 0.00000 0.00001 0.00001 0.00004 -0.00000 0.00000 0.00000 0.00000 -0.00012 -0.00000 0.00000 -0.00001 0.00000 -0.00000 0.00000 0.00001 0.00000 0.00000 -0.00000 -0.00000 0.00000 0.00000 0.00000 0.00003 0.00000 -0.00000 0.00000 0.00000 -0.00000 -0.00002 0.00000 0.00000 -0.00003
0.00000 0.00000 0.00000 -0.00000 0.00000 0.00004 -0.00001 -0.00057 0.00000 -0.00000 -0.00000 0.11512 -0.00000 0.00000 0.00001 0.00001 -0.00000 -0.00007 0.00001 0.00001 0.00002 -0.00000 0.00001 0.00000 -0.00000 -0.31446 -0.00000 -0.00000 -0.00001 -0.00000 -0.00000 -0.00000 0.00001 -0.00000 0.00000 0.00001 -0.00000 0.00000 0.00000 0.00000 -0.00012 -0.00001 -0.00000 0.46045 -0.49845 0.00000 -0.10005 -0.00000 -0.00017 -0.00003
0.00013 0.00000 -0.00002 -0.00001 -0.00009 0.00012 -0.00003 -0.03928 -0.00000 -0.00000 -0.00000 -0.22936 -0.00001 -0.00003 -0.00000 -0.00001 -0.00005 -0.00051 -0.00010 0.00008 -0.00005 0.00003 -0.00007 0.00000 0.00011 0.00001 0.00000 -0.00000 -0.00003 -0.00000 0.00000 0.00000 -0.00003 -0.00000 -0.00002 -0.00001 0.00000 -0.00000 0.00000 -0.00000 -0.00054 -0.00023 0.00001 -0.07419 -0.02177 -0.00012 0.00000 -0.00004 0.00736 -0.00002
0.00002 -0.00000 0.00000 0.00004 0.00000 -0.00001 -0.00007 -0.01746 0.00000 -0.00000 0.00000 -0.01162 0.00000 -0.00001 0.00002 0.00002 0.00002 -0.00005 -0.00001 -0.00002 0.00002 -0.00001 -0.00004 -0.00000 -0.00003 -0.02836 -0.04253 -0.00000 0.00003 0.00000 -0.00000 -0.00000 0.00001 -0.00000 0.00002 -0.00002 -0.00001 -0.01709 -0.36459 -0.00000 -0.02152 0.00000 -0.00008 -0.02013 -0.02103 -0.02771 -0.03665 0.00000 0.00338 0.00002
0.00004 -0.00000 -0.00000 -0.00004 0.00000 -0.00006 -0.00004 -0.00000 0.00000 -0.00000 0.00000 0.00001 0.00001 -0.00005 0.00015 0.00005 -0.00003 -0.00016 -0.00000 0.00004 0.00003 0.00001 0.00001 0.00000 0.00003 0.00013 0.00028 -0.00005 0.03731 0.00003 -0.00000 -0.00000 0.00001 -0.00000 -0.00092 -0.00001 0.00000 -0.00000 -0.00000 -0.00000 -0.00001 -0.00000 -0.00014 -0.02873 -0.00454 0.00087 0.00003 0.00019 0.00000 -0.00038
0.00003 -0.00001 -0.00000 -0.00000 -0.00001 0.00014 -0.00001 0.00117 -0.00000 -0.00000 0.00001 -0.00020 -0.00002 -0.00010 0.00000 0.00001 0.00002 0.00006 0.00025 0.00002 -0.00397 0.00003 -0.00000 -0.00000 -0.00008 -0.00992 0.02113 -0.01615 -0.00688 -0.02532 -0.00000 0.00000 0.01610 0.00000 0.03088 0.00002 -0.00000 -0.01666 -0.00380 0.00000 -0.01112 0.00018 0.00043 -0.01128 -0.02484 0.01461 -0.01131 0.02747 0.00030 0.00000
