0.00000 -0.00022 1.71518 0.72110 -0.20734 -0.45165 -0.11749 -0.00017 -0.10371 -0.00006
0.05900 0.00000 0.03572 -0.02385 -0.07081 -0.13850 -0.01492 0.00186 0.01579 -0.00121
0.00000 -0.00007 -0.00000 -0.44669 -0.00000 -0.00000 -0.00243 -0.00001 0.10291 -0.00004
-0.00000 0.00008 -0.00003 0.00000 0.00001 0.00002 -0.00021 0.00012 0.08919 -0.00003
0.00000 -0.00003 -2.20942 -0.31242 0.00000 0.00000 0.00169 -0.00003 -1.59523 -0.00004
-0.00000 -0.00001 -0.19968 0.02874 1.60499 0.00000 1.48927 -0.00002 -0.13537 -0.00002
0.00000 -0.00011 0.01023 -0.03026 0.01644 0.00000 0.00000 -0.00005 0.03060 -0.00002
0.08304 -0.00261 0.03199 -0.02378 -0.07738 -0.14900 -0.00231 0.00000 0.00729 -0.01649
0.00000 0.00007 0.00035 0.00029 -0.00000 -0.00001 -0.00052 0.00006 -0.00000 0.00010
-0.38927 0.00795 -0.07770 -0.06721 -0.11968 -0.20643 -0.06771 0.00021 0.03891 0.00000
