-0.00000 -0.00000 0.00000 0.00000 0.00001 0.00000 -0.00000 -0.03886 -0.00000 0.00000 -0.00000 0.00000 0.00011 0.00000 0.00759 0.00005 0.00000 -0.00000 -0.00000 -0.00000 0.00000 -0.00000 -0.00000 -0.00072 -0.00534 -0.00373 0.09835 0.00000 0.00000 0.00000
0.39089 -0.00000 0.01446 -0.15906 -0.08300 -0.00001 -0.04234 0.00060 -0.01468 0.02757 0.01523 -0.05222 0.00002 0.00000 -0.00090 -0.00000 -0.24092 -0.04721 0.02592 -0.15408 -0.08169 -0.02621 -0.08770 -0.00002 -0.05897 -0.27177 -0.07437 -0.00153 -0.25669 -0.08110
0.93510 -0.00002 0.00000 -0.01428 -0.06834 -0.13876 -0.02148 -0.08554 -1.56922 0.00000 0.00000 -0.02030 0.10362 -0.00162 -0.05591 -0.02539 0.00000 -0.03909 -0.00000 -0.02721 -0.14315 -0.07402 -0.22621 -0.08378 -0.22385 -0.04633 -0.23607 -0.00422 -0.00050 -0.01708
0.08082 -0.00000 0.00001 0.00000 -0.20821 -0.00000 -0.25939 0.00004 -0.01282 0.00005 0.00001 -0.27375 0.00000 -0.00001 -0.00001 -0.00000 0.00133 -0.08860 0.00001 -0.00000 0.00000 0.00000 -0.16905 -0.00000 -0.06617 -0.05536 -0.00027 -0.00000 0.04033 -0.26733
0.07796 0.00000 0.00000 -0.00000 0.00000 0.00000 0.00000 -0.00003 -0.00000 -0.00000 0.00000 0.00000 0.00000 -0.00000 -0.00000 0.00000 -0.00000 0.00000 0.00000 -0.00000 -0.00000 -0.00000 -0.00000 0.00000 -0.11073 -0.07595 0.00003 -0.00000 -0.00000 0.00000
0.00019 -0.00050 0.00000 -0.06333 -0.04561 -0.00000 -0.00680 -0.00000 -0.00001 0.00000 0.00000 -0.00863 -0.00000 -0.07239 -0.00000 -0.00000 0.00002 -0.00091 0.00000 -0.33973 -0.29589 -0.47076 -0.00026 -0.00000 -0.05675 -0.13307 0.00000 -0.12181 -0.02030 -0.01316
-0.59335 0.00000 -0.00001 -0.00000 0.31682 0.00000 0.00000 0.00015 0.01302 -0.00000 -0.00000 0.59117 -0.00000 -0.00000 -0.00003 0.00000 -0.00000 0.21436 0.00000 -0.00000 -0.00000 -0.00000 0.33841 -0.00000 -0.07018 -0.05902 -0.00065 -0.00000 -0.00000 0.00000
0.00000 -0.00006 0.00000 0.00002 -0.00001 -0.02268 -0.00001 0.00000 -0.00000 0.00000 0.00000 -0.00001 0.01629 -0.00047 -0.89091 -0.01851 0.00001 -0.00000 -0.00000 -0.00086 -0.02370 -0.01466 -0.00000 0.10872 -0.06773 -0.08751 -0.43788 -0.00001 0.00002 -0.00003
-7.31190 0.00000 -0.00000 -0.00000 0.12564 -0.00017 0.00000 -0.01081 0.00000 -0.00000 0.00000 0.00000 -0.00076 -0.00000 0.00344 -0.00031 -0.00000 0.00000 0.00000 -0.00002 0.00009 0.00010 -0.02734 0.00204 -0.29302 -0.18538 -0.32589 -0.00000 0.00000 -0.00000
0.08812 -0.00000 0.21892 -0.00702 -0.06106 -0.08089 -0.02594 -0.06404 -0.30709 0.00000 -0.37547 -0.02253 0.03834 -0.00041 -0.05957 -0.03823 0.00000 -0.23281 0.00000 -0.02519 -0.05468 -0.05265 -0.15540 -0.16775 -0.10184 -0.05530 -0.14892 -0.00441 -0.00144 -0.01829
-0.32894 -0.00001 -0.40688 -0.00315 -0.07678 -0.08678 -0.02546 -0.01376 0.73422 -0.00000 -0.00000 -0.02181 0.05922 -0.00057 -0.14743 -0.04521 0.00000 -0.19888 -0.00000 -0.03132 -0.09968 -0.09295 -0.08605 -0.04512 -0.05257 -0.04942 -0.18785 -0.00333 -0.00029 -0.01998
-0.42756 0.00000 -0.00001 -0.00000 -1.00954 0.00000 0.00000 0.00022 0.04703 -0.00000 0.00000 0.00000 -0.00000 -0.00000 -0.00005 0.00000 -0.00000 0.35224 0.00000 -0.00000 -0.00000 -0.00000 0.20208 -0.00000 -0.19831 -0.10828 -0.00085 -0.00000 -0.00000 0.00000
0.00011 -0.00060 0.00000 -0.02140 -0.04666 0.15673 -0.00433 -0.00000 -0.00001 0.00000 0.00000 -0.00665 -0.00000 -0.05885 -0.00000 0.49177 0.00002 -0.00032 0.00000 -0.26440 -0.14118 -0.15892 -0.00012 0.00000 -0.05948 -0.09202 0.00000 -0.06836 -0.00334 -0.01280
0.09951 -0.24987 0.00007 -0.02293 -0.28015 -0.00000 -0.32716 0.00003 -0.01205 0.00017 0.00007 -0.31380 0.00000 0.00000 -0.00000 -0.00000 0.01256 -0.05540 0.00006 -0.03922 -0.04597 -0.03699 -0.06892 -0.00000 -0.06363 -0.11427 -0.00015 0.06670 0.01817 0.01805
-0.00000 0.00000 0.00000 -0.00010 0.00002 0.01596 0.00001 -0.00000 0.00000 -0.00000 0.00000 0.00001 0.03667 0.00001 0.00000 0.02399 -0.00000 0.00000 0.00000 -0.00286 -0.01229 -0.01004 -0.00000 -0.48038 -0.11615 -0.05004 0.00000 -0.00016 -0.00011 0.00005
0.00010 -0.00077 0.00000 -0.03327 -0.04824 0.40973 -0.00336 -0.00000 -0.00000 0.00000 0.00000 -0.00545 -0.00000 -0.08062 -0.00001 -0.00000 0.00003 -0.00017 0.00000 -0.31333 -0.20807 -0.31858 -0.00009 0.00000 -0.06604 -0.14937 0.00000 -0.07062 -0.00362 -0.01165
0.14364 -0.00000 0.04922 -0.00025 -0.06838 -0.00049 -0.02342 -0.01955 -0.10973 0.14034 -0.15882 -0.02500 0.00176 -0.00001 -0.05039 -0.00027 0.00000 -0.29287 -0.25625 -0.00117 -0.01299 -0.01607 -0.19100 -0.00823 -0.15324 -0.05744 -0.15504 -0.00160 -0.00002 -0.01820
-0.10068 0.00000 -0.00000 0.00000 0.10737 -0.00000 0.00000 0.00173 0.33758 -0.00000 0.00000 0.00000 -0.00001 -0.00000 -0.00055 0.00000 -0.00000 0.00000 0.00000 -0.00000 0.00000 0.00000 0.04794 0.00005 -0.05190 -0.03206 0.00228 -0.00000 -0.00000 0.00000
-2.44891 -0.00000 -0.11667 -0.00021 -0.06772 -0.04063 -0.02796 0.00345 0.01213 -0.39753 0.29213 -0.02465 0.05822 -0.00024 -0.08386 -0.02469 0.00000 -0.05658 -0.00000 -0.01114 -0.06746 -0.05776 -0.07544 -0.03166 -0.06812 -0.06235 -0.14773 -0.00299 -0.00018 -0.02032
0.00040 -0.00000 -0.00000 0.27205 0.02511 0.00000 -0.00025 0.00000 -0.00006 -0.00000 0.00000 -0.00166 0.00000 0.00000 0.00000 0.00000 -0.00000 -0.00032 -0.00000 0.00000 -0.00000 -0.00000 -0.00033 -0.00000 -0.04447 -0.01775 0.00000 -0.00000 0.17259 -0.15254
0.00257 0.00000 -0.00000 0.07501 0.02627 0.00000 0.00053 0.00000 -0.00005 -0.00000 0.00000 -0.00205 -0.00000 0.00000 -0.00000 0.00000 -0.00000 -0.00025 0.00000 0.35133 0.00000 -0.00000 -0.00011 0.00000 -0.13647 -0.38047 -0.00000 0.00000 0.05688 -0.03337
0.00008 0.00000 -0.00000 0.07026 0.02820 0.00000 0.00192 0.00000 -0.00004 -0.00000 0.00000 0.00223 0.00000 0.00000 0.00000 0.00000 -0.00000 -0.00043 0.00000 0.42747 0.43999 -0.00000 -0.00036 -0.00000 -0.15943 -0.04164 -0.00000 0.19952 0.04515 -0.03450
-1.47802 0.00000 -0.00000 -0.00000 0.08069 -0.00000 0.00000 0.00096 0.00000 0.00000 0.00000 -0.00000 -0.00000 0.00000 -0.00030 -0.00000 -0.00000 0.00000 0.00000 -0.00000 0.00000 0.00000 0.00000 0.00004 -0.11977 -0.11004 -0.00236 -0.00000 0.00000 -0.00000
0.00001 -0.00011 0.00000 0.00015 -0.00025 -0.41140 -0.00017 0.00000 -0.00000 0.00000 0.00000 -0.00022 -0.49838 -0.00780 -0.00000 -0.56437 0.00001 -0.00003 -0.00000 -0.00827 -0.04342 0.00257 -0.00002 0.00000 -0.06085 -0.05344 -0.00000 -0.00053 0.00041 -0.00225
0.00001 0.00000 -0.00000 -0.00000 0.00000 0.00000 -0.00000 0.00000 0.00000 0.00000 0.00000 0.00000 0.00000 -0.00000 0.00000 0.00000 -0.00000 0.00000 0.00000 -0.00000 -0.00000 -0.00000 0.00000 -0.00000 -0.00000 -0.00000 -0.00000 -0.00000 -0.00000 0.00000
-0.00004 0.00000 -0.00000 -0.00000 0.00000 0.00000 0.00000 -0.00000 0.00000 -0.00000 0.00000 -0.00000 0.00000 -0.00000 0.00000 0.00000 -0.00000 0.00000 0.00000 -0.00000 -0.00000 -0.00000 0.00000 -0.00000 -0.18985 0.00000 0.00001 -0.00000 -0.00000 0.00000
-0.00000 0.00000 -0.00000 -0.00001 -0.00000 0.00212 0.00000 -0.00000 0.00000 -0.00000 0.00000 0.00000 0.00461 -0.00000 0.48816 0.00331 -0.00000 0.00000 0.00000 -0.00025 -0.00165 -0.00130 -0.00000 -0.02476 -0.05410 -0.04641 0.00000 -0.00001 -0.00001 0.00001
0.08934 -0.00047 0.00002 0.14572 -0.21399 -0.00000 -0.16185 0.00002 -0.01448 0.00004 0.00001 -0.19159 -0.00000 0.00000 -0.00000 -0.00000 0.00054 -0.05269 0.00001 -0.02676 -0.05288 0.00000 -0.08344 -0.00000 -0.14515 -0.05829 -0.00010 0.00000 0.03557 -0.28647
0.09526 -0.00000 0.00006 0.00000 -0.07254 0.00000 -0.35392 0.00010 -0.01248 0.00021 0.00005 -0.27597 0.00001 -0.00000 -0.00003 0.00000 0.00553 -0.18598 0.00005 0.00000 0.00000 0.00000 -0.09331 -0.00001 -0.14245 -0.08092 -0.00208 0.00000 0.00000 -0.57046
0.12695 -0.00000 -0.00001 -0.00000 0.21322 0.00000 0.42972 0.00006 -0.00762 -0.00000 0.00000 0.26141 0.00000 0.00000 -0.00001 0.00000 -0.00001 0.13991 0.00000 -0.00000 -0.00000 -0.00000 0.01406 0.00000 -0.03920 -0.05986 -0.00021 -0.00000 -0.00000 0.00000
