0.00000 -0.53692 0.00000 0.00000 0.00000 0.00000 0.00000 0.00000 0.00000 0.00000 0.00000 0.00000 -0.33914 0.00000 0.00000 0.00000 0.00000 0.00000 0.00000 0.00000
0.00000 0.00000 0.00000 0.00000 0.00000 0.80183 0.93427 0.42041 0.00000 0.00000 0.00000 0.00000 0.00000 0.00000 0.00000 0.00000 0.00000 0.00000 0.00000 0.00000
-1.30509 0.00000 0.00000 0.38618 0.00000 0.00000 0.00000 -0.52462 0.00000 1.05480 0.00000 0.00000 -0.32905 0.38791 0.00000 0.00000 0.00000 0.00000 0.00000 0.00000
0.00000 0.00000 0.30781 0.00000 -0.33431 0.00000 0.00000 0.00000 0.00000 -1.09105 0.34259 0.00000 0.00000 0.36697 0.00000 0.00000 0.00000 0.00000 0.00000 0.00000
0.00000 0.00000 0.00000 0.00000 0.00000 0.00000 0.00000 0.00000 0.00000 0.00000 0.00000 1.35735 0.00000 0.00000 0.00000 0.00000 0.66623 0.00000 0.00000 0.00000
0.00000 0.00000 0.00000 0.00000 0.39028 0.00000 0.00000 1.25233 0.00000 0.00000 0.73045 0.00000 0.00000 0.00000 0.00000 0.00000 0.00000 0.00000 0.00000 0.00000
0.00000 0.00000 0.00000 0.00000 0.00000 0.94108 0.00000 0.66058 0.00000 0.00000 0.39248 0.00000 0.00000 0.00000 0.00000 0.00000 0.00000 0.00000 0.00000 0.00000
0.00000 0.00000 0.00000 0.00000 1.06512 0.00000 0.00000 0.00000 0.54190 0.00000 2.38897 0.49977 0.00000 0.00000 0.00000 0.00000 0.00000 0.00000 0.00000 0.00000
-0.43036 0.00000 0.00000 0.00000 -0.58203 0.00000 0.00000 0.00000 0.00000 -0.53832 -1.31781 -0.33143 0.00000 0.00000 0.00000 0.00000 0.00000 0.00000 0.00000 0.00000
0.00000 0.00000 0.00000 0.00000 0.00000 0.00000 0.00000 0.00000 0.00000 0.00000 0.00000 0.00000 0.00000 1.32166 0.00000 0.00000 0.00000 0.00000 0.00000 0.00000
0.00000 0.00000 0.00000 0.00000 1.41465 0.00000 0.00000 0.00000 0.00000 0.00000 0.00000 0.86257 0.00000 0.00000 0.00000 0.00000 0.00000 0.00000 0.00000 0.00000
0.00000 0.00000 0.00000 0.00000 0.00000 0.00000 0.00000 0.00000 0.00000 0.00000 0.00000 0.00000 0.00000 0.00000 0.00000 0.00000 1.82478 0.00000 0.52581 0.00000
-1.48654 0.00000 0.00000 0.00000 0.00000 0.00000 0.00000 0.00000 -0.33770 0.00000 0.00000 0.00000 0.00000 -0.72081 0.00000 0.00000 -0.35924 0.00000 0.00000 0.00000
0.00000 1.78757 0.00000 0.00000 0.00000 0.62502 0.90816 0.00000 0.00000 0.00000 0.00000 0.00000 0.00000 0.00000 0.00000 0.00000 0.00000 0.00000 0.00000 0.00000
-0.50997 0.73183 -0.73632 1.01446 0.00000 0.00000 0.33381 0.00000 0.00000 2.37038 0.00000 0.00000 0.00000 1.40373 0.00000 0.00000 0.00000 0.00000 0.00000 0.00000
0.00000 0.00000 0.00000 0.00000 0.00000 0.00000 0.00000 0.00000 0.00000 0.00000 0.00000 0.00000 0.00000 0.00000 0.48963 0.00000 0.00000 1.73854 0.00000 0.00000
0.00000 0.00000 0.00000 0.00000 0.00000 0.00000 0.00000 0.00000 0.00000 0.00000 0.00000 0.00000 0.00000 0.00000 0.00000 0.00000 0.00000 0.00000 1.78524 0.53616
0.00000 0.00000 0.00000 0.00000 0.00000 0.00000 0.00000 0.00000 0.00000 0.00000 0.00000 0.00000 0.00000 0.00000 2.04108 0.00000 0.00000 0.00000 0.00000 0.00000
0.00000 0.00000 0.00000 0.00000 0.00000 0.00000 0.00000 0.00000 0.00000 0.00000 0.00000 0.00000 0.00000 0.00000 0.00000 0.54884 0.00000 0.00000 0.00000 1.73208
0.00000 0.00000 0.00000 0.00000 0.00000 0.00000 0.00000 0.00000 0.00000 0.00000 0.00000 0.00000 0.00000 0.00000 0.00000 1.83042 0.00000 0.54101 0.00000 0.00000
