-0.00000 -0.00000 0.00000 -0.00000 0.00000 -0.00000 -0.00000 -0.00000 0.00000 -0.00000 -0.00000 0.00000 0.00003 -0.00000 -0.00000 0.00003 0.00000 -0.00000 0.00000 0.00001 -0.00001 -0.09471 0.00000 0.00066 0.00008 0.00000 -0.00000 -0.00000 -0.00002 -0.18188
-0.27887 -0.00000 -0.00721 0.10546 -0.00172 0.00175 0.00004 -0.00015 -0.00003 0.00026 0.00051 -0.00141 -0.26628 0.00028 -0.00151 0.00950 -0.01166 -0.00000 0.02917 -0.15315 -0.00018 -0.01823 0.00077 -0.00285 0.00030 0.00434 0.00072 -0.01984 0.00809 -0.01271
-0.49250 -0.00006 -0.00000 -0.87474 -0.00000 -0.00000 -0.00055 -0.00002 -0.00003 0.00000 -0.00006 0.00000 0.00000 0.00040 -0.00000 -0.00018 -0.00023 0.00000 0.00202 -0.00130 -0.00005 -0.28624 -0.00004 -0.03077 -0.00007 -0.00077 -0.00000 0.00000 -0.01751 -0.42670
-0.23489 0.00005 -0.00000 0.00000 -0.00008 0.00000 0.00009 0.00000 -0.00011 0.00000 -0.00000 -0.00000 -0.00000 -0.00000 -0.00000 -0.00000 -0.00040 -0.00004 0.00002 0.00022 0.00000 -0.08942 0.00001 -0.00402 -0.00035 0.00025 0.00061 -0.00000 0.00684 -0.05349
-0.02113 -0.00120 -0.01324 0.02073 -0.00000 0.02165 0.00008 -0.00025 -0.00072 0.00643 0.00042 -0.00352 0.01593 -0.01005 -0.00045 0.00102 0.00077 -0.00097 0.00610 -0.00105 -0.00051 0.22917 0.00015 -0.00497 0.00013 0.00487 0.00017 -0.01416 0.00111 -0.01157
-0.09397 -0.00127 -0.39747 -0.03475 -0.00001 -0.00000 0.00003 -0.00010 0.00000 -0.00063 -0.00000 -0.00003 0.01528 -0.01055 -0.00019 0.00037 0.00004 -0.00000 0.00288 -0.00513 -0.00314 -0.12027 -0.00001 -0.03313 -0.00057 -0.00002 0.00143 0.00000 -0.00094 0.24783
-0.21230 -0.00270 0.01052 0.02205 -0.00293 0.00890 0.00000 -0.00007 0.00029 0.00193 0.00087 -0.00044 0.01266 -0.00780 -0.00063 0.01432 -0.00040 -0.00069 0.00205 0.32321 0.00009 -0.00301 0.00543 -0.00111 0.00059 0.07813 -0.00106 -0.01385 0.01049 -0.03753
-0.02181 -0.00468 -0.00369 0.02866 -0.00002 0.00366 -0.00000 0.00000 -0.00039 0.00107 0.00017 -0.00201 0.01445 -0.00176 -0.00113 0.04084 -0.00415 -0.00080 0.02330 -0.01681 -0.00007 -0.02662 0.00656 -0.01682 0.00016 0.00526 0.00047 -0.00844 0.01058 -0.00846
0.20794 -0.01168 -0.00827 0.01917 0.00000 0.00326 -0.00491 -0.00018 -0.00000 0.00039 -0.00109 -0.00068 0.00406 -0.00255 -0.00220 0.01105 0.00159 -0.00084 0.00337 -0.00812 -0.00028 -0.01822 0.00774 -0.01147 0.00036 0.00029 0.00044 -0.01438 -0.00001 -0.00845
-0.01853 -0.00969 -0.13009 0.06829 0.00000 0.00861 0.00013 -0.00073 -0.00088 -0.00000 -0.00369 -0.00000 0.00423 -0.00170 -0.00183 0.01934 0.00099 -0.00225 0.01371 0.00045 -0.00446 0.48333 0.00038 -0.09063 0.00013 0.00001 -0.00437 -0.00090 0.00125 -0.02949
-0.01425 -0.00151 -0.01623 0.06487 0.00005 0.00699 -0.00041 -0.00008 -0.00011 0.00006 -0.00000 -0.00115 -0.00541 -0.03897 -0.00188 0.01590 -0.00012 -0.00070 0.00090 -0.01069 -0.00054 -0.05474 0.01056 -0.02314 0.00039 0.00000 0.00024 -0.00197 0.00459 -0.02719
-0.02557 -0.00182 0.08335 0.16850 -0.00087 0.00988 -0.00267 -0.00024 -0.00011 -0.17709 0.00017 0.00000 -0.00012 -0.02677 -0.00328 0.02754 -0.00032 -0.00100 0.00114 -0.10668 -0.00000 -0.02783 0.00181 -0.01223 0.00000 -0.28658 0.00029 -0.00030 -0.00627 -0.03528
0.00702 -0.00000 0.00086 -0.38279 -0.00018 0.00017 0.00004 -0.00021 0.00060 -0.00000 -0.00094 -0.00305 0.00000 -0.12254 -0.00030 0.01700 0.00280 -0.00038 0.00168 0.10987 -0.00892 -0.03096 0.00024 0.00703 0.00000 -0.04377 -0.00026 0.00008 -0.00034 -0.00581
-0.18545 0.00009 -0.00517 0.02318 0.00000 0.00052 -0.00008 0.00110 -0.00062 0.00330 -0.00001 -0.00015 0.00000 -0.00000 -0.00000 0.00193 -0.00000 -0.00115 0.00000 -0.00957 -0.00011 -0.01166 0.00000 0.00010 0.00001 0.02012 0.00000 0.00033 0.00002 0.37611
-0.02187 -0.00208 0.00153 0.07048 -0.00722 0.00603 0.00002 -0.00020 0.00005 -0.00202 0.00071 -0.00136 0.01466 -0.00710 -0.00000 -0.27208 -0.00053 -0.00015 0.02754 -0.00334 0.00008 -0.01822 0.00008 -0.15821 0.00007 0.00009 0.00003 -0.01412 0.00389 -0.02015
-0.02075 -0.00012 -0.00395 0.03428 0.00000 0.00100 0.00000 -0.00004 -0.00000 -0.00000 -0.00000 -0.00000 0.00015 0.00222 0.00000 0.00000 0.00035 -0.00008 0.00020 -0.00207 0.00001 -0.03449 0.00008 0.14666 -0.00272 -0.00007 0.00066 -0.00422 0.00009 -0.01498
0.28556 0.00012 -0.01453 0.01402 0.00040 0.00598 -0.01817 -0.00028 0.00066 0.00036 0.00005 0.00055 0.00079 -0.01034 -0.00088 -0.00036 0.00000 -0.00230 0.00788 -0.06367 0.00016 -0.01994 0.00114 -0.00998 -0.00000 -0.00009 0.00004 -0.02098 0.00029 0.28828
-0.01851 -0.00030 -0.00147 0.08532 0.00020 -0.25488 -0.00006 -0.00019 -0.00110 0.00006 0.00007 -0.00008 -0.00025 -0.00566 -0.00217 0.01772 -0.00070 -0.00000 0.01362 -0.02104 0.00038 -0.00700 0.00270 -0.00632 0.00001 0.00404 0.00000 -0.00244 0.01085 -0.03760
0.12265 -0.00003 0.00378 0.05794 -0.00061 0.00110 -0.00165 -0.00009 0.00166 -0.00007 0.00272 -0.00312 -0.00002 0.26472 -0.00000 0.01849 0.00000 -0.00004 0.00000 -0.00567 0.00000 -0.00040 -0.00003 -0.01440 -0.00000 -0.00164 0.00000 -0.00128 -0.00000 0.01980
0.01997 -0.00000 -0.00045 -0.01377 -0.00075 -0.00065 0.00000 -0.00000 0.00005 -0.00650 -0.00010 -0.00000 0.00000 0.00035 0.00031 -0.00031 0.00000 -0.00011 0.00000 -0.00000 -0.00000 -0.00389 -0.00000 -0.00602 0.00002 0.16697 -0.00009 0.00000 0.01826 -0.03230
-0.00973 -0.00084 -0.01147 0.08781 -0.00123 0.00134 0.00000 -0.00011 0.00018 -0.00011 0.00022 -0.00029 0.00043 0.00020 -0.00077 0.01899 -0.00940 -0.00066 -0.33252 -0.00746 -0.00000 -0.00756 0.00022 -0.02393 0.00017 0.00508 0.00031 -0.00213 0.00272 -0.03072
-0.00000 -0.00008 -0.00000 -0.00000 0.00000 0.00000 -0.00031 -0.00000 -0.00004 -0.00000 -0.00000 -0.00007 0.00007 -0.00000 0.00007 0.00000 -0.00000 -0.00004 0.00014 -0.00031 -0.00142 0.00000 0.00000 0.06601 -0.00015 0.00024 -0.00002 -0.00000 0.03572 -0.00659
-0.08187 0.00016 0.00358 0.09220 -0.00000 0.00604 -0.00009 -0.00025 -0.00000 -0.00001 0.00007 -0.00302 0.02533 -0.03500 -0.00473 0.00434 0.00000 -0.00018 0.01189 -0.00532 -0.00416 0.21026 -0.00000 0.24030 0.00000 0.00006 -0.00019 -0.13717 0.00334 -0.02614
-0.00125 -0.00148 -0.00001 0.00132 0.00019 -0.00000 -0.00025 -0.00000 -0.00010 0.00000 -0.00007 -0.00026 0.00152 0.00011 -0.00000 0.00000 0.00003 -0.00007 0.00009 -0.00113 -0.00000 0.00002 -0.00002 0.00000 -0.00024 0.00000 -0.00000 0.00033 -0.00000 -0.00572
-0.02312 -0.01449 0.00620 0.01540 -0.00019 -0.00017 0.00020 -0.00007 -0.00218 -0.00020 -0.00153 -0.00896 0.02584 -0.00937 -0.00162 0.00024 -0.00247 -0.00057 0.04946 -0.01658 -0.00000 -0.00427 -0.08766 -0.00346 0.00000 -0.00091 0.00081 0.19880 -0.00429 -0.00059
-0.08170 -0.00006 -0.00400 0.02188 0.00028 0.00141 0.00000 -0.00027 -0.00009 0.06944 0.00000 -0.00000 -0.00013 -0.00000 -0.00002 -0.00045 -0.00111 -0.00046 0.00037 0.00000 -0.00039 -0.02212 0.00054 -0.01671 -0.00082 -0.00000 -0.00017 -0.00327 0.00105 -0.05987
-0.03130 -0.00050 -0.02237 0.00704 0.00000 0.00174 -0.00007 -0.00097 -0.00123 0.00011 -0.00112 -0.00458 -0.00128 -0.02759 -0.00682 0.00007 0.00130 -0.00292 0.06212 -0.01422 0.00037 -0.04001 0.00044 -0.00588 0.00037 -0.00001 0.00000 -0.00294 -0.16426 0.04877
-0.01251 -0.00001 0.36076 0.10730 0.00000 0.00952 0.00001 -0.00001 -0.00001 0.00186 -0.00106 -0.00240 0.04801 -0.00324 0.00018 0.00009 0.00016 -0.00089 0.00447 -0.01002 0.00150 -0.00041 -0.00000 -0.01899 -0.00000 0.00050 0.00002 0.00000 0.04643 0.29644
-0.00149 -0.00037 -0.00048 0.00191 0.00000 0.00012 0.00010 -0.00008 -0.00015 0.00010 0.00012 -0.00291 0.00044 -0.01541 -0.00015 0.00411 -0.00021 -0.00011 0.01748 0.00007 -0.00054 0.00020 0.00002 0.00267 -0.00006 -0.00272 0.00000 0.00007 -0.00000 -0.24292
-0.00007 0.00000 -0.00000 -0.00000 -0.00000 0.00000 -0.00005 -0.00000 -0.00003 0.00000 -0.00000 -0.00003 -0.00001 0.00000 -0.00000 0.00017 0.00000 -0.00008 0.00003 0.00000 -0.00016 -0.00053 -0.00000 -0.00053 -0.00000 -0.00005 0.00003 -0.00000 0.00000 0.00000
