1.000 0.006 0.032 0.018 0.008 0.018 0.018 -0.010 0.017 0.012
0.006 1.000 -0.021 0.007 0.002 0.008 0.007 0.008 0.007 0.006
0.032 -0.021 1.001 -0.016 -0.043 -0.014 -0.016 -0.037 -0.016 -0.024
0.018 0.007 -0.016 1.001 -0.019 -0.015 -0.016 -0.026 -0.017 -0.023
0.008 0.002 -0.043 -0.019 1.002 -0.017 -0.017 -0.004 -0.016 -0.010
0.018 0.008 -0.014 -0.015 -0.017 1.001 0.001 -0.003 0.001 -0.000
0.018 0.007 -0.016 -0.016 -0.017 0.001 1.001 -0.001 -0.001 -0.002
-0.010 0.008 -0.037 -0.026 -0.004 -0.003 -0.001 1.002 -0.042 -0.058
0.017 0.007 -0.016 -0.017 -0.016 0.001 -0.001 -0.042 1.003 0.022
0.012 0.006 -0.024 -0.023 -0.010 -0.000 -0.002 -0.058 0.022 1.005
