-0.00035 -0.00416 0.00091 -0.00177 -0.47540 -0.00053 -0.00125 -0.00367 0.00030 -0.01480 0.00006 -0.00369 -0.01638 0.00139 -1.77836 0.04375 -0.00023 -0.00112 0.00159 -0.01470 -0.00019 0.08293 -0.08531 0.00229 -0.00088 0.00285 0.02114 0.00051 -0.00042 0.23387
-0.00130 -0.00048 -0.12234 -0.21614 0.00035 -0.04153 -0.00487 -1.62444 0.00788 -0.00029 -0.00158 -0.49846 -0.00010 0.00124 0.00072 -0.00062 -0.00089 -0.49340 0.00087 -0.00081 -0.00374 0.25277 0.00022 0.08135 -0.48278 0.17263 0.35714 0.04536 -0.00058 0.08260
0.02007 0.00012 0.00096 0.00063 0.00100 0.00048 0.43912 -0.00124 0.26034 0.00114 0.08814 0.00011 -0.00054 0.02880 0.00834 0.00475 0.31149 0.00099 -0.05528 0.00026 0.38946 0.37889 -0.00061 0.27659 -0.00044 0.27757 0.41927 0.35187 0.39914 0.28656
0.00538 0.00032 1.06983 0.00150 -0.00065 0.00020 0.13488 -0.00126 0.24661 -0.00003 0.01787 0.00010 -0.00029 0.00622 -0.00068 0.00112 0.20791 0.00138 -0.01311 0.00006 0.15850 0.26408 -0.00118 0.19684 -0.00005 0.24827 0.24619 0.19779 0.10547 0.20300
-0.00064 -0.10166 -0.00327 -0.00708 0.00070 -0.01266 -0.00109 -0.01522 0.00082 -1.84686 -0.00035 -0.00477 -0.03415 0.00153 0.00193 -0.00011 -0.00139 -0.01424 0.00088 -0.50458 -0.00095 0.27906 -0.02995 0.01270 -0.00709 0.01097 0.04591 0.00433 0.00033 0.06316
-0.00202 -0.00059 -0.71150 -0.61725 0.00049 -0.00015 -0.00808 0.00126 0.06451 -0.00006 -0.00365 -1.21696 -0.00023 0.00057 0.00136 -0.00031 0.02121 -1.28702 -0.00022 -0.00099 0.01289 0.12151 0.00045 0.28518 -1.27020 0.30456 0.54552 0.23449 -0.01109 0.36542
-0.01575 -0.00035 -0.00053 -0.00185 -0.00665 0.00006 -0.00128 0.00149 -0.00006 -0.00281 0.14000 0.00034 0.00022 -0.19442 -0.03276 -0.00585 -0.00085 -0.00132 -0.72598 -0.00030 -0.00077 0.00159 -0.00232 -0.00036 0.00031 -0.00048 -0.00070 -0.00035 0.97913 -0.00227
-0.00157 -0.00037 -0.23919 -0.88223 0.00113 -1.71875 -0.00421 0.00147 -0.00190 -0.00101 -0.00223 -0.36431 -0.00013 0.00157 0.00198 -0.00131 -0.00550 -0.36903 0.00070 -0.00059 -0.01135 0.23297 0.00023 0.11506 -0.37062 0.17653 0.34572 0.04954 -0.00795 0.08500
-0.02644 -0.00027 0.00068 -0.00065 -0.00535 0.00016 0.46130 0.00140 -0.00061 -0.00294 -0.02871 -0.00012 -0.00029 -0.06726 -0.01360 -0.00985 0.95747 -0.00116 -0.18817 0.00037 0.72946 -0.01137 -0.00016 0.00047 0.00067 0.00023 -0.00271 -0.00055 0.13365 -0.03858
-0.00011 -0.02021 -0.00986 -0.01553 0.00026 -0.01673 -0.00055 -0.09940 -0.00141 -0.00088 -0.00154 -0.02777 -0.57135 0.00182 0.00178 -0.00039 -0.00087 -0.02416 0.00148 0.06002 -0.00038 0.37875 -1.69628 0.00468 -0.02062 0.02171 0.04935 0.00070 0.00057 -0.01473
0.00589 0.00039 -0.00046 -0.00157 -0.07558 0.00028 -0.00126 0.00132 -0.00054 -0.00884 0.00022 0.00045 -0.00614 -1.63890 -0.46096 -0.00271 -0.00056 -0.00224 0.00176 -0.00345 -0.00103 0.06517 -0.01388 0.00307 0.00158 0.00364 0.01388 0.00011 -0.00035 0.23653
-0.00236 -0.00026 -0.54698 -3.03791 0.00173 -0.00070 -0.03958 0.00151 0.01596 0.00011 -0.00816 -0.00016 0.00019 0.00000 0.00313 -0.00240 -0.02022 -0.00319 0.00028 -0.00010 -0.03640 0.00173 0.00083 0.06249 0.07886 0.09570 0.25054 0.15110 -0.02186 0.02706
-0.00163 -1.71828 -0.00993 -0.28025 0.00069 -0.48627 -0.00239 -0.08689 0.00545 -0.00032 -0.00116 -0.14579 -0.00017 0.00118 0.00145 -0.00079 0.00168 -0.14156 0.00248 -0.00085 0.00055 0.26516 -0.00005 0.06883 -0.14914 0.10902 0.23709 0.02188 -0.00320 0.04205
-1.66671 -0.00554 -0.00164 -0.00180 0.00334 0.00002 -0.00163 0.00156 -0.00044 -0.06549 -0.00059 -0.00088 -0.00567 0.00191 0.10848 -0.39336 -0.00108 0.00107 0.00177 -0.01785 -0.00074 0.04694 -0.01023 0.00302 0.00001 0.00376 0.00924 -0.00103 -0.00040 0.25737
-0.00073 -0.01427 -0.00236 -0.00040 -0.02851 -0.00509 -0.00096 -0.00621 -0.00228 -0.45359 0.00006 -0.00103 -0.02247 0.00168 0.00186 -1.87545 -0.00070 -0.00827 0.00209 -0.08466 -0.00122 0.13368 -0.01605 0.00582 -0.00007 0.00705 0.02472 0.00281 -0.00062 0.18225
-0.00076 -0.02254 -0.00114 -0.00072 -1.72135 -0.00590 -0.00042 -0.01013 -0.00026 0.05669 -0.00026 -0.00671 -0.11073 0.00131 0.00198 0.00026 0.00018 -0.00450 0.00074 0.01348 0.00027 0.15318 -0.49650 0.00726 -0.00567 0.00990 0.04975 0.00009 0.00068 0.15534
-0.03397 -0.00051 0.00083 -0.00100 -0.00750 0.00001 0.74423 0.00156 0.00001 -0.00421 -0.03491 0.00002 -0.00041 -0.10663 -0.02115 -0.01234 -0.00097 -0.00117 -0.29980 0.00028 1.02852 -0.01549 -0.00042 0.00054 0.00073 0.00019 -0.00501 -0.00065 0.33425 -0.05691
-0.00290 -0.00058 -0.56739 -3.43100 0.00082 -0.00031 -0.03842 0.00099 -0.00178 0.00005 -0.00691 0.04944 0.00044 -0.00638 -0.00211 0.00091 -0.02691 -0.00136 0.00007 -0.00039 -0.04690 0.05229 0.00116 0.05676 0.00136 0.10350 0.22765 0.12684 -0.03079 -0.00953
-0.37547 0.00071 -0.00078 -0.00098 -0.00783 -0.00071 -0.00167 0.00214 -0.00086 -0.01040 -1.65392 0.00074 0.00143 0.47843 0.02212 -0.05915 -0.00099 0.00031 0.00194 -0.00458 -0.00190 0.03264 -0.00387 0.00225 0.00142 0.00323 0.00847 -0.00042 -0.00070 0.23850
-0.00147 0.03559 -0.01948 -0.08973 0.00014 0.02143 -0.00089 -0.50566 -0.00171 -0.00079 -0.00082 -0.12564 -1.48789 0.00076 0.00118 -0.00007 -0.00262 -0.11362 0.00090 -0.00168 -0.00116 0.31354 -0.00030 0.04731 -0.10969 0.08191 0.15426 0.00401 -0.00012 -0.03473
-0.04387 -0.00050 -0.00044 -0.00120 -0.00859 0.00006 1.15584 0.00154 -0.00032 -0.00384 -0.04275 0.00048 -0.00040 -0.14563 -0.02960 -0.01117 -0.00070 -0.00110 -0.46166 -0.00002 -0.00067 -0.01288 -0.00122 0.00035 0.00068 -0.00005 -0.00543 -0.00077 0.62740 -0.05834
-0.00094 0.00003 -0.00094 -0.00062 0.00057 -0.00002 -0.00052 0.00179 0.03814 0.00036 -0.00039 -0.00044 0.00055 0.00072 0.00160 -0.00037 0.01074 -0.00123 0.00114 0.00037 0.00291 0.00084 0.00148 0.26492 0.00008 0.32191 0.48149 0.10673 0.00025 -0.00082
-0.00087 -0.52684 -0.01385 -0.03191 0.00013 -0.11109 -0.00183 -0.01327 0.00230 -0.00030 -0.00097 -0.02450 -0.11460 0.00084 0.00195 -0.00027 -0.00017 -0.03211 0.00146 -1.82360 -0.00124 0.38084 -0.00006 0.03220 -0.03281 0.02904 0.09983 0.00702 0.00007 -0.05089
-0.00984 -0.00040 -0.00051 -0.00100 -0.00037 0.00018 0.06230 0.00133 0.41521 -0.00083 -0.01085 0.00004 0.00012 -0.01043 -0.00422 -0.00292 0.26434 -0.00154 -0.02812 0.00018 0.15137 -0.00293 0.00042 -0.00054 -0.00025 -0.08732 -0.00045 0.38783 0.00154 -0.00893
-0.00298 -0.00018 -0.52319 -3.41781 0.00102 -0.00073 -0.04531 0.00152 -0.00916 0.00035 -0.00966 -0.00970 0.00021 -0.00026 0.00275 -0.00212 -0.03068 0.10186 0.00363 -0.00023 -0.04689 0.01958 0.00091 0.05092 0.00060 0.09825 0.21775 0.17005 -0.04666 0.02425
-0.00564 -0.00008 -0.00037 -0.00060 -0.00031 -0.00004 0.07260 0.00145 0.41973 -0.00041 -0.00834 -0.00028 0.00090 -0.00698 -0.00246 -0.00137 0.23198 -0.00117 -0.01560 0.00010 0.13946 -0.00212 -0.00008 -0.00557 0.00037 -0.00113 -0.00048 0.60183 0.00731 -0.00731
-0.00161 -0.00066 0.00027 -0.00084 -0.00008 -0.00051 0.00990 0.00110 0.19093 0.00025 -0.00303 -0.00019 0.00058 -0.00168 -0.00012 -0.00037 0.08662 -0.00108 -0.00362 0.00020 0.03678 -0.00078 0.00126 0.53237 0.00042 0.60468 -0.00006 0.42592 -0.00269 -0.00216
-0.01720 -0.00010 0.00102 -0.00069 -0.00202 0.00009 0.19561 0.00138 0.82572 -0.00149 -0.01876 -0.00026 0.00015 -0.02987 -0.00788 -0.00576 0.60268 -0.00117 -0.08426 -0.00016 0.38695 -0.00691 0.00010 0.00035 0.00055 0.00009 -0.00059 -0.00039 0.03590 -0.01848
0.00418 -0.00029 0.00002 -0.00126 -0.00352 0.00023 -0.00152 0.00073 -0.00028 -0.00186 0.20276 -0.00004 0.00084 -0.30121 -0.03919 -0.00002 0.00020 -0.00085 -1.13290 -0.00096 -0.00128 0.07514 -0.00430 0.00204 -0.00065 0.00330 0.01973 -0.00132 0.00004 0.19807
-0.00171 -0.00108 -0.00361 -0.00173 -0.00219 0.00020 -0.00061 0.00125 0.00817 -0.00169 -0.00033 0.00141 0.00034 0.00074 0.00073 -0.00164 -0.00037 -0.00134 0.00061 0.00018 -0.00205 0.36853 -0.00007 0.06266 0.00028 0.07070 0.22559 0.02377 -0.00002 -0.00028
