0.00041 -4.44265 -0.00869 -0.00298 -0.00208 0.00007 -0.00209 0.01206 0.00037 -0.00013 -0.00101 0.00075 0.02289 -0.00154 -0.00083 -0.00021 0.00018 0.00051 0.00051 0.00127
-0.00004 0.00038 -0.00694 0.07228 0.00208 -0.00004 0.00088 0.59072 0.00045 -0.00181 0.23625 -0.00098 1.34657 -0.00091 0.00071 0.00039 0.00021 0.00060 0.00179 0.00026
-0.00417 0.00198 0.00058 -0.00083 0.00528 0.00104 0.00038 -0.00075 0.52723 -1.33254 0.00089 -0.01956 0.00153 -0.00033 0.00049 -0.00082 -0.00025 -0.00003 0.08912 -0.00176
0.00227 -0.00461 -1.70617 -0.00146 -0.00214 -0.00012 0.00183 0.00016 -0.03536 0.38209 -0.00032 -0.00447 0.00297 -0.00052 0.00125 -0.00084 0.00088 0.00013 0.00251 0.00185
-0.02023 -0.02608 0.00048 -0.00004 0.00113 -0.06361 0.00438 0.00216 0.00142 -0.00084 -0.00055 -0.00156 0.00976 -0.07112 0.82410 -0.27201 -0.00032 0.17983 0.00204 1.37665
0.07744 0.05363 0.00858 0.00710 0.00197 0.00148 0.00210 0.01593 0.00013 0.00103 0.01683 -0.00121 0.04637 6.50900 0.00148 0.00165 0.00787 -0.00033 -0.00007 0.00040
1.46540 -0.76351 -0.01146 -0.00714 -0.00206 -0.00024 -0.00027 -0.01151 -0.00509 -0.00421 -0.00648 -0.00001 0.02990 -0.00119 -0.00088 -0.00105 0.00059 -0.00052 -0.00236 -0.00099
-0.00002 0.00310 -0.07808 0.55597 0.00131 -0.00090 0.00040 0.00072 -0.00993 0.02875 1.49201 0.00045 0.00267 -0.00075 0.00241 0.00120 0.00069 -0.00147 0.00364 -0.00135
-0.00042 -0.00024 0.00128 0.00006 0.12643 0.00022 0.00081 -0.00001 0.00260 0.00043 0.00003 -0.43874 0.00001 0.00311 0.01480 -0.00132 -0.00058 -0.00143 1.56079 0.01706
0.00491 0.00085 -0.00074 0.00143 -0.02010 -0.00015 0.00161 -0.00030 -1.32436 0.00051 0.00006 0.07463 -0.00065 -0.00226 -0.00658 0.00244 0.00042 0.00056 -0.49966 -0.00155
-0.00013 0.00283 -0.36832 1.35353 0.00215 0.00076 -0.00012 0.00014 -0.02383 0.09578 0.00088 -0.00205 0.00065 0.00000 0.00156 0.00160 -0.00039 0.00054 0.00122 0.00044
-0.04210 0.02823 -0.00076 0.00039 -1.05462 0.01454 -0.01032 -0.00133 -0.00148 0.00095 -0.00031 0.00023 -0.00638 0.02124 -0.25789 0.11898 -0.00034 -0.03490 -0.00098 -0.14846
0.00020 0.00222 -0.02660 0.18809 0.00078 0.00035 0.00105 1.40064 0.00343 0.00867 0.65041 -0.00010 -0.00084 -0.00019 0.00135 -0.00075 -0.00051 -0.00050 -0.00009 0.00090
-0.53235 1.85289 0.00976 0.00299 -0.00173 0.00013 -1.98351 -0.00122 0.00062 0.00143 -0.00012 0.00203 -0.01624 0.00079 -0.00111 0.00024 -0.00037 -0.00082 -0.00112 -0.00088
-0.05297 -0.01555 -0.00485 0.00368 -0.00166 -0.39377 -0.01880 -0.01222 -0.00010 -0.00064 0.00141 -0.00003 -0.07601 -0.34984 -0.00133 -0.43526 -0.00210 0.56128 -0.00173 0.00010
-0.03325 0.07121 -0.01429 0.00048 -0.00090 0.38493 -0.00513 -0.07348 -0.00221 0.00135 -0.01986 0.00262 -0.32143 3.16799 0.00008 -0.00019 -0.00232 -0.82497 -0.00204 0.00065
0.18434 0.01180 -1.47281 -0.60365 0.01068 -0.02919 -0.00018 -0.17082 0.28291 -0.15858 -0.42537 -0.32617 0.07726 0.86116 -0.36611 0.35304 0.00044 -0.10427 -0.44471 0.25579
-0.10008 0.00024 -0.03196 0.00423 -0.00053 -0.84983 -0.00935 -0.10213 -0.00148 0.00372 -0.02735 0.00231 -0.27527 -2.16382 -0.00110 0.00155 -0.00438 0.00020 -0.00192 0.00144
-0.00299 0.00450 0.00126 -0.00087 0.57361 -0.00138 -0.00695 -0.00026 0.00139 0.00115 -0.00054 -1.61881 0.00103 -0.00089 0.09461 -0.00150 -0.00071 0.00792 0.00171 0.11772
-0.21178 -0.11699 -0.00220 0.00239 -0.00159 -0.34146 0.01952 -0.00538 -0.00195 -0.00032 0.00110 0.00027 -0.03785 -0.70684 0.82698 -0.44127 -0.00340 0.37080 -0.00134 -0.00036
