0.00000 -0.24423 -0.02309 -0.18896 -0.00694 -0.00000 -0.00000 -0.00976 -0.05849 -0.09590 -0.02904 -0.00645 0.30256 -0.00185 -0.01789 0.00916 0.11191 0.03361 0.09860 0.14450 0.58612 0.08550 0.23975 -0.05956 -0.54485 -0.01602 -0.00798 -0.24447 -0.04054 -0.05187
-0.00000 0.00000 0.00000 -0.00015 0.00001 -0.00000 0.00000 0.00000 -0.00238 1.52467 -0.00000 0.00000 0.76444 -0.00049 0.00003 -0.23091 -0.00000 -0.00000 0.00000 -0.79010 0.00000 0.01524 -0.00000 -0.00000 0.00000 0.03107 0.00317 0.27657 -0.00000 -0.00000
-0.00000 0.00112 0.00000 -0.00000 0.00000 -0.00000 -0.00000 0.00000 0.08703 0.00028 -0.41446 0.00000 -0.08512 -0.00000 0.00000 -0.00001 -0.00000 -0.39443 0.10355 -0.00021 0.01877 -0.07754 -0.00000 -0.00000 0.00000 0.00000 0.00000 -0.05544 0.00000 -0.00000
-0.00000 -0.00002 -0.20699 0.00000 -0.56650 0.00000 -0.00000 -0.00000 0.38118 -0.00001 0.01341 0.00000 -0.26660 0.00000 -0.85255 -0.00000 0.00000 0.07169 -0.00141 0.00001 -0.00042 -0.27731 0.00000 0.00000 -0.00000 -0.00000 -0.00000 -0.16889 -0.00000 -0.00000
-0.00000 0.00052 0.66595 -0.00000 0.00000 -0.00000 0.00000 0.00000 0.04055 0.00012 -0.17857 0.00000 -0.25430 -0.00000 0.00000 -0.00003 -0.00000 -0.49512 0.03839 -0.00008 0.00721 0.20706 0.00000 -0.00000 0.00000 0.00000 0.00000 0.03104 0.00000 -0.00000
-0.09226 -0.08972 -0.02329 0.04092 -0.02678 0.00000 -0.04375 -0.00553 0.02657 -1.02845 0.05839 -0.11756 0.08853 0.01566 -0.00608 -0.16191 0.04350 0.02657 -0.05338 0.03965 -0.00894 -0.18035 0.01198 0.09363 -0.03487 0.01253 -0.01973 0.00815 -0.02868 -0.04772
-0.06763 -0.05603 -0.68384 -0.15283 0.00473 -0.00000 0.00000 -0.09304 0.08876 0.01024 -0.18108 -0.02424 -0.17601 -0.03965 0.04459 -0.05928 0.03735 -0.22202 0.11084 0.02467 0.07814 -0.09036 0.22427 -0.01767 0.05750 -0.03019 -0.00064 -0.01211 -0.05912 -0.06069
-0.00000 -0.00390 0.08600 -0.06224 -0.02063 -0.00000 -0.00000 0.00000 0.03667 -0.02953 0.13843 -0.00000 0.01998 -0.12357 -0.26947 0.00579 0.00000 -0.09112 0.32954 0.02420 0.02374 0.01722 -0.00000 0.00000 -0.00000 0.00603 -0.07384 -0.11537 -0.00000 -0.00000
-0.00000 -0.00000 0.00000 0.00000 0.00000 -0.00000 -0.00000 0.00000 0.00000 0.00000 -0.00000 -0.00000 -0.94808 0.00000 0.00000 -0.00000 -0.00000 0.00000 0.00000 -0.00000 -0.00000 -0.63270 0.00000 -0.00000 0.00000 -0.00000 0.00000 -0.00000 -0.00000 -0.00000
-0.00000 0.00000 0.00000 -0.00052 0.00003 -0.00000 -0.00000 0.00000 -0.00869 0.00000 -0.00000 -0.00000 -0.39791 -0.00235 0.00014 -0.20879 -0.00000 -0.00000 -0.00000 -0.00000 0.00000 0.27648 -0.00000 -0.00000 0.00000 0.12368 0.02039 0.03003 -0.00000 -0.00000
0.00000 -0.03393 -0.00000 0.00000 -0.00000 0.00000 -0.00000 0.00000 -0.17453 -0.00726 -0.00000 0.00000 0.05983 0.00000 -0.00000 0.00061 0.00000 0.00000 -0.72738 0.00471 -0.34279 0.10330 0.00000 0.00000 -0.00000 -0.00009 -0.00001 0.16701 -0.00000 0.00000
0.00000 -0.00617 -0.24234 -0.10669 0.22720 0.00000 0.00000 -0.29138 -0.03926 -0.02862 -0.01217 0.00000 0.15076 0.21020 0.25079 -0.00065 0.00000 0.28301 0.13932 0.02447 0.00272 -0.06708 0.00000 -0.00000 0.00000 0.00816 -0.01843 0.00182 -0.00000 1.07832
0.00000 -0.00000 -0.00000 -0.00000 -0.00000 0.00000 -0.00000 0.00000 0.00000 -0.00000 0.00000 -0.00000 -0.00000 0.00000 0.00000 -0.00000 0.00000 0.00000 -0.00000 0.00000 0.00000 -0.00000 -0.00000 0.00000 -0.00000 0.00000 0.00000 0.00000 -0.00000 -0.00000
0.00000 -0.00001 -0.05904 0.40450 -0.07389 0.00000 0.00000 -0.00000 0.13372 -0.00000 0.00215 0.00000 -0.02432 0.00000 -0.58386 -0.00000 0.00000 0.01460 -0.00027 0.00000 -0.00007 -0.03974 0.00000 0.00000 0.00000 -0.00000 -0.00000 -0.14009 -0.00000 -0.00000
0.00000 0.00009 0.57503 -0.00000 0.33124 -0.00000 0.00000 -0.00000 -0.15357 0.00001 -0.04853 0.00000 0.01768 -0.00000 0.00000 -0.00000 -0.00000 -0.14526 0.00575 -0.00001 0.00108 0.01005 0.00000 -0.00000 0.00000 0.00000 0.00000 0.02927 0.00000 0.00000
0.00000 -0.00000 -0.00014 0.00500 -0.00040 0.00000 -0.00000 -0.00001 -0.17833 -0.00000 0.00001 0.00002 0.05848 0.03180 -0.00150 0.00000 0.00000 0.00003 0.00000 0.00000 -0.00000 0.22622 0.00000 0.00000 -0.00000 -0.55865 -0.19947 0.17780 -0.00000 0.00001
0.00000 -0.22297 -0.01752 0.03422 -0.12459 0.00000 -0.00000 -0.01305 0.03142 -0.05929 0.02307 -0.05911 -0.01620 0.05909 -0.01155 -0.00344 0.00000 0.03328 -0.05400 0.05800 -0.00895 -0.12540 -0.00000 0.00000 -0.00000 -0.11080 -0.04706 0.07104 -0.02385 -0.24711
0.00000 -0.00755 -0.00000 0.00000 -0.00000 0.00000 -0.00000 -0.00000 -0.01225 -0.00200 0.67926 0.00000 -0.74441 0.00000 -0.00000 0.00018 0.00000 0.00000 -0.21037 0.00129 -0.11485 -0.21333 0.00000 0.00000 -0.00000 -0.00002 -0.00000 -0.21338 -0.00001 0.00000
-0.00000 0.20602 0.00000 -0.00000 0.00000 -0.00000 0.00000 0.00000 0.19441 0.04046 -0.00000 -0.00000 -0.04594 -0.00001 0.00000 -0.00423 -0.00000 -0.00000 0.00000 -0.03443 0.75734 -0.11419 -0.00000 -0.00000 0.00000 0.00055 0.00010 -0.38952 0.00000 -0.00000
0.00000 -0.00000 -0.00002 0.00058 -0.00006 0.00000 -0.00000 -0.00000 0.06703 -0.30534 -0.00000 0.00000 -0.07788 0.00333 -0.00020 0.49902 0.00000 0.00001 -0.00000 0.00000 -0.00000 -0.02850 0.00000 -0.00000 -0.00000 -0.22707 -0.03205 -0.03861 -0.00000 0.00000
0.00000 0.43139 -0.00000 -0.00002 0.00000 -0.00000 0.00000 0.00000 0.00176 0.10030 -0.00000 -0.00000 -0.04609 -0.00009 0.00000 -0.01784 -0.00000 -0.00000 0.00000 -0.10556 0.00000 -0.01203 -0.00000 0.00000 0.00000 0.00212 0.00030 0.13810 -0.00000 -0.00000
-0.00000 -0.00000 -0.00000 -0.00000 -0.00000 -0.00000 -0.00000 0.00000 -0.00000 0.00000 0.00000 -0.00000 1.20848 -0.00000 -0.00000 0.00000 0.00000 -0.00000 -0.00000 -0.00000 0.00000 0.00000 -0.00000 0.00000 -0.00000 0.00000 0.00000 -0.00000 -0.00000 -0.00000
0.00000 -0.02292 -0.03810 0.09801 0.12903 0.00000 0.00000 -0.07330 0.26497 -0.01404 0.34715 1.27737 -0.25542 0.06797 0.24991 -0.01552 0.10181 -0.51115 -0.42308 0.08206 0.23195 0.07830 0.00000 -0.00000 -0.00000 0.34421 -0.21740 -0.16826 -0.08731 0.13326
-0.00000 -0.17177 -0.01752 0.49730 0.49849 -0.00000 -0.00000 0.64371 -0.37361 -0.02782 -0.25647 -0.97845 0.16004 0.09992 0.70987 0.02190 0.18388 0.74333 -0.58606 0.17303 0.25602 -0.05034 -1.03327 -0.00000 0.00000 0.06047 -0.09877 0.50772 -0.15032 -0.27444
-0.00000 -0.16913 -0.02415 -0.23123 -0.11217 -0.00000 -0.00000 0.00745 -0.09256 -0.06490 -0.05214 -0.05311 -0.11610 0.06080 -0.04360 -0.01816 -0.77430 0.06878 0.10754 0.16377 -0.04059 -0.00460 0.31776 -0.12822 0.00000 -0.11554 -0.03923 -0.18911 -0.03654 -0.36166
-0.00000 -0.00000 0.00052 -0.04449 0.00213 -0.00000 0.00000 0.00001 -0.01025 0.00000 -0.00001 -0.00002 0.05374 -0.19370 0.01002 -0.00000 -0.00000 -0.00019 0.00001 -0.00000 0.00000 -0.01631 0.00000 -0.00000 0.00000 0.00000 0.54476 -0.00490 0.00000 -0.00004
-0.00000 -0.00000 0.00584 -0.26092 0.02395 -0.00000 -0.00000 0.00000 0.16591 0.00000 -0.00033 -0.00000 -0.05805 -0.50123 0.09753 -0.00000 -0.00000 -0.00127 0.00004 -0.00000 0.00001 -0.10418 0.00000 -0.00000 0.00000 0.00000 0.00000 -0.21956 0.00000 -0.00000
-0.00000 -0.00000 -0.00000 -0.00000 -0.00000 0.00000 0.00000 -0.00000 -0.50049 -0.00000 0.00000 -0.00000 0.06406 -0.00000 -0.00000 -0.00000 0.00000 0.00000 -0.00000 0.00000 -0.00000 0.12890 0.00000 -0.00000 -0.00000 -0.00000 -0.00000 -0.00000 -0.00000 -0.00000
0.00000 0.24856 0.01384 -0.07257 -0.00395 -0.00000 0.00000 0.08669 -0.03136 -0.03480 -0.09029 -0.02368 -0.04499 0.02400 0.01239 -0.27288 0.00001 0.00749 0.10554 -0.43643 -1.52012 0.24012 0.00000 -0.00000 0.00000 0.11227 0.02746 0.37697 0.00000 -0.06335
0.00000 -0.01378 -0.18452 0.06017 -0.43044 -0.00000 0.00000 -0.59929 0.08725 -0.00725 -0.02620 0.00000 -0.00661 -0.26352 0.35095 -0.00009 -0.00000 0.18464 0.18852 0.00704 0.06149 -0.01116 0.00000 -0.00000 0.00000 -0.00436 -0.05972 -0.04112 -0.00000 0.00000
