0.00000 0.00000 0.00002 -0.00003 -0.00001 -0.00000 -0.00001 0.00000 -0.00000 0.00000 -0.00003 -0.00000 -0.00000 -0.00002 -0.00001 0.00000 -0.00094 0.00000 -0.00007 -0.00000 -0.00001 -0.00000 0.00000 -0.00003 0.37582 0.00070 0.00392 0.00000 0.00000 0.00000
0.00072 0.00000 -0.11191 0.00000 -0.00000 -0.01144 -0.00001 -0.04013 0.00017 -0.00004 -0.22097 0.00000 -0.00002 -0.01761 -0.00000 0.09726 -0.03244 0.00000 -0.13254 -0.03326 0.00044 -0.03240 -0.01549 -0.15225 -0.01612 0.02520 -0.05310 -0.00090 -0.00000 0.00002
-0.02315 -0.00000 0.00000 0.00001 0.00005 -0.23357 -0.00016 -0.04102 -0.00335 -0.00074 -0.00000 -0.00000 -0.00023 -0.31417 -0.00000 0.03772 -0.04580 0.00000 0.00000 -0.02567 0.02492 -0.03163 -0.01008 -0.00000 -0.03048 -0.01889 -2.25157 -0.05531 0.00000 -0.00001
-0.01210 0.00552 0.00003 -0.00000 -0.00000 -0.00003 -0.00000 -0.04670 0.00000 0.00000 0.00018 -0.30340 -0.00000 0.00002 -0.03805 0.02812 -0.04765 -0.00656 -0.00035 -0.02122 0.00000 -0.02372 -0.01661 0.00020 -0.01810 -0.01492 -0.01154 -0.00000 0.04329 0.00000
-0.00967 0.00319 0.00005 -0.16441 -0.00000 -0.00002 -0.00000 -0.02668 0.00000 0.00000 0.00020 -0.29610 -0.00000 0.00001 -0.02909 0.01296 -0.06384 -0.00454 -0.00031 -0.02624 0.00000 -0.02297 0.16040 0.00040 -0.01368 -0.00860 -0.01012 -0.00000 0.03984 -0.00000
0.04713 -0.00001 0.00000 -0.00028 -0.00028 -0.00000 -0.00183 0.69405 -0.04326 -0.01655 0.00000 -0.00002 -0.00126 -0.00000 -0.00002 0.26627 1.79115 -0.00000 -0.00000 -0.02566 0.16374 -0.02664 -0.02188 -0.00000 0.01400 -0.80321 0.05804 -0.45931 -0.00005 -0.00060
-0.02460 0.00048 -0.00001 -0.14732 -0.18461 -0.00001 -0.00000 -0.04406 0.00000 0.00000 -0.00019 -0.08832 -0.14560 -0.00001 -0.00525 0.02788 -0.05678 -0.00060 -0.00006 -0.01218 -0.00000 -0.02260 -0.01959 -0.00006 -0.01903 -0.01625 0.87595 0.00000 0.00731 -0.11179
-0.09018 -0.00000 0.00000 -0.00001 -0.00001 -0.00000 -0.00001 -0.00000 0.00000 0.00000 0.00000 -0.00000 -0.00000 -0.00000 -0.00001 -0.87450 -0.11873 -0.00000 0.00000 -0.00000 0.00000 -0.00000 -0.00000 -0.00000 -0.15852 -0.00663 -0.34195 0.00000 -0.00000 -0.00000
-0.06553 0.00014 0.00001 -0.07520 -0.08573 -0.00000 -0.23613 -0.16490 0.00000 -0.42158 0.00001 -0.00245 -0.20199 -0.00000 -0.00013 0.18253 -0.06880 0.00000 -0.00004 -0.16153 -0.00000 -0.15897 -0.03101 0.00000 -0.02635 -0.01136 -0.04100 0.00000 0.00019 -0.18448
-0.16923 0.00008 0.00001 -0.24546 -0.28356 -0.00000 -0.66812 -0.46891 0.00000 0.00000 0.00001 -0.00848 -0.58347 -0.00000 -0.00054 0.51111 -0.13463 0.00003 -0.00009 -0.47792 -0.00000 -0.44692 -0.09664 -0.00003 -0.07299 -0.03094 -0.11121 0.00000 0.00090 -0.53519
-0.00587 -0.00000 -0.21376 -0.00004 0.00002 -0.16127 -0.00021 -0.04314 -0.00065 -0.00007 0.00000 -0.00000 -0.00001 -0.21267 -0.00000 0.03737 -0.04188 -0.00000 0.00000 -0.02213 0.00628 -0.03001 -0.01953 -0.23752 -0.02032 -0.02028 -0.00719 -0.01261 0.00000 -0.00011
-0.01441 0.08635 -0.00072 -0.00000 -0.00000 -0.00013 -0.00000 -0.10190 0.00001 0.00000 -0.00253 0.00000 -0.00000 -0.00027 -0.50355 0.11324 -0.04629 -0.14342 -0.00672 0.40894 -0.00001 -0.30056 -0.01593 -0.00146 -0.04588 -0.01958 -0.01600 -0.00002 -1.07794 0.00000
0.04504 0.00073 0.00001 -0.15749 -0.20411 -0.00000 -0.00000 -0.03677 0.00000 0.00000 -0.00022 -0.12185 0.00000 -0.00000 -0.00674 0.59983 0.11608 -0.00091 -0.00004 -0.00513 -0.00000 -0.02522 -0.01250 -0.00001 0.07773 -0.01423 0.22008 0.00000 0.01229 -0.10761
-0.00977 -0.00000 0.00000 -0.00017 -0.00014 -0.26913 -0.00100 -0.03726 -0.03539 -0.00911 0.00000 0.00001 -0.00068 0.00000 -0.00001 0.03048 -0.03218 0.00000 0.00000 -0.05452 0.14540 -0.03304 -0.00927 -0.00000 -0.02172 -0.01076 1.03495 -0.39704 -0.00001 -0.00023
-0.01584 0.15095 -0.02001 -0.00000 -0.00000 -0.00094 -0.00001 -0.04779 0.00002 0.00001 -0.05402 -0.00000 -0.00000 -0.00166 -0.00000 0.03528 -0.01407 -0.49508 -0.08970 -0.03922 0.00017 -0.02939 -0.01540 -0.03007 -0.02042 -0.00564 -0.00966 -0.00005 -0.00000 0.00000
-0.07997 -0.00000 0.00000 -0.00001 -0.00001 -0.00000 0.00000 -0.00000 0.00000 0.00000 -0.00000 -0.00000 0.00000 -0.00000 -0.00000 0.00000 -0.23400 0.00000 0.00000 -0.00000 -0.00000 -0.00000 0.00000 0.00000 -0.18412 0.00210 -0.38581 0.00000 0.00000 -0.00000
-0.00007 -0.00000 0.00000 -0.00000 -0.00001 -0.00000 -0.00000 -0.00000 -0.00000 0.00000 -0.00000 -0.00000 -0.00000 -0.00000 -0.00000 0.00000 -0.00000 0.00000 -0.00000 -0.00000 -0.00000 -0.00000 0.00000 -0.00000 0.00000 0.42563 0.01635 0.00000 -0.00000 0.00000
-0.10129 -1.30592 -0.19531 -0.00000 -0.00000 -0.00610 -0.00000 -0.07839 0.00030 -0.00002 -0.42822 0.00000 -0.00001 -0.01053 -0.00000 -0.73596 -1.00563 0.00000 -0.70851 -0.08742 0.00019 -0.06864 -0.02138 -0.28473 -0.21704 -0.27925 0.21842 -0.00039 -0.00000 0.00000
-0.00674 -0.00000 -0.19995 -0.00001 0.00000 -0.08192 -0.00011 -0.04094 -0.00036 -0.00007 -0.23761 0.00000 0.00008 -0.11042 -0.00000 0.06873 -0.03118 0.00000 0.00000 -0.02354 0.00273 -0.02945 -0.00842 -0.24514 -0.01487 0.00378 -0.02735 -0.00523 0.00000 0.00003
0.05375 0.00000 0.00001 -0.00000 -0.00000 -0.00000 -0.00001 0.04505 -0.00000 0.00000 -0.00001 -0.00000 -0.00000 -0.00000 -0.00001 -0.04588 0.04479 -0.00000 0.00000 0.00000 -0.00000 0.50115 -0.09530 -0.00001 -0.01661 -0.00766 0.01548 0.00000 0.00000 0.00000
-0.01101 0.00001 0.00000 -0.00501 -0.00645 -0.00000 -0.03045 -0.04912 -0.31657 -0.23882 -0.00000 -0.00040 -0.01561 -0.00000 -0.00006 0.05599 -0.02007 -0.00001 0.00000 -0.01772 -0.00000 -0.06968 -0.01015 -0.00000 -0.01042 -0.01792 0.81539 0.00000 0.00024 -0.01154
-0.18632 -0.00000 0.00002 -0.00000 -0.00000 -0.00000 -0.00001 -0.17370 -0.00000 0.00000 0.00000 -0.00000 0.00000 0.00000 -0.00001 0.18884 -0.17732 -0.00000 0.00001 -0.00000 -0.00000 0.00000 -0.89143 -0.00000 -0.01856 -0.02215 -0.01580 0.00000 -0.00000 0.00001
-0.04508 -0.00000 0.00002 -0.00000 0.00000 -0.00002 -0.00000 -0.06826 -0.00000 0.00000 0.00001 -0.00000 0.00001 -0.00000 -0.00001 0.08401 -0.05102 0.00000 0.00000 -0.00000 -0.00000 -0.00000 0.00000 -0.00000 -0.02557 -0.02864 -0.00955 0.00000 -0.00000 0.00000
-0.00012 -0.00000 -0.21216 -0.00001 0.00005 -0.19669 -0.00012 -0.01529 -0.00131 -0.00029 -0.00000 -0.00000 -0.00022 -0.29394 -0.00000 -0.01608 -0.02385 -0.00000 0.00000 -0.03270 0.01395 -0.02431 0.46159 0.00000 -0.00959 0.00559 0.00116 -0.02799 0.00000 -0.00011
0.00000 -0.00003 0.00001 -0.00001 0.00000 -0.00000 -0.00000 -0.00000 -0.00000 0.00000 -0.00002 0.00001 -0.00000 -0.00001 -0.00000 -0.00000 -0.04228 0.00000 0.00002 -0.00004 -0.00001 -0.00000 0.00000 -0.00003 0.00000 -0.01475 0.00196 0.00000 -0.00000 0.00000
0.00025 -0.00002 0.00000 -0.00000 -0.00002 -0.00000 -0.00000 -0.00000 0.00002 0.00000 0.00000 -0.00000 -0.00000 -0.00000 -0.00000 -0.00000 0.00000 -0.00000 -0.00000 -0.00003 -0.00002 -0.00000 0.00000 -0.00000 -0.00000 -0.00000 -0.05927 0.00001 -0.00000 0.00000
0.00014 -0.00000 0.00000 -0.00000 0.00000 -0.00000 0.00000 -0.00000 0.00000 0.00000 0.00000 -0.00000 -0.00000 -0.00000 -0.00000 0.00000 -0.00001 0.00000 0.00000 -0.00002 -0.00000 -0.00000 0.00000 -0.00000 0.00000 -0.00000 0.00000 0.00000 0.00000 0.00000
-0.02858 -0.00001 0.00000 -0.00256 -0.00318 -0.00000 -0.02238 -0.06546 -0.55820 -0.26956 -0.00000 -0.00017 -0.01147 -0.00000 0.00000 0.07705 -0.04465 0.00000 -0.00000 -0.60160 -1.31682 0.16417 -0.04984 -0.00000 -0.03168 -0.04102 -0.09409 0.00000 -0.00002 -0.00886
-0.01937 0.09625 -0.00490 -0.00000 0.00000 -0.00037 -0.00000 -0.06844 0.00002 0.00000 -0.01380 -0.00000 -0.00000 -0.00058 -0.36715 0.07437 -0.05245 -0.30283 -0.02140 0.32501 -0.00003 -0.21951 -0.00284 -0.00784 -0.03056 -0.01558 -0.00347 0.00002 -0.00000 0.00000
-0.18881 0.00094 0.00004 -0.16275 -0.19311 -0.00000 -0.00000 -0.03660 0.00000 0.00000 -0.00026 -0.13761 -0.00000 -0.00000 -0.00806 -1.81727 -0.52334 -0.00117 -0.00005 -0.03027 -0.00000 -0.02780 -0.21961 0.00001 -0.40668 -0.01730 -0.77623 0.00000 0.01279 0.00000
