0.00000 -0.00000 -0.00000 -0.00000 0.00000 0.00000 0.00000 -0.00000 -0.00000 -0.00000 -0.00000 -0.00000 0.00000 -0.00000 0.00000 0.00000 0.00000 0.00000 -0.00000 0.00000 -0.00000 -0.00000 0.00000 -0.00000 0.00000 -0.00000 -0.00000 -0.00000 0.00000 -0.00000
-0.00051 -0.00000 -0.00000 0.00000 0.00000 -0.00000 0.00000 -0.00000 -0.00000 -0.00000 0.00000 0.00000 0.00000 0.00000 0.00000 -0.00000 0.00000 -0.00000 -0.00000 -0.00000 0.00000 0.00000 0.00000 -0.00000 0.00000 -0.00000 -0.00000 -0.00000 0.00000 -0.00000
-0.00079 -0.00000 0.00000 0.00000 0.00000 -0.00000 0.00000 -0.00000 -0.00000 0.00000 0.00000 -0.00000 -0.00000 0.00000 -0.00000 0.00000 -0.00000 -0.00000 -0.00000 0.00000 -0.00000 0.00000 -0.00000 -0.00000 -0.00000 -0.00000 -0.00000 -0.00000 -0.00000 -0.00000
-0.00145 -0.00000 -0.00000 0.00000 -0.00000 0.00000 -0.00000 -0.00000 -0.00000 0.00000 -0.00000 0.00000 0.00000 -0.00000 -0.00000 -0.00000 -0.00000 -0.00000 -0.00000 -0.00000 0.00000 0.00000 -0.00000 -0.00000 -0.00000 0.00000 -0.00000 -0.00000 -0.00000 -0.00000
-0.00054 0.00000 0.00000 -0.00000 -0.00000 -0.00000 -0.00000 -0.00000 0.00000 0.00000 -0.00000 0.00000 -0.00000 0.00000 0.00000 -0.00000 0.00000 -0.00000 -0.00000 0.00000 0.00000 -0.00000 -0.00000 0.00000 0.00000 -0.00000 -0.00000 0.00000 0.00000 0.00000
-0.00000 -0.00000 -0.00000 0.00000 -0.00000 -0.00000 -0.00000 -0.00000 -0.00000 0.00000 -0.00000 0.00000 -0.00000 0.00000 -0.00003 -0.00000 0.00000 0.00000 -0.00000 -0.00000 0.00000 0.00000 -0.00000 0.00000 0.00000 0.00000 -0.00000 0.00000 -0.00000 -0.00000
-0.00000 -0.00000 0.00000 -0.00000 -0.00000 -0.00000 0.00000 -0.00000 -0.00000 -0.00000 0.00000 -0.00000 0.00000 -0.00000 -0.00000 0.00000 -0.00000 0.00000 -0.00000 0.00000 -0.00000 0.00000 0.00000 0.00000 -0.00000 0.00000 -0.00000 0.00000 0.00000 -0.00000
-0.00000 -0.00000 -0.00000 0.00000 0.00000 -0.00000 -0.00000 -0.00000 -0.00000 -0.00000 0.00000 -0.00000 0.00000 -0.00000 0.00000 -0.00000 -0.00000 0.00000 0.00000 -0.00000 -0.00000 0.00000 -0.00000 -0.00000 -0.00000 0.00000 0.00000 0.00000 -0.00000 0.00000
-0.00000 0.00000 -0.00000 0.00000 -0.00000 -0.00000 0.00000 -0.00000 -0.00000 0.00000 -0.00000 0.00000 -0.00000 -0.00000 -0.00000 0.00000 -0.00000 0.00000 0.00000 0.00000 -0.00000 0.00000 0.00000 -0.00000 0.00000 -0.00000 0.00000 0.00000 0.00000 0.00000
-0.00018 -0.00000 0.00000 -0.00000 0.00000 0.00000 0.00000 -0.00000 -0.00000 -0.00000 0.00000 0.00000 -0.00000 0.00000 0.00000 -0.00000 0.00000 -0.00000 -0.00000 -0.00000 -0.00000 0.00000 -0.00000 0.00000 0.00000 -0.00000 -0.00000 0.00000 0.00000 -0.00000
-0.00000 -0.00000 -0.00000 -0.00000 -0.00000 -0.00000 0.00000 -0.00000 0.00000 -0.00000 -0.00000 0.00000 -0.00000 -0.00000 -0.00000 0.00000 0.00000 0.00000 0.00000 -0.00000 -0.00000 0.00000 0.00000 0.00000 0.00000 -0.00000 -0.00000 -0.00000 0.00000 -0.00000
-0.00095 -0.00000 -0.00000 0.00000 -0.00000 0.00000 0.00000 0.00000 -0.00000 -0.00000 -0.00000 0.00000 -0.00000 0.00000 0.00000 0.00000 0.00000 0.00000 -0.00000 0.00000 0.00000 0.00000 -0.00000 0.00000 -0.00000 -0.00000 -0.00000 -0.00000 0.00000 0.00000
-0.00098 -0.00000 -0.00000 0.00000 -0.00000 -0.00000 -0.00000 -0.00000 -0.00000 -0.00000 -0.00000 -0.00000 0.00000 -0.00000 0.00000 -0.00000 -0.00000 0.00000 -0.00000 -0.00000 0.00000 -0.00000 0.00000 -0.00000 0.00000 0.00000 -0.00000 -0.00000 -0.00000 0.00000
-0.00047 -0.00000 0.00000 0.00000 -0.00000 -0.00000 -0.00000 -0.00000 -0.00000 -0.00000 -0.00000 0.00000 -0.00000 -0.00000 0.00000 0.00000 0.00000 0.00000 -0.00000 -0.00000 0.00000 -0.00000 0.00000 0.00000 0.00000 0.00000 -0.00000 -0.00000 0.00000 0.00000
-0.00000 -0.00000 -0.00000 -0.00000 0.00000 -0.00000 -0.00000 -0.00000 0.00000 -0.00000 -0.00000 0.00000 0.00000 -0.00000 -0.00000 -0.00000 -0.00000 -0.00000 0.00000 0.00000 0.00000 0.00000 -0.00000 -0.00000 0.00000 0.00000 -0.00000 0.00000 -0.00000 -0.00000
-0.00083 -0.00000 -0.00000 0.00000 -0.00000 -0.00000 -0.00000 -0.00000 0.00000 -0.00000 -0.00000 -0.00000 0.00000 -0.00000 0.00000 -0.00000 -0.00000 0.00000 -0.00000 0.00000 -0.00000 0.00000 0.00000 -0.00000 0.00000 0.00000 -0.00000 -0.00000 0.00000 0.00000
-0.00000 -0.00000 0.00000 0.00000 -0.00000 -0.00000 -0.00000 0.00000 0.00000 -0.00000 0.00000 -0.00000 0.00000 -0.00000 -0.00000 -0.00000 -0.00000 0.00000 0.00000 -0.00000 -0.00000 -0.00000 -0.00000 0.00000 -0.00000 0.00000 -0.00000 -0.00000 -0.00000 0.00000
-0.00000 0.00000 -0.00000 0.00000 -0.00000 -0.00000 -0.00000 -0.00000 0.00000 -0.00000 0.00000 -0.00000 0.00000 0.00000 0.00000 0.00000 0.00000 0.00000 0.00000 0.00000 -0.00000 -0.00000 0.00000 -0.00000 0.00000 -0.00000 0.00000 -0.00000 -0.00000 -0.00000
-0.00000 0.00000 -0.00000 0.00000 -0.00000 -0.00000 0.00000 0.00000 0.00000 -0.00000 -0.00000 -0.00000 -0.00000 -0.00000 0.00000 -0.00000 -0.00000 0.00000 -0.00000 0.00000 0.00000 0.00000 0.00000 -0.00000 0.00000 -0.00000 -0.00000 0.00000 0.00000 -0.00000
-0.00020 -0.00000 -0.00000 0.00000 0.00000 -0.00000 0.00000 -0.00000 -0.00000 0.00000 0.00000 -0.00000 -0.00000 -0.00000 -0.00000 -0.00000 -0.00000 -0.00000 -0.00000 0.00000 -0.00000 -0.00000 -0.00000 -0.00000 0.00000 0.00000 -0.00000 -0.00000 0.00000 -0.00000
-0.00053 -0.00000 -0.00000 0.00000 0.00000 -0.00000 0.00000 -0.00000 -0.00000 -0.00000 -0.00000 -0.00000 0.00000 -0.00000 0.00000 0.00000 -0.00000 0.00000 -0.00000 -0.00000 0.00000 -0.00000 0.00000 -0.00000 0.00000 -0.00000 -0.00000 -0.00000 0.00000 -0.00000
-0.00480 0.00000 0.00000 0.00000 0.00000 0.00000 -0.00000 0.00000 -0.00000 0.00000 -0.00000 -0.00000 0.00000 0.00000 -0.00000 -0.00000 -0.00000 -0.00000 -0.00000 -0.00000 0.00000 0.00000 -0.00000 -0.00000 -0.00000 -0.00000 0.00000 0.00000 -0.00000 0.00000
-0.00000 -0.00000 -0.00000 -0.00000 0.00000 -0.00000 0.00000 0.00000 -0.00000 -0.00000 -0.00000 -0.00000 -0.00000 -0.00000 0.00000 -0.00000 0.00000 0.00000 0.00000 -0.00000 0.00000 0.00000 -0.00000 -0.00000 -0.00000 -0.00000 -0.00000 0.00000 -0.00000 -0.00000
-0.00000 -0.00000 0.00000 0.00000 -0.00000 -0.00000 -0.00000 -0.00000 0.00000 0.00000 -0.00000 0.00000 -0.00000 -0.00000 -0.00005 -0.00000 0.00000 -0.00000 -0.00000 0.00000 0.00002 0.00000 0.00000 0.00000 -0.00000 0.00000 -0.00000 -0.00000 0.00000 0.00000
-0.00148 -0.00000 -0.00000 -0.00000 -0.00000 -0.00000 0.00000 -0.00000 0.00000 0.00000 -0.00000 -0.00000 0.00000 0.00000 -0.00000 0.00000 0.00000 0.00000 0.00000 0.00000 -0.00000 0.00000 0.00000 -0.00000 0.00000 0.00000 -0.00000 -0.00000 0.00000 0.00000
-0.00000 0.00000 0.00000 -0.00000 -0.00000 -0.00000 -0.00000 -0.00000 -0.00000 0.00000 -0.00000 -0.00000 0.00000 -0.00000 -0.00002 0.00000 -0.00000 0.00000 -0.00000 0.00000 -0.00000 -0.00000 0.00000 -0.00000 -0.00000 0.00000 -0.00000 0.00000 -0.00000 -0.00000
-0.00000 -0.00000 -0.00000 0.00000 -0.00000 -0.00000 -0.00000 -0.00000 -0.00000 -0.00000 0.00000 -0.00000 0.00000 0.00000 -0.00000 -0.00000 -0.00000 -0.00000 0.00000 0.00000 0.00000 0.00000 0.00000 0.00000 -0.00000 0.00000 -0.00000 -0.00000 0.00000 -0.00000
-0.00000 0.00000 0.00000 0.00000 -0.00000 0.00000 0.00000 -0.00000 -0.00000 0.00000 -0.00000 -0.00000 0.00000 -0.00000 0.00000 -0.00000 0.00000 0.00000 -0.00000 -0.00000 -0.00000 -0.00000 0.00000 -0.00000 -0.00000 0.00000 -0.00000 -0.00000 0.00000 -0.00000
-0.00232 -0.00000 -0.00000 0.00000 -0.00000 0.00000 -0.00000 -0.00000 -0.00000 -0.00000 -0.00000 0.00000 0.00000 0.00000 0.00000 -0.00000 0.00000 -0.00000 -0.00000 0.00000 -0.00000 0.00000 0.00000 -0.00000 -0.00000 0.00002 0.00000 -0.00000 0.00000 -0.00000
-0.00000 -0.00000 -0.00000 -0.00000 -0.00000 -0.00000 -0.00000 -0.00000 0.00000 -0.00000 -0.00000 -0.00000 0.00000 -0.00000 -0.00003 0.00000 -0.00000 0.00000 0.00000 0.00000 0.00000 0.00000 0.00000 -0.00000 -0.00000 -0.00000 -0.00000 0.00000 0.00000 -0.00000
