-0.00000 0.02350 0.00000 -0.03612 0.00000 0.05294 -0.00000 0.00000 -0.00094 -0.00000 0.00000 -0.00000 -0.00001 0.01121 -0.00000 0.00000 0.00013 0.00000 0.00000 -0.00000
-0.00002 0.00000 0.00000 -0.00000 -0.00000 0.00000 0.00001 -0.00000 0.00000 -0.00000 0.00000 -0.00000 -0.00004 0.00000 -0.00000 -0.00000 0.00053 0.00002 0.00000 -0.00000
0.16110 0.00507 0.00000 -0.00004 -0.00137 0.00012 0.00000 -0.11497 -0.00001 -0.46625 -0.00873 0.04099 -0.00000 0.00001 -0.00000 -0.40933 0.00000 0.00208 0.03174 0.11604
0.00000 -0.03699 0.00005 -0.00000 -0.00000 0.00000 -0.00131 0.00001 0.14114 0.00003 -0.00000 0.00000 0.00833 -0.41457 0.00007 0.00001 -0.12121 0.00000 0.00001 -0.00001
-7.52293 -0.04689 0.00000 0.05607 -0.00000 -0.15754 -0.00009 0.00000 0.04193 -0.00000 -0.00000 0.00000 0.00049 -0.12871 -0.00002 -0.00000 -0.00706 -0.04717 0.14952 0.00000
0.00000 0.00238 0.00002 -0.37466 -0.00000 0.00000 0.00036 -0.00000 -0.19829 -0.00000 -0.00000 0.00000 -0.00306 0.34992 -0.00003 -0.00001 0.05447 -0.00002 0.00001 -0.00000
-0.00034 -0.00039 0.23425 -0.00000 -0.00000 0.00001 0.00000 -0.00518 -0.00000 -0.03450 -0.00013 0.00067 0.00000 0.00000 -0.56246 -0.00629 0.00000 0.00003 0.00066 0.00478
-0.53880 -0.02382 0.00000 -0.00702 0.13453 -0.01808 -0.00002 0.00000 0.00004 -0.00000 0.14569 -0.35635 -0.00002 -0.00102 -0.00000 0.00000 -0.00005 0.04789 0.08820 -0.00000
-0.00002 -0.50324 -0.00089 -0.00000 0.00000 -0.00001 -0.04607 -0.00000 -0.00000 0.00008 0.00000 -0.00002 0.23412 0.00000 0.00428 0.00002 -0.45318 -0.00000 0.00002 -0.00001
-0.43168 -0.02266 -0.00000 -0.00014 0.02037 -0.00053 0.00000 0.19734 -0.00001 -0.00000 0.09907 -0.28288 -0.00000 -0.00001 0.00000 0.74291 0.00001 -0.00114 -0.40968 -0.27230
-4.09898 -0.04316 0.00000 0.04558 0.83115 -0.12000 0.00000 0.00000 0.00327 -0.00000 0.00000 0.00000 0.00007 -0.05546 -0.00001 0.00000 -0.00106 -0.04421 -0.71610 -0.00000
1.76086 0.04505 -0.00000 -0.03101 -0.41884 0.06790 0.00000 -0.00000 -0.00064 -0.00000 -0.86328 0.00000 -0.00001 0.00636 0.00000 -0.00000 0.00017 0.24289 -0.06666 0.00000
-0.00003 -0.00047 -0.03596 0.00000 0.00000 -0.00000 -0.74169 0.00086 -0.00000 0.00578 0.00003 -0.00017 0.00000 0.00000 0.19366 0.00125 -0.00000 0.00002 0.00009 -0.00127
-0.00001 -0.00842 0.00004 -0.00000 -0.00000 0.00000 0.00499 -0.00001 -0.62728 -0.00001 -0.00001 0.00000 -0.03918 0.00000 -0.00048 -0.00001 0.32392 0.00000 0.00001 0.00001
-0.00926 -0.00832 -0.80149 -0.00003 0.00063 0.00000 -0.00000 0.04960 -0.00000 0.32054 0.00293 -0.01465 0.00000 0.00001 -0.00000 0.08554 0.00000 -0.00001 -0.00094 -0.06674
-1.60243 -0.02320 0.00000 -0.00056 0.04319 -0.00240 0.00000 0.17441 -0.00000 -0.00000 0.14770 -0.32404 0.00001 -0.00021 -0.00000 0.00000 0.00002 -0.01567 0.32893 -0.45092
-0.00003 -0.00007 0.00256 -0.00000 -0.00000 0.00000 0.16748 -0.00003 -0.00000 -0.00040 -0.00000 0.00001 -0.62640 0.00000 -0.01557 -0.00003 0.00000 0.00000 -0.00001 0.00002
-1.00876 -0.02430 0.00001 -0.06526 -0.00001 0.15195 0.00000 -0.00000 -0.02092 -0.00000 -0.00002 0.00000 -0.00013 0.05279 -0.00004 -0.00000 0.00137 0.00000 -0.00010 0.00000
-0.22911 0.56595 0.00000 -0.01364 -0.00000 0.02662 0.00000 -0.00000 -0.00025 0.00000 0.00000 -0.00000 -0.00001 0.00178 -0.00000 -0.00000 0.00003 0.09239 0.00000 0.00000
0.90874 -0.56238 0.00000 -0.00736 -0.05681 0.02407 0.00000 -0.15164 -0.00017 -0.00000 -0.15571 0.29965 0.00000 0.00132 -0.00000 -0.00000 0.00003 -0.17305 -0.14254 0.00000
