-0.00054 0.00289 -0.68400 0.00085 -0.68428 -0.11827 0.12449 -0.00022 -0.31582 -0.00196 -0.14845 -0.40031 -0.00089 0.06994 -0.00224 -0.00039 -0.05450 -0.08507 -0.49621 -0.06019
-0.11259 0.00073 -0.32421 -0.29816 -0.44720 0.00005 0.07415 -0.00018 -0.00586 -0.00083 -0.00139 -0.00553 0.00089 0.05075 -0.32720 -0.30986 0.00083 0.00859 -0.01696 0.05317
0.00036 -0.00061 0.00073 -0.00124 0.00700 0.00127 0.00033 -0.00044 0.00024 -0.00040 -0.00029 -0.00031 -0.00213 -0.00153 0.00058 -0.00022 -0.00079 0.00356 -0.00082 -0.00059
-0.49840 0.00040 -0.46491 0.00257 -0.58097 -0.04489 0.13135 -0.00075 -0.09799 -0.00068 -0.03024 -0.23663 -0.00186 0.07456 0.00002 -0.00068 0.00895 -0.06060 -0.34648 0.02936
0.00046 -0.00092 -0.13079 -0.00137 0.00012 0.00028 0.27850 -0.00008 0.00088 0.00024 -0.00004 -0.00125 -0.00188 0.32587 0.00014 -0.00016 -0.00008 0.00176 -0.00117 0.21336
0.00205 0.01627 -0.20394 -0.00253 -0.29748 0.00178 0.14672 -0.04529 0.00318 -0.06794 0.00068 0.00110 0.00242 0.13960 -0.00064 0.00152 0.00384 -0.00231 0.00097 0.09784
-0.00104 0.00075 -0.30138 -0.00117 0.00201 0.00193 0.00024 -0.00148 0.00374 -0.00041 0.00006 0.00198 0.00039 0.00341 -0.00216 -0.00051 -0.00034 -0.00023 0.00021 0.00064
-0.05836 -0.42488 -0.45855 -0.16271 -0.59241 0.00176 0.15076 -0.00110 0.00807 -0.00063 -0.00200 -0.00118 0.00167 0.07287 -0.35838 -0.37742 -0.00102 -0.06552 -0.02749 0.02269
-0.00202 -0.00482 -0.53993 0.00428 -0.49077 -0.20030 -0.00712 -0.00363 -0.00003 -0.09143 -0.23712 0.00182 -0.19687 0.01809 0.00091 -0.00151 -0.12475 -0.12042 0.00065 0.05310
-0.00997 -0.43573 -0.45572 -0.05933 -0.60474 -0.00135 0.11326 -0.51802 -0.00228 -0.00065 0.00026 0.00213 0.00218 0.15846 -0.28352 -0.17811 -0.00063 -0.05605 0.00209 -0.02608
-0.00046 -0.03351 -0.73985 -0.00253 -0.71392 -0.14168 0.14948 -0.14223 -0.00003 -0.34087 -0.00049 0.00034 -0.38060 0.04086 -0.01861 -0.00145 -0.45470 -0.20779 0.00036 -0.06617
-0.00005 -0.00268 -1.21865 0.00168 -0.82442 -0.16113 -0.06227 -0.01559 -0.41517 -0.06968 -0.52155 0.00033 -0.19915 -0.12889 -0.00645 -0.00094 -0.42195 -0.11185 0.00020 -0.40955
-0.00261 -0.18610 -0.35610 -0.01339 -0.48079 -0.10830 0.11251 -0.28287 -0.00309 -0.29634 0.00059 0.00097 0.00202 0.09549 -0.13195 -0.06744 0.00129 -0.07388 0.00295 0.16196
0.00218 0.00151 -0.61331 0.00344 -0.00062 0.00035 -0.36063 0.00346 0.00425 0.00027 0.00292 0.00081 0.00434 0.00045 0.00033 0.00014 0.00204 0.00205 0.00287 0.00045
-0.19012 0.00056 -0.26112 -0.22314 -0.37083 -0.05416 0.06088 -0.00016 -0.00610 -0.00089 -0.00039 -0.00942 0.00097 0.12100 -0.00113 -0.22354 0.00174 -0.03714 -0.09775 0.04276
-0.30171 0.00110 -0.26132 -0.38218 -0.46535 -0.03515 0.08406 0.00029 -0.03530 -0.00109 -0.00088 -0.04981 0.00168 0.17407 0.00131 -0.00115 -0.00037 -0.06989 -0.18549 0.13073
-0.00186 -0.08468 -0.45243 -0.00182 -0.57397 -0.10226 0.01893 -0.15140 -0.00329 -0.30358 -0.00059 0.00091 -0.31535 0.13845 -0.05529 -0.01624 0.00010 -0.11647 0.00246 -0.04460
0.00076 -0.00892 -0.02353 -0.00326 -0.27517 -0.06819 0.13096 -0.00206 0.00194 -0.00232 0.00119 0.00277 0.00413 0.20716 0.00843 -0.00102 0.00460 -0.00023 0.00173 0.24139
-0.00068 0.00088 -0.76038 0.00091 -0.67070 -0.12073 0.09229 -0.00817 -0.32735 -0.00279 -0.23979 -0.47773 -0.06884 0.00249 0.00101 0.00105 -0.14715 -0.15731 -0.00013 -0.11865
0.00100 0.00180 -0.80303 0.00071 0.00174 -0.00185 -0.46069 -0.00039 0.00291 -0.00060 0.00098 0.00067 0.00367 -0.45547 0.00242 -0.00050 0.00110 -0.00125 0.00239 0.00046
