0.00000 -0.66778 -0.43452 0.02410 -0.03101 -0.00004 0.00005 -0.52602 0.07171 -0.01228 0.18856 -0.09802 -0.00107 -0.00034 -0.00285 -0.00009 -0.00156 -0.75330 -0.04970 0.27238
-0.00000 0.00000 -0.04198 -0.05352 -0.02727 0.00027 -0.00026 0.07990 -1.09250 0.01681 -0.03871 0.38096 0.00044 0.00019 0.00013 0.00008 -0.00788 0.09949 -0.34610 -0.04046
0.00000 -0.00008 0.00000 0.00009 0.00000 -0.00011 0.00005 -0.00000 -0.03844 0.11437 0.00000 -0.21726 -0.00002 -0.00000 -0.00009 -0.00001 0.13206 -0.00000 0.66709 -0.00243
0.00001 -0.00002 0.03072 0.00000 0.00022 -0.00037 -0.00028 -0.00000 0.01834 0.02304 0.04848 -0.24096 -0.00001 0.00000 -0.00002 -0.00000 -0.00349 -0.00003 -0.02747 -0.00326
-0.00003 0.00001 0.41888 -0.01498 0.00000 -0.00005 -0.00000 0.02034 0.00970 0.09837 1.35755 -0.07688 -0.00002 0.00001 0.00000 0.00002 -0.02095 -0.00006 0.23356 -0.00069
-0.03501 -0.00393 0.00499 -0.00042 -0.04123 0.00000 -0.00046 -0.00236 0.00514 0.01388 -0.00303 0.00355 -0.00024 -0.00907 0.37453 0.01022 -0.03858 0.00913 -0.01090 -0.05555
-0.01380 -0.00465 -0.01133 -0.00485 -0.02821 0.00188 0.00000 0.01272 0.01835 0.00291 -0.02207 -0.00563 -0.00011 -0.00915 -0.01295 0.01423 -0.01388 0.02041 -0.00849 0.00656
-0.00000 0.00002 -0.20459 -0.51295 -0.00013 0.00021 -0.00011 0.00000 -0.00882 -0.14268 -0.80482 0.06993 0.00001 0.00001 0.00004 0.00000 -0.04776 0.00003 -0.15903 0.08371
-0.00000 -0.00000 -0.00007 -0.00008 -0.00007 -0.00004 -0.00003 0.00011 0.00000 0.00011 -0.00009 0.00006 0.00032 0.00001 -0.00081 0.00011 -0.00000 0.00017 -0.22345 -0.00000
0.00007 -0.00002 0.00007 0.00002 0.00001 -0.00002 0.00020 -0.00003 0.03868 0.00000 0.00002 -0.00001 -0.00002 0.00000 0.00008 -0.00005 -0.00000 -0.00003 0.18900 -0.00000
0.00000 -0.00004 1.43895 0.00006 0.00000 -0.00021 0.00000 -0.00000 -0.02537 0.01357 0.00000 -0.76021 -0.00001 -0.00001 -0.00004 -0.00000 0.02277 -0.00000 0.16924 -0.00186
-0.00002 0.00000 -0.00005 -0.00000 -0.00000 0.00018 -0.00022 0.00001 0.03719 -0.49558 -0.00000 0.00000 0.00011 0.00000 0.00022 0.00001 -0.17843 0.00001 -1.41069 0.00180
-0.00570 -0.00607 -0.03598 -0.02586 -0.03747 0.00185 -0.00820 0.03164 -0.00014 0.01584 -0.02315 0.00458 0.00000 -0.00559 -0.01676 0.00903 0.00152 0.02885 -0.00399 -0.00260
0.00216 -0.00512 0.00768 0.89015 -0.02610 -0.00012 -0.00008 0.02995 0.01017 -0.00742 -0.02114 0.03567 -0.00007 0.00000 -0.00015 0.00189 -0.02368 0.00471 -1.11161 -0.00963
-0.00173 -0.00258 -0.03320 -0.02095 -0.02312 0.00000 0.00001 0.02671 0.00157 0.00354 -0.01789 -0.01242 -0.00001 -0.00707 0.00000 0.00006 -0.01347 0.01920 0.02001 0.01194
0.00129 -0.01293 -0.06297 0.04878 -0.00612 0.00007 0.00010 -0.03252 0.04707 -0.01910 -0.14065 0.21004 -0.00003 -0.00185 -0.01336 0.00000 -0.04823 0.68495 0.06668 -0.01992
0.00008 -0.00012 0.00005 0.00003 0.00002 -0.00000 0.00008 -0.00006 -1.44399 -0.32988 0.00004 -0.00003 0.00057 -0.00002 -0.00007 -0.00008 0.00000 -0.00007 0.06931 0.00000
-0.00000 0.00002 -0.32556 -0.05776 -0.01206 -0.00003 0.00004 0.08161 0.02268 -0.09105 -1.19965 0.10952 0.00000 0.00001 0.00004 0.00000 -0.00399 0.00000 1.27892 -0.07717
0.00001 -0.00001 0.00001 0.00001 0.00000 -0.00013 0.00020 -0.00002 0.00002 0.00001 0.00001 -0.00000 -0.00010 -0.00000 -0.00021 -0.00000 0.00000 -0.00000 0.00000 -0.00001
0.00000 -0.00005 -0.00297 0.00484 -0.00265 0.00000 -0.00002 0.00002 -0.05431 -0.27076 -0.00203 -0.00324 -0.00275 0.00097 0.00000 0.00000 0.50063 -0.00001 -0.12117 0.00000
