0.00000 0.00004 0.00001 -0.00001 0.00007 -0.00028 -0.00003 -0.00010 -0.01251 -0.00003 -0.00005 -0.00049 0.00001 -0.00010 0.00001 -0.00003 0.00020 -0.00005 -0.00002 -0.00002 -0.00003 -0.00000 -0.00000 -0.00768 -0.00008 -0.02212 -0.00000 0.00005 -0.00066 0.00001 -0.00000 0.00004 -0.00005 -0.00010 -0.00004 -0.00060 -0.00424 0.00035 -0.00011 0.00000 0.00054 -0.00005 -0.00002 -0.00040 0.00000 -0.00871 -0.00006 0.00019 -0.00079 -0.00010
0.01229 0.00000 0.02095 0.00002 0.00121 -0.02210 0.00442 0.00006 0.00076 -0.02270 -0.00002 -0.00005 -0.00207 -0.00002 0.00061 0.00317 -0.00005 0.37595 0.00001 -0.00003 0.00002 -0.00006 -0.00004 -0.01070 0.00189 0.06551 -0.00006 0.00763 0.00741 -0.00011 0.01069 0.01495 -0.00033 0.47976 -0.00008 0.01376 0.90136 0.00799 -0.00002 -0.00243 -0.00009 0.00004 0.00378 -0.00242 0.00001 -0.00777 0.00096 -0.98034 -0.00057 0.01337
0.01755 0.00001 0.00000 0.00000 -0.00002 -0.00013 -0.00002 0.00001 0.00048 -0.00001 -0.00003 0.00016 0.00010 -0.00001 0.00006 -0.00004 0.00003 -0.00001 -0.00579 -0.00004 0.00007 0.00000 0.00009 0.00035 -0.00003 0.00613 0.00014 0.00000 0.00001 0.00000 -0.00000 0.00002 0.00005 0.05065 -0.00002 -0.00008 0.03978 0.00009 -0.00000 0.41689 0.00007 -0.00002 -0.00001 -0.00026 -0.00003 0.00677 -0.00017 -0.00005 0.00020 0.00018
-0.00630 -0.00922 0.01956 0.00000 0.01435 0.03351 0.01608 0.00808 -0.02457 -0.01356 -0.00006 -0.00395 -0.00679 -0.00799 0.00056 -0.62786 -0.00234 -0.01285 0.00191 -0.01841 0.00727 -0.00917 -0.00010 -0.01134 -0.00016 -0.05118 -0.00412 0.00398 1.47243 0.00210 -0.03492 0.02902 -0.00005 0.01247 -0.01190 1.23951 0.01775 -0.01297 -0.00719 -0.00964 -0.01174 -0.00898 -0.00656 -0.01114 -0.00007 -0.00404 0.02664 -0.01532 0.00775 -0.00009
-0.01444 0.00034 -0.01558 -0.00000 0.00000 0.00003 0.00015 0.00009 -0.01660 -0.00001 -0.00008 -0.00129 0.00003 0.00007 0.00011 -0.00113 0.00004 -0.00009 -0.00038 0.00018 0.00009 0.00000 -0.01476 -0.04428 0.00021 0.01035 -0.04613 0.00003 0.00010 0.00003 0.00010 0.01070 0.00016 0.23925 -0.00862 -0.01561 -0.13420 0.00006 -0.07233 -0.00205 0.00003 -0.00010 -0.00004 -0.03680 0.00018 -0.00799 0.07408 0.00593 -0.00026 0.00003
0.00189 -0.00004 -0.01950 0.00001 0.00076 0.00000 0.00012 -0.00010 -0.00004 -0.01003 -0.00076 0.00002 -0.39999 0.00002 0.00000 0.00006 0.00002 0.00002 0.00004 0.00006 0.00009 -0.00002 -0.00002 -0.00797 0.00005 -0.00058 0.00009 -0.00001 0.00181 -0.00001 -0.01019 0.01165 -0.00001 0.01019 0.00004 -0.00058 0.00813 -0.00038 -0.00000 -0.00076 -0.00002 0.00003 -0.00018 -0.00049 -0.00000 0.00100 0.00019 0.00010 0.00001 -0.00006
-0.00616 -0.00002 -0.01255 -0.00001 0.00581 0.03492 0.00000 -0.00013 -0.01763 0.00566 0.00007 0.00125 0.00061 -0.00073 -0.00001 0.00104 -0.00000 0.00005 0.00020 -0.00013 0.00007 0.00009 0.00005 -0.00265 0.00024 -0.02312 -0.00619 0.00011 0.01042 0.00000 0.00001 0.00012 -0.00000 0.01408 -0.00080 -0.00001 -0.00447 -0.00033 -0.00285 -0.01198 -0.00033 -0.00009 -0.00000 -0.00052 -0.00033 -0.14942 0.00364 0.01471 0.00005 -0.00001
-0.00744 0.01105 0.00294 0.00023 -0.00981 0.00234 0.01374 0.00000 0.00554 -0.03254 -0.00006 -0.00013 -0.00250 -0.00016 -0.01862 -0.00008 -0.00004 0.00842 -0.00005 -0.00003 0.00011 0.00004 -0.00225 -0.00048 0.00010 0.04151 -0.00581 -0.00208 0.00573 0.00323 0.00003 -0.00331 0.00074 -0.05012 0.00457 0.00627 0.03822 0.38053 -0.00642 0.00074 0.72800 0.24698 -0.00134 -0.00538 -0.00004 -0.00325 0.00119 -0.00199 -0.64178 -0.00785
-0.00007 0.00005 -0.00220 -0.00001 0.00000 -0.02529 -0.00003 0.00007 0.00000 -0.00002 0.00018 -0.00000 -0.00108 -0.00002 -0.00004 -0.00004 -0.00001 -0.00003 -0.00003 -0.00007 -0.00005 0.00001 -0.00007 -0.02634 0.00051 0.00001 0.00000 0.00004 -0.00068 0.00001 0.00001 0.00059 0.00004 -0.21743 0.00000 0.00112 1.97452 -0.00009 -0.00000 -0.00000 -0.00006 -0.00001 0.00003 0.00000 -0.00004 0.02158 0.00000 0.04485 -0.00000 0.00007
-0.03299 -0.00014 0.09235 0.00001 -0.40478 -0.00013 -0.00003 -0.00003 -0.00201 0.00000 0.00146 -0.00062 -0.00001 -0.00001 -0.00008 -0.00143 -0.00001 -0.00004 0.00024 0.00090 -0.00065 -0.00008 0.00059 -0.00685 -0.00012 0.06183 -0.01186 0.00001 -0.00196 -0.00001 -0.00007 -1.73161 -0.00012 0.03957 -0.00596 -0.00550 -1.15315 -0.00009 -0.02522 -0.03855 0.00007 0.00017 0.00025 -0.01412 -0.00009 -0.00363 0.03793 0.01109 0.00004 -0.00007
-0.01007 -0.01410 -0.03169 -0.01346 -0.00580 -0.00219 0.01361 -0.01332 -0.00661 -0.00027 0.00000 -0.00426 0.00000 -0.00631 -0.03487 0.00953 0.00003 -0.01717 0.00003 0.00003 -0.01835 -0.00025 0.00003 -0.02006 0.00012 0.01065 -0.00056 0.00005 0.00178 0.00173 0.00002 0.00070 -0.01026 0.09415 0.00016 0.01466 -1.02815 -0.01426 -0.00318 -0.00439 -0.00063 -0.00448 0.00016 -0.01455 0.00010 -0.02388 0.01491 0.02239 -0.00559 -0.01378
-0.00833 -0.00806 0.00652 0.00004 -0.00000 0.01149 0.00028 -0.00070 0.57643 -0.00029 -0.00016 0.00000 -0.01946 0.00003 -0.00005 0.00004 0.00007 -0.01549 -0.00010 -0.00013 0.00025 -0.00002 0.00006 -0.00318 -0.00039 -1.51097 0.00010 -0.00014 0.00039 -0.00000 -0.00224 0.03272 -0.00012 0.00033 0.55655 -0.00314 -0.07147 -0.00016 0.00000 -0.00229 0.00040 -0.00006 -0.00005 0.00001 -0.00003 -0.25320 -0.00001 -0.15427 0.00004 -0.00046
-0.00183 0.00012 0.00019 -0.00007 0.00016 -0.00001 0.00001 0.00011 0.00004 -0.02786 0.00803 -0.00002 0.00000 -0.00016 -0.00003 -0.00028 0.00004 -0.00010 0.00002 -0.00022 -0.00011 -0.00001 0.00013 0.00004 -0.00022 0.00192 -0.00053 -0.00001 0.00762 0.00010 -0.01574 0.01085 0.00001 0.01170 -0.00040 0.00006 -0.01878 -0.00006 -0.00007 -0.00672 0.00063 -0.00016 0.00029 -0.00002 0.00001 -0.03318 -0.00014 -0.00025 -0.00006 0.00024
-0.01037 -0.01563 -0.04552 -0.00012 0.00876 0.02672 -0.00219 -0.00159 -0.00527 -0.03692 -0.00018 0.00198 -0.00241 0.00000 -0.00158 0.01289 0.00206 -0.03020 -0.01063 -0.02083 -0.00065 0.00010 0.01306 -0.00143 -0.02752 -0.00690 0.01016 -0.00344 -1.41809 -0.00002 -0.00131 0.00601 0.00010 -0.00439 0.00109 -0.01245 -0.02351 -0.00749 -0.02228 -0.00632 0.00250 0.00271 -0.00007 0.01602 -0.00005 -0.00381 -0.06765 0.04760 0.00940 0.01659
0.00079 0.00010 -0.01741 0.00354 0.00635 0.10331 -0.40760 0.00003 -0.00124 -0.01547 -0.00001 0.00217 0.00307 -0.00021 0.00000 -0.00598 0.00013 0.00010 -0.00259 -0.00140 -0.00001 -0.00005 -0.00011 0.00293 0.00004 -0.05726 -0.01593 0.00002 -0.01607 -0.46425 -0.00248 -0.00354 0.00000 0.02294 0.00383 -0.13658 0.04122 0.00001 -0.01534 -0.00002 0.00017 0.00006 -0.02256 -0.00308 -0.00036 0.14424 0.00391 0.00854 -0.00000 2.01745
-0.01892 -0.00057 -0.02761 -0.00000 -0.00068 0.02291 0.00102 -0.01396 -0.01171 -0.00127 0.00017 0.00205 -0.00420 0.00005 -0.00004 0.00000 -0.01589 -0.01106 -0.00706 -0.01898 -0.00999 -0.00000 0.00012 -0.00799 0.00010 -0.02063 0.00850 0.00135 -0.16466 0.00015 -0.00495 0.00272 -0.00014 0.00208 -0.00171 -0.02290 -0.00584 -0.01214 -0.00051 -0.00258 0.01515 0.00533 -0.00935 -0.01527 0.00004 -0.00791 -0.00180 -0.00322 -0.00396 0.00002
0.00155 -0.01614 0.02672 0.00009 0.01669 0.02505 0.01338 -0.02255 -0.01279 -0.03416 0.00802 -0.00385 0.01299 -0.00009 -0.00784 -0.00008 0.00000 -0.00852 0.00007 -0.01507 -0.00043 0.00005 -0.01809 -0.01509 -0.01527 -0.00853 -0.01261 -0.01167 0.00171 -0.00056 -0.01957 0.02483 0.00004 0.00215 0.00369 -0.02209 0.01049 -0.00547 -0.00530 -0.00642 0.01994 -0.00257 0.00832 0.01633 0.03104 -0.01572 -0.02649 -0.01080 -0.00015 -0.00817
-0.02065 0.00000 -0.05503 -0.00007 -0.00035 0.03248 0.02133 0.00014 -0.02147 -0.01425 -0.00004 -0.00003 -0.00435 -0.00002 -0.00826 -0.00006 -0.00014 0.00000 -0.00020 0.00004 0.00000 0.00006 -0.00020 -0.00448 0.00008 -0.02678 -0.00004 0.00008 -0.00004 -0.00013 0.00025 0.01408 -0.00008 -0.11334 0.00001 -0.00082 -0.26834 -0.01432 -0.00002 -0.00147 -0.00031 0.00007 0.01216 -0.00116 0.00012 0.00200 0.00022 -0.16174 0.00069 -0.01779
-0.02216 -0.00934 -0.00008 0.00035 0.00241 0.00945 0.00136 -0.02046 -0.01787 -0.00730 0.02483 -0.00485 0.00445 -0.00013 0.00006 -0.00008 0.01060 -0.00227 0.00000 0.00021 0.00830 0.00006 -0.00010 0.00013 0.00917 -0.05347 0.00409 0.00004 -0.00709 -0.00004 0.00014 0.00488 0.00004 0.00118 -0.00434 -0.00011 -0.02469 0.00723 -0.02049 0.00003 0.00888 -0.00682 0.00475 -0.00009 -0.00004 0.00829 -0.00785 0.01235 0.00880 -0.01829
-0.00033 -0.01457 -0.02139 -0.00002 0.00437 0.01995 -0.00802 -0.03536 -0.01400 0.00047 0.02865 -0.00478 -0.00471 -0.00004 0.00047 -0.00005 -0.00006 0.01610 0.00583 0.00000 -0.00035 0.00003 0.00005 0.00003 -0.00032 -0.04191 0.01601 -0.00141 0.00761 -0.00006 0.00007 -0.00013 -0.00077 -0.00331 0.01103 -0.01767 0.01087 -0.00851 -0.00002 0.00083 0.00543 -0.00531 0.00004 -0.00033 -0.00006 -0.00089 0.00059 0.00878 -0.00035 -0.00604
-0.02274 -0.00825 0.01107 0.00001 0.00626 0.00517 0.00057 0.00984 -0.01792 -0.00708 -0.00006 0.00252 -0.00264 0.00151 -0.01967 -0.00007 0.00055 -0.00013 0.00015 -0.00213 0.00000 0.00000 -0.00005 -0.00760 -0.00007 -0.01906 0.00945 0.00084 -0.01387 0.00149 -0.00787 0.00763 -0.00581 -0.00337 -0.01106 0.01595 0.00845 -0.01224 -0.01218 -0.00733 0.01471 0.00599 -0.00024 0.00158 -0.00005 -0.01119 -0.01318 0.00409 0.01014 -0.01218
0.00317 -0.01128 -0.03833 -0.00009 -0.00660 0.01109 0.00161 -0.00713 -0.00595 -0.01078 0.00330 -0.00562 -0.00221 0.00982 -0.01733 -1.22727 -0.00540 0.00650 -0.00349 -0.00788 1.28261 0.00000 0.00001 -0.03684 -0.00002 0.02398 -0.00575 0.00771 -0.21949 -0.00392 -0.00766 0.00911 0.00303 0.01253 0.00377 -0.01264 -0.03168 0.00755 -0.00126 -0.00146 -0.00791 -0.01013 0.01463 -0.05177 0.01042 0.00054 -0.00357 0.00366 -0.01029 -0.00736
-0.01574 -0.01985 0.00718 -0.01222 -0.00004 -0.03723 0.02047 -0.00025 -0.00833 0.00017 0.00709 -0.00357 0.00627 0.00007 -0.01656 0.00696 -0.00005 -0.00328 -0.01099 0.02177 -0.00260 -0.00367 0.00000 -0.01114 -0.01196 -0.01954 0.00084 0.00004 0.00915 0.01913 -0.00760 0.01568 0.00008 0.00398 -0.00791 -0.00494 -0.03243 -0.00161 -0.00017 -0.00048 -0.00000 0.00010 0.01334 -0.01933 -0.00013 -0.00459 0.01286 -0.00179 -0.00001 -0.01418
0.00021 -0.00007 0.00436 0.00002 -0.00000 -0.00026 -0.00053 0.00036 -0.00001 0.00005 0.00005 0.00001 0.01653 -0.00020 0.00010 0.00000 -0.00000 0.00034 0.01259 0.01731 0.00025 -0.00000 -0.00009 0.00000 -0.00003 -0.00015 -0.00011 -0.00001 0.00967 0.00000 -0.00021 0.00054 -0.00001 -0.30791 -0.00021 -0.00176 3.70355 -0.00006 -0.00000 0.00041 0.00035 -0.00010 -0.00084 -0.00013 0.00006 2.16506 0.00010 0.00005 -0.00090 0.00004
0.00717 -0.00025 -0.03429 -0.00493 -0.00268 0.02524 0.00398 0.01350 0.00093 -0.01357 0.00504 -0.00291 0.00210 -0.00003 -0.00750 0.00308 -0.00002 0.00912 0.00009 -0.00224 -0.00274 -0.00800 -0.00007 -0.01348 0.00000 0.02046 0.00591 0.00008 0.00893 0.00420 -0.01552 -0.00471 -0.00897 0.00572 -0.00298 0.01860 -0.00482 -0.01263 -0.00144 -0.01140 0.00312 -0.00050 0.00357 -0.00947 0.00008 -0.01467 0.01740 -0.00089 -0.00402 -0.00351
-0.00002 0.00001 -0.00035 -0.00001 0.00000 -0.00208 -0.00002 0.00004 0.39851 0.00001 0.00015 -0.00000 -0.00018 -0.00003 -0.00002 -0.00003 -0.00007 -0.00003 -0.00001 -0.00003 -0.00008 0.00002 -0.00006 0.00181 0.00007 0.00000 -0.00000 0.00006 0.00004 0.00001 -0.00000 0.00007 0.00001 -0.04628 0.00000 0.00025 0.03281 -0.00003 -0.00000 -0.00001 -0.00006 -0.00000 0.00004 -0.00001 -0.00002 -0.01271 0.00001 -0.01332 -0.00001 0.00022
-0.00707 -0.01789 0.01197 -0.00010 -0.00000 0.02210 -0.00053 -0.00031 0.02460 -0.00003 0.00086 -0.01227 0.00089 0.00001 -0.00001 0.00011 -0.00013 0.00086 0.00009 0.00008 0.00004 -0.00004 0.00375 -0.00798 0.00042 -0.11740 0.00000 -0.00001 -0.00021 0.00000 -0.00524 0.00913 -0.00004 -0.00879 0.71314 -0.00005 -0.03013 0.00021 0.00000 -0.00698 -0.00005 0.00001 -0.00002 0.00003 0.00001 0.00157 0.00003 -0.17506 0.00003 0.00017
-0.00792 0.00017 -0.04481 0.00022 0.01134 0.02842 0.00137 -0.00009 -0.00058 -0.02582 0.01338 -0.00811 -0.01379 0.00008 -0.01713 -0.00057 -0.00006 -0.00759 0.02189 0.00052 0.00195 0.00011 0.01850 -0.03985 0.00106 0.01628 -0.03596 0.00000 -1.75080 0.00584 -0.01028 0.01946 -0.01814 -0.31350 -0.01578 0.00161 -0.69187 -0.00010 -0.01769 0.00860 -0.01391 0.00447 -0.00004 -0.01067 -0.00005 -0.01224 -0.02589 -1.90184 0.00666 0.00101
0.00173 -0.00006 -0.01309 0.00000 -0.00483 -0.00041 -0.00018 0.00038 0.00059 -0.00261 -0.00003 0.00103 0.00049 -0.00000 -0.00002 -0.00001 0.00007 -0.01100 0.00008 0.00004 -0.00011 -0.00000 -0.00009 -0.00010 0.00003 0.00187 -0.00876 -0.00000 0.00000 0.00001 -0.00170 0.00252 -0.00006 -0.00830 -0.00439 0.00006 -0.02206 0.00058 0.00058 -0.00109 0.01405 0.00001 0.00002 0.00909 0.00002 -0.01302 -0.01567 0.03033 0.00289 -0.00007
-0.01880 -0.01641 -0.04370 -0.00026 0.01192 -0.01559 0.60077 -0.00007 -0.01888 -0.03047 0.00005 -0.00623 0.00628 -0.00543 -0.00001 0.01379 -0.00070 0.00101 -0.01267 -0.01693 0.00003 0.00012 0.00005 -0.02496 0.00015 0.02266 -0.05924 -0.00004 0.02562 0.00000 -0.02676 0.00381 -0.00000 -0.00127 -0.00677 -1.04269 -0.04728 -0.00012 -0.03210 -0.00351 -0.00008 -0.00022 0.01589 -0.00154 0.01341 -0.27625 0.07126 -0.00263 0.00001 0.78042
-0.01575 0.00014 -0.53942 -0.00002 0.00883 -0.00007 0.01791 -0.00016 0.00272 -0.01085 0.01412 0.00001 -0.00004 0.00141 0.00022 0.00013 -0.00001 0.00460 0.00526 0.01369 0.00010 -0.00003 0.00011 -0.00599 -0.00003 0.03336 0.00007 0.00000 -0.00235 -0.00001 0.00000 -0.94079 -0.00003 0.02726 0.00012 0.01721 -0.58140 0.00001 -0.00001 0.23107 0.00012 0.00000 0.01032 0.00927 0.00008 -0.00408 0.00110 0.02173 0.01833 -0.00430
-0.01296 0.00002 0.06939 0.00000 0.00236 0.00011 -0.00015 0.00004 0.00233 -0.00000 -0.00212 0.00000 0.00002 -0.00000 0.00007 0.00115 0.00001 0.00001 -0.00029 -0.00445 0.00018 -0.00001 0.00004 0.00553 0.00002 0.03154 0.00011 -0.00002 -0.00068 0.00002 -0.00000 0.00000 0.00011 0.31616 0.00006 -0.00009 -2.90077 0.00003 0.00032 -0.02085 -0.00009 -0.00001 -0.00009 -0.00016 0.00003 0.00936 -0.00048 0.00275 -0.00001 0.00009
-0.01935 -0.01365 0.00320 0.00121 0.01284 -0.01585 -0.26134 0.00052 -0.00243 -0.02153 0.00003 0.00054 -0.00325 0.01346 0.68023 -0.00223 0.02260 0.00203 0.01389 -0.00134 0.00001 0.00005 0.01841 -0.02056 -0.00002 0.01997 0.01463 -0.00005 0.00335 0.30544 -0.01747 0.01485 0.00000 0.00232 0.00080 0.05170 0.01259 0.00047 -0.01217 -0.00442 0.01077 -0.00005 -0.00331 0.00309 0.01279 0.12801 -0.02042 -0.01307 -0.00012 -0.35026
0.00010 0.00000 0.00001 0.00000 0.00000 0.00033 -0.00000 0.00000 -0.00000 -0.00001 0.00000 0.00000 0.00010 0.00001 0.00006 0.00041 0.00002 0.00000 -0.00002 0.00011 0.00016 -0.00001 0.00015 -0.00000 -0.00002 -0.00006 0.00003 -0.00000 0.00050 0.00002 -0.00000 0.00000 0.00023 0.00000 -0.00000 -0.00005 -0.00001 -0.00000 0.00000 -0.00002 0.00003 0.00009 -0.00000 -0.00000 0.00002 -0.00000 -0.00001 0.00000 -0.00003 0.00006
-0.00670 -0.01089 0.01057 -0.00008 -0.00000 0.01563 -0.00066 0.00000 -0.05050 -0.00000 0.00003 0.00000 -0.00108 0.00003 -0.00000 0.00020 0.00014 0.00957 -0.00006 0.00009 0.00001 -0.00012 -0.00007 -0.00613 -0.00028 0.15477 0.00000 -0.00003 0.00062 -0.00001 -0.00468 0.00262 0.00002 0.01654 0.00000 -0.00018 0.06093 -0.00042 -0.00000 -0.00585 0.00003 -0.00001 -0.00001 0.00003 0.00000 0.01904 -0.00001 0.23362 0.00000 -0.00015
-0.00414 0.00007 -0.02352 0.00000 -0.00002 -0.00422 -0.01659 0.00003 -0.00022 0.00019 -0.00001 -0.00036 -0.00434 -0.00007 0.00001 -0.00009 -0.00003 -0.00132 0.00416 -0.00001 0.00005 0.00002 -0.00012 -0.00229 0.00002 0.01336 -0.00417 0.00006 0.03929 -0.00000 0.00001 -0.01519 0.00000 0.00507 -0.00149 0.00000 0.01122 0.00001 -0.00374 -0.00067 0.00017 -0.00001 -0.00004 -0.00583 0.00005 -0.00691 0.00046 -0.02632 0.00003 0.00007
-0.00007 0.00000 -0.00003 0.00000 -0.00001 -0.00006 0.00002 -0.00000 0.00000 0.00000 -0.00000 -0.00000 -0.00002 -0.00000 -0.00001 0.00013 -0.00000 -0.00000 -0.00000 -0.00004 -0.00002 -0.00000 -0.00004 0.00000 0.00001 0.00001 -0.00001 0.00000 -0.00044 -0.00000 0.00000 -0.00000 -0.00004 -0.50046 -0.00000 0.00001 0.00000 0.00000 -0.00000 0.00000 -0.00001 -0.00002 -0.00000 -0.00000 -0.00000 -0.00000 0.00000 -0.00000 0.00002 -0.00002
0.00007 0.00025 0.01370 0.00004 0.00703 -0.00452 -0.00395 0.00000 -0.01034 -0.01453 -0.00004 -0.00777 -0.00833 0.00010 -0.01229 -0.00016 -0.00008 0.00004 0.00006 -0.00002 0.00001 0.00005 -0.00073 -0.01493 -0.00003 -0.01741 -0.00137 0.00040 0.00007 0.00415 -0.01257 0.02011 0.00015 -0.10199 0.00226 -0.00965 1.19876 0.00000 -0.00357 -0.00240 -0.00000 -0.00023 0.00024 -0.00188 0.00016 -0.01354 0.02544 0.00123 0.13796 0.00923
0.00308 0.00406 -0.05263 0.00007 0.00000 0.01776 0.00064 -0.00013 -0.22917 -0.00003 0.00020 0.43590 -0.00111 -0.00002 -0.00000 0.00037 -0.00036 -0.01597 0.00006 0.01405 -0.00001 -0.00004 0.00132 0.00048 0.00036 0.72477 1.49559 0.00002 -0.00150 0.00001 -0.00548 -0.00215 -0.00005 -0.06340 -2.10231 -0.00001 -0.17280 -0.00028 0.00000 -0.00655 -0.00002 0.00002 -0.00000 1.44075 -0.00000 0.07577 0.00002 -0.50094 0.00001 0.00012
1.35694 0.00000 0.00001 -0.00003 0.00058 -0.00033 -0.00003 -0.00000 -0.00364 -0.00002 -0.00005 0.00078 -0.00001 -0.00005 0.00004 -0.00006 0.00008 -0.00004 0.01879 -0.00003 0.00008 -0.00001 0.00088 -0.00221 -0.00007 -0.03052 0.00010 0.00005 -0.00019 0.00001 -0.00000 0.00004 -0.00001 -0.08652 -0.00001 -0.00042 -0.06780 0.00026 -0.00005 0.00000 0.00101 -0.00007 -0.00002 0.00011 -0.00005 -0.01051 -0.00013 0.00006 0.00041 0.00005
-0.00430 -0.01379 0.01012 0.00001 0.01215 -0.00672 -0.00327 0.00000 -0.01675 -0.00830 -0.00002 0.00044 -0.00005 -0.00011 -0.00184 0.00000 0.00001 -0.00771 -0.00006 -0.00006 0.00003 0.00001 -0.00345 -0.00566 0.00023 -0.02989 -0.00232 -0.00004 0.00010 0.00587 -0.01059 0.00947 -0.00013 0.04466 -0.00855 -0.00145 -0.04159 -0.48526 -0.01655 0.00118 0.00000 -0.04087 0.01314 -0.01507 -0.00008 0.00334 -0.01723 0.00502 0.17266 -0.01223
0.01178 -0.00720 -0.04268 -0.00021 0.00598 0.03214 -0.02161 0.00001 -0.01775 -0.00801 -0.00006 -0.01174 -0.00414 0.00037 0.01521 -0.00025 -0.00035 0.01324 -0.00021 -0.00022 0.00032 0.00005 0.01738 -0.01126 0.00046 -0.02766 -0.01401 0.00007 0.01702 -0.00675 -0.02303 0.02542 -0.01117 0.00779 0.00329 -0.01715 -0.01797 -0.01391 -0.02074 -0.01006 -0.00003 0.00000 0.00599 -0.02206 0.00002 -0.01362 0.01046 0.00866 0.23756 0.01219
-0.01800 0.00011 -0.03509 -0.00016 0.01166 0.01631 -0.81509 0.00037 -0.01509 0.01037 0.00560 -0.01278 0.00036 -0.00834 -0.00001 -0.00022 0.00011 0.00002 -0.00005 -0.00624 -0.00915 0.00005 -0.00007 -0.00163 0.00005 -0.01272 -0.01477 -0.00982 0.00644 0.00005 0.00007 0.01589 -0.00004 -0.28294 -0.00714 -0.02951 -0.56919 -0.00463 -0.02077 -0.01785 0.00010 0.00008 0.00000 -0.02042 0.00004 -0.29717 0.00153 0.01735 -0.00022 0.00007
-0.00314 0.00031 -0.01127 0.00003 -0.00000 -0.00643 0.00093 -0.00009 -0.02728 -0.00003 -0.00008 0.27718 0.00556 0.00001 -0.00005 -0.00007 0.00004 0.00005 -0.00004 0.00120 0.00004 -0.00000 0.00001 -0.02055 -0.00006 0.09450 0.02203 -0.00003 0.00006 -0.00000 -0.00009 -0.00336 -0.00002 0.04349 -0.00614 -0.00039 0.40376 -0.00003 0.00000 0.00603 0.00003 -0.00001 -0.00001 0.00000 0.00003 1.65351 -0.00000 -0.00014 -0.00000 -0.00006
0.00652 -0.01406 -0.01923 -0.00772 0.00617 -0.68895 0.00001 -0.02362 -0.02067 -0.01015 0.01945 -0.01145 0.09301 -0.01532 0.00031 0.03080 0.00003 0.00559 -0.00335 -0.01289 -0.01573 0.00006 -0.00492 -0.01929 0.01455 -0.04314 0.00306 -0.00873 -0.00072 0.00014 -0.00925 0.02098 0.00008 -0.02002 0.00069 0.00438 -0.14062 0.00778 -0.01756 -0.00588 -0.01261 0.01654 0.00326 -0.00068 0.00000 -0.54398 -0.00603 0.01014 -0.01051 0.00021
0.00032 -0.00004 0.00018 0.00000 -0.00000 0.00014 -0.00001 0.00000 -0.00002 -0.00006 -0.00002 0.00000 -0.00003 0.00002 0.00003 -0.00004 0.00002 -0.00105 0.00000 0.00240 0.00009 -0.00000 -0.00004 0.00000 -0.00005 0.00027 0.00003 -0.00001 0.00002 -0.00000 -0.00001 0.00001 0.00001 -0.05766 0.00002 -0.00046 -0.23573 -0.00005 0.00000 0.00045 0.00011 -0.00001 -0.00000 0.00000 -0.00000 0.00000 -0.00000 -0.00005 -0.00000 0.00001
-0.00678 0.00075 0.00376 0.00001 0.00000 0.00758 -0.00009 -0.00011 0.04997 0.00001 0.00007 -0.23370 -0.00581 -0.00001 -0.00002 -0.00057 -0.00002 0.00954 -0.00006 -0.00145 -0.00006 -0.00011 0.00002 -0.01067 0.00009 -0.10367 0.04470 0.00001 -0.00016 0.00001 -0.00063 0.00398 -0.00003 -0.01896 -0.36231 -0.00171 -0.00813 0.00002 0.27393 0.00298 -0.00014 0.00012 0.00011 -0.78767 -0.00000 -0.03713 0.00000 0.05448 0.00000 0.00007
-0.00322 -0.00000 -0.02034 -0.00002 -0.00001 0.01813 0.00006 0.00015 -0.00001 -0.00002 0.00004 0.00000 -0.00635 0.00001 -0.00005 0.00020 0.00007 -0.00001 0.00002 0.00004 -0.00026 0.00003 -0.00004 0.00180 -0.00229 0.00011 0.00000 -0.00000 0.00010 -0.00000 -0.00001 0.00239 0.00000 -0.14329 0.00000 0.00001 -0.31755 -0.00061 -0.00000 -0.00034 0.00012 -0.00003 0.00002 0.00004 0.00001 -0.00529 -0.00008 0.00000 -0.00006 -0.00007
-0.00541 -0.00397 0.01402 0.00001 -0.00583 0.02640 0.00599 -0.00000 -0.00886 -0.01536 -0.00004 0.00272 -0.00175 0.00002 -0.07549 0.00002 0.00008 0.00011 0.00009 0.00004 0.00004 -0.00003 0.01561 -0.00468 -0.00027 -0.03335 0.00525 -0.00011 0.00026 -0.00082 0.00004 0.02102 -0.00188 -0.02673 -0.00487 0.00592 0.01213 0.00000 -0.02082 -0.00226 0.00000 0.00000 -0.00695 -0.03264 -0.00001 -0.02703 -0.00391 0.00298 0.00000 -0.02144
-0.00880 -0.00002 0.00932 0.00165 0.00522 -0.02955 -0.14241 0.00003 -0.01322 -0.01369 -0.00001 0.00102 0.00062 0.00005 0.00000 0.00971 0.00003 -0.00010 -0.00007 -0.00043 -0.00002 -0.00006 -0.00005 -0.00874 -0.00028 0.01046 -0.00734 0.00004 0.01058 0.00000 -0.00174 0.01220 0.00000 0.01035 -0.00306 0.03067 0.03189 0.00002 -0.00250 -0.00872 0.00005 0.00006 0.01716 -0.00833 0.00770 0.07573 0.01800 0.01143 -0.00000 0.00000
