0.00000 0.00000 0.00000 0.00000 0.00000 0.00000 -0.52920 -0.33754 -1.00018 0.00000
0.00000 0.00000 0.00000 0.00000 -0.43158 0.00000 0.00000 0.96315 0.00000 0.00000
-0.69187 0.00000 0.00000 0.00000 0.00000 0.00000 0.00000 -0.45473 -0.69488 0.00000
0.00000 -0.40755 0.00000 0.00000 0.00000 0.00000 0.00000 0.00000 1.06575 0.00000
0.00000 0.00000 0.00000 0.00000 0.00000 0.00000 0.00000 0.00000 -0.30315 -0.43332
0.00000 0.00000 -0.39310 0.00000 0.00000 0.00000 0.00000 0.00000 0.00000 0.00000
0.00000 0.00000 0.00000 -0.33894 0.00000 0.00000 0.00000 0.00000 -0.45347 0.00000
0.00000 0.00000 0.00000 0.00000 0.00000 0.00000 0.00000 0.00000 1.83314 0.00000
0.00000 0.00000 0.00000 0.00000 0.00000 0.00000 0.00000 0.00000 0.00000 0.00000
0.00000 0.00000 0.00000 0.00000 0.00000 -0.43108 0.00000 0.00000 -0.31028 0.00000
