1.000 0.000 0.000 0.000 0.000 0.000 0.000 0.000 0.000 0.000
0.000 1.000 0.000 0.000 0.000 0.000 0.000 -0.441 0.000 0.000
0.000 0.000 1.000 0.000 0.000 0.000 0.000 0.000 -0.549 0.000
0.000 0.000 0.000 1.000 0.000 0.000 0.000 0.000 0.737 0.000
0.000 0.000 0.000 0.000 1.000 0.000 0.000 0.000 0.000 0.000
0.000 0.000 0.000 0.000 0.000 1.000 0.000 0.000 0.000 0.000
0.000 0.000 0.000 0.000 0.000 0.000 1.000 0.000 0.000 0.000
0.000 -0.441 0.000 0.000 0.000 0.000 0.000 1.000 0.000 0.000
0.000 0.000 -0.549 0.737 0.000 0.000 0.000 0.000 1.000 0.000
0.000 0.000 0.000 0.000 0.000 0.000 0.000 0.000 0.000 1.000
