-0.00000 -0.00175 -0.00000 -0.10354 0.00004 -0.00000 -0.52920 -0.33754 -1.00018 -0.00002
0.00002 0.00000 -0.00020 -0.00000 -0.43158 -0.00069 0.00001 0.96315 -0.29606 -0.02067
-0.69187 -0.00038 -0.00000 -0.01127 -0.00002 0.00000 0.07287 -0.45473 -0.69488 -0.00001
-0.00000 -0.40755 0.00001 -0.00000 -0.02172 0.00000 0.00000 -0.12621 1.06575 -0.00060
0.00020 0.00000 -0.00119 0.00000 0.00000 -0.02219 0.00001 -0.12757 -0.30315 -0.43332
0.22865 -0.00005 -0.39310 -0.00082 0.00002 0.00000 0.00169 -0.09775 -0.29610 0.00000
-0.00000 -0.04391 0.00000 -0.33894 -0.00141 -0.00001 0.00000 -0.15574 -0.45347 0.00006
-0.00000 0.00000 0.00000 -0.00000 0.00001 -0.00001 0.00001 -0.00000 1.83314 0.00001
-0.00000 0.00000 -0.00000 0.00000 0.00000 -0.00000 0.00000 -0.00000 -0.00000 0.00000
0.00689 0.00001 -0.05890 0.00007 0.00000 -0.43108 -0.00007 -0.11805 -0.31028 0.00000
