-0.00178 0.19968 0.24821 0.09628 0.26545 0.21867 0.22701 0.13553 0.26860 0.19953 0.85571 0.08754 0.19654 0.21810 0.18164 0.20256 0.29512 0.12334 0.19502 0.12929
0.18499 -0.00020 0.23020 0.14243 0.34649 0.27867 0.21494 0.17665 0.18005 0.20275 0.30964 0.70649 0.11987 0.31892 0.14958 0.08723 0.29392 0.20428 0.12871 0.22172
0.20390 0.17126 0.00097 0.26039 0.16155 0.13389 0.22492 0.22691 0.19927 0.27682 -0.49330 0.22044 0.11603 0.17428 0.37828 0.21588 0.27076 0.09850 0.12962 0.46277
0.16676 0.16684 0.09160 -0.00132 0.23719 0.14750 0.24968 0.06858 0.18980 0.11125 0.00333 0.04561 0.18463 0.19301 0.10341 0.16889 -0.28797 0.10563 0.16432 0.10646
0.11086 0.09994 0.25488 0.13222 0.00163 0.20958 0.16861 0.22120 0.16468 0.20112 0.49409 0.36526 0.38140 0.15877 0.16740 0.16612 0.43334 0.73345 0.22980 0.12882
0.16598 0.15818 0.28145 0.21383 0.17503 0.00083 0.10688 0.25159 0.15284 0.22511 0.28013 0.32979 0.12156 0.16125 0.25723 0.17426 0.37845 0.14712 0.14605 0.22084
0.16884 0.23039 0.17143 0.13818 0.22878 0.26318 0.00200 0.23019 0.18548 0.08798 0.28488 -0.04384 0.56506 0.18871 0.16551 0.29640 0.25301 0.15532 0.29526 0.12254
0.24747 0.16932 0.14054 0.17251 0.18952 0.13561 0.19868 -0.00285 0.13427 0.11280 0.21200 0.09107 0.30634 0.17814 0.16410 0.16472 -0.91983 0.15871 0.21947 0.18495
0.13735 0.24087 0.20489 0.15085 0.23986 0.21527 0.20643 0.23513 0.00024 0.17063 0.31490 0.34322 0.15664 0.13776 0.20054 0.16145 0.31984 0.18512 0.20958 0.21206
0.18181 0.20730 0.15762 0.35833 0.17925 0.14573 0.33867 0.33407 0.22801 -0.00121 0.48156 0.15692 0.30945 0.22087 0.12247 0.17157 0.14243 0.10022 0.22552 0.13735
-0.00560 0.09423 0.15347 0.20391 0.06134 0.03747 0.04593 0.16362 0.07757 0.00726 -0.00503 0.11263 0.06043 0.06673 0.21671 0.10610 0.02149 0.22463 0.12336 0.07109
0.23510 0.03797 0.14650 0.17309 0.11475 0.12362 0.19184 0.16361 0.09683 0.20820 0.26258 -0.00281 0.03429 0.17113 0.12739 0.08516 0.28026 0.10630 0.08867 0.19357
0.19782 0.26880 0.33514 0.19064 0.07664 0.24604 0.04304 0.14631 0.23928 0.08513 0.29834 -0.45685 0.00042 0.16304 0.23500 0.36256 0.53831 0.24017 0.34707 0.24959
0.17961 0.12941 0.24389 0.18428 0.22687 0.21609 0.19642 0.24722 0.27549 0.18305 0.29693 0.22235 0.22454 0.00171 0.22283 0.17935 0.42264 0.14320 0.20092 0.16888
0.20326 0.22685 0.06710 0.28386 0.22225 0.13117 0.21962 0.19345 0.16964 0.25267 -0.05709 0.18510 0.15435 0.17430 0.00076 0.23452 0.01056 0.17661 0.13565 0.23897
0.17789 0.36441 0.19398 0.19274 0.21780 0.22377 0.12739 0.22149 0.24719 0.23480 0.22841 0.35112 0.10665 0.22018 0.16244 0.00063 0.39522 0.19598 0.22502 0.16265
0.05207 0.13127 0.19063 0.09317 0.06403 0.07568 0.05703 0.03566 0.12510 0.10039 0.21871 0.15909 0.03482 0.05963 0.24118 0.08997 -0.00187 0.22775 0.11975 0.17707
0.16309 0.10404 0.15708 0.03958 0.03769 0.21760 0.19020 0.04720 0.15471 0.21183 -0.00881 0.15645 0.14312 0.19847 0.04712 0.13509 0.00718 0.00148 0.16170 0.10256
0.21728 0.27751 0.23848 0.17159 0.17283 0.26536 0.13867 0.15514 0.18772 0.19180 0.25763 0.30925 0.12165 0.20323 0.22140 0.17282 0.35182 0.12167 0.00134 0.21411
0.45469 0.17464 -0.02017 0.23776 0.27891 0.19225 0.35580 0.17080 0.18567 0.36945 -0.82418 0.08441 0.17846 0.28956 0.09515 0.29156 0.28702 0.04071 0.14040 0.00010
