1.000 -0.001 -0.001 -0.000 -0.001 -0.000 -0.000 -0.001 -0.000 -0.000 -0.001 -0.000 -0.002 -0.001 -0.000 -0.000 -0.001 -0.001 -0.000 -0.000 -0.001 -0.001 -0.001 -0.000 -0.001 -0.000 -0.000 -0.001 -0.000 -0.000 -0.000 -0.000 -0.001 -0.000 -0.000 -0.000 -0.000 -0.000 -0.001 -0.001 -0.001 -0.000 -0.000 -0.000 -0.002 -0.000 -0.001 -0.001 -0.001 -0.000
-0.001 1.000 0.003 0.003 0.003 0.003 0.003 0.003 0.003 0.003 0.003 0.003 0.004 0.003 0.003 0.003 0.003 0.003 0.003 0.003 0.003 0.003 0.003 0.003 0.004 0.003 0.003 0.003 0.003 0.003 0.003 0.003 0.003 0.003 0.003 0.003 0.003 0.003 0.003 0.003 0.004 0.003 0.003 0.003 0.004 0.003 0.003 0.003 0.003 0.003
-0.001 0.003 1.000 -0.001 0.000 -0.001 -0.001 -0.000 -0.001 -0.001 0.000 -0.001 0.002 -0.000 -0.001 -0.001 0.001 -0.000 -0.001 -0.001 0.001 0.001 0.000 -0.001 0.001 -0.001 -0.001 0.000 -0.000 -0.001 -0.000 -0.000 0.001 -0.001 -0.000 -0.001 -0.001 -0.001 0.000 0.001 0.002 -0.001 -0.001 -0.000 0.003 -0.001 0.001 -0.000 -0.000 -0.000
-0.000 0.003 -0.001 1.000 -0.007 -0.007 -0.007 -0.007 -0.007 -0.007 -0.007 -0.007 -0.008 -0.007 -0.007 -0.007 -0.007 -0.007 -0.007 -0.007 -0.007 -0.008 -0.007 -0.007 -0.007 -0.007 -0.007 -0.007 -0.007 -0.007 -0.007 -0.007 -0.007 -0.007 -0.007 -0.007 -0.007 -0.007 -0.007 -0.007 -0.008 -0.007 -0.007 -0.007 -0.008 -0.007 -0.007 -0.007 -0.007 -0.007
-0.001 0.003 0.000 -0.007 1.000 0.000 0.000 0.000 0.001 0.000 -0.000 0.000 -0.002 0.000 0.000 0.000 -0.001 -0.000 0.000 0.000 -0.001 -0.001 -0.000 0.000 -0.001 0.000 0.000 -0.000 0.000 0.000 0.000 0.000 -0.001 0.000 0.000 0.000 0.000 0.000 -0.000 -0.001 -0.002 0.000 0.000 0.000 -0.003 0.000 -0.001 -0.000 0.000 0.000
-0.000 0.003 -0.001 -0.007 0.000 1.000 0.000 -0.000 -0.000 0.000 -0.000 0.000 0.000 0.000 0.000 0.000 -0.000 0.000 0.000 0.000 0.000 -0.000 0.000 0.000 0.000 -0.000 0.000 0.000 -0.000 0.000 -0.000 0.000 0.000 0.000 0.000 0.000 0.000 0.000 0.000 0.000 -0.000 -0.000 0.000 -0.000 0.000 0.000 0.000 -0.000 0.000 0.000
-0.000 0.003 -0.001 -0.007 0.000 0.000 1.000 0.009 0.009 0.009 0.010 0.009 0.012 0.009 0.009 0.009 0.010 0.010 0.009 0.009 0.010 0.011 0.010 0.009 0.011 0.009 0.009 0.010 0.009 0.009 0.009 0.009 0.010 0.009 0.009 0.009 0.009 0.009 0.010 0.010 0.011 0.009 0.009 0.009 0.012 0.009 0.011 0.010 0.009 0.009
-0.001 0.003 -0.000 -0.007 0.000 -0.000 0.009 1.000 0.006 0.006 0.008 0.006 0.015 0.008 0.006 0.006 0.010 0.008 0.006 0.007 0.010 0.012 0.009 0.006 0.012 0.007 0.007 0.008 0.007 0.007 0.007 0.007 0.010 0.006 0.007 0.006 0.006 0.007 0.009 0.010 0.013 0.006 0.006 0.007 0.016 0.007 0.011 0.008 0.007 0.007
-0.000 0.003 -0.001 -0.007 0.001 -0.000 0.009 0.006 1.000 0.003 0.004 0.003 0.008 0.003 0.003 0.003 0.005 0.004 0.003 0.003 0.005 0.006 0.004 0.003 0.006 0.003 0.003 0.004 0.003 0.003 0.003 0.003 0.005 0.003 0.003 0.003 0.003 0.003 0.004 0.005 0.006 0.003 0.003 0.003 0.009 0.003 0.006 0.004 0.003 0.003
-0.000 0.003 -0.001 -0.007 0.000 0.000 0.009 0.006 0.003 1.000 -0.002 -0.001 -0.005 -0.002 -0.001 -0.001 -0.003 -0.002 -0.001 -0.001 -0.003 -0.003 -0.002 -0.001 -0.004 -0.001 -0.001 -0.002 -0.001 -0.001 -0.002 -0.002 -0.003 -0.001 -0.002 -0.001 -0.001 -0.001 -0.002 -0.003 -0.004 -0.001 -0.001 -0.002 -0.005 -0.001 -0.003 -0.002 -0.002 -0.002
-0.001 0.003 0.000 -0.007 -0.000 -0.000 0.010 0.008 0.004 -0.002 1.000 0.000 -0.005 -0.000 0.000 0.000 -0.002 -0.001 0.000 0.000 -0.002 -0.003 -0.001 0.000 -0.003 0.000 0.000 -0.001 -0.000 0.000 -0.000 -0.000 -0.002 0.000 -0.000 0.000 0.000 0.000 -0.001 -0.002 -0.004 0.000 0.000 -0.000 -0.006 0.000 -0.003 -0.001 -0.000 -0.000
-0.000 0.003 -0.001 -0.007 0.000 0.000 0.009 0.006 0.003 -0.001 0.000 1.000 -0.010 -0.007 -0.007 -0.007 -0.008 -0.007 -0.007 -0.007 -0.008 -0.009 -0.008 -0.007 -0.009 -0.007 -0.007 -0.008 -0.007 -0.007 -0.007 -0.007 -0.008 -0.007 -0.007 -0.007 -0.007 -0.007 -0.008 -0.008 -0.009 -0.007 -0.007 -0.007 -0.011 -0.007 -0.009 -0.007 -0.007 -0.007
-0.002 0.004 0.002 -0.008 -0.002 0.000 0.012 0.015 0.008 -0.005 -0.005 -0.010 1.001 -0.002 -0.004 -0.004 0.002 -0.001 -0.004 -0.004 0.004 0.007 0.000 -0.004 0.007 -0.004 -0.004 -0.001 -0.003 -0.004 -0.003 -0.003 0.003 -0.004 -0.003 -0.004 -0.004 -0.004 0.000 0.002 0.008 -0.004 -0.004 -0.003 0.015 -0.004 0.005 -0.001 -0.002 -0.003
-0.001 0.003 -0.000 -0.007 0.000 0.000 0.009 0.008 0.003 -0.002 -0.000 -0.007 -0.002 1.000 0.001 0.001 0.002 0.002 0.001 0.001 0.003 0.003 0.002 0.001 0.003 0.001 0.001 0.002 0.001 0.001 0.002 0.001 0.003 0.001 0.001 0.001 0.001 0.001 0.002 0.002 0.004 0.001 0.001 0.002 0.005 0.001 0.003 0.002 0.002 0.002
-0.000 0.003 -0.001 -0.007 0.000 0.000 0.009 0.006 0.003 -0.001 0.000 -0.007 -0.004 0.001 1.000 -0.003 0.004 0.000 -0.003 -0.003 0.005 0.008 0.002 -0.003 0.008 -0.003 -0.003 0.001 -0.002 -0.003 -0.002 -0.002 0.004 -0.003 -0.002 -0.003 -0.003 -0.003 0.002 0.004 0.010 -0.003 -0.003 -0.002 0.017 -0.003 0.007 -0.000 -0.001 -0.002
-0.000 0.003 -0.001 -0.007 0.000 0.000 0.009 0.006 0.003 -0.001 0.000 -0.007 -0.004 0.001 -0.003 1.000 0.003 0.003 0.003 0.003 0.003 0.003 0.003 0.003 0.003 0.003 0.003 0.003 0.003 0.003 0.003 0.003 0.003 0.003 0.003 0.003 0.003 0.003 0.003 0.003 0.004 0.003 0.003 0.003 0.004 0.003 0.003 0.003 0.003 0.003
-0.001 0.003 0.001 -0.007 -0.001 -0.000 0.010 0.010 0.005 -0.003 -0.002 -0.008 0.002 0.002 0.004 0.003 1.000 -0.001 -0.002 -0.002 0.001 0.002 -0.000 -0.002 0.002 -0.002 -0.002 -0.000 -0.001 -0.002 -0.001 -0.001 0.001 -0.002 -0.001 -0.002 -0.002 -0.002 -0.000 0.001 0.002 -0.002 -0.002 -0.001 0.005 -0.002 0.002 -0.001 -0.001 -0.001
-0.001 0.003 -0.000 -0.007 -0.000 0.000 0.010 0.008 0.004 -0.002 -0.001 -0.007 -0.001 0.002 0.000 0.003 -0.001 1.000 -0.002 -0.002 -0.002 -0.002 -0.002 -0.002 -0.002 -0.002 -0.002 -0.002 -0.002 -0.002 -0.002 -0.002 -0.002 -0.002 -0.002 -0.002 -0.002 -0.002 -0.002 -0.002 -0.001 -0.002 -0.002 -0.002 -0.001 -0.002 -0.002 -0.002 -0.002 -0.002
-0.000 0.003 -0.001 -0.007 0.000 0.000 0.009 0.006 0.003 -0.001 0.000 -0.007 -0.004 0.001 -0.003 0.003 -0.002 -0.002 1.000 -0.000 -0.000 -0.000 -0.000 -0.000 -0.000 -0.000 -0.000 -0.000 -0.000 -0.000 -0.000 -0.000 -0.000 -0.000 -0.000 -0.000 -0.000 -0.000 -0.000 -0.000 -0.000 -0.000 -0.000 -0.000 -0.000 -0.000 -0.000 -0.000 -0.000 -0.000
-0.000 0.003 -0.001 -0.007 0.000 0.000 0.009 0.007 0.003 -0.001 0.000 -0.007 -0.004 0.001 -0.003 0.003 -0.002 -0.002 -0.000 1.000 0.002 0.005 -0.001 -0.006 0.006 -0.006 -0.006 -0.002 -0.005 -0.006 -0.005 -0.005 0.002 -0.006 -0.005 -0.006 -0.006 -0.006 -0.001 0.001 0.007 -0.006 -0.006 -0.005 0.015 -0.006 0.004 -0.003 -0.004 -0.005
-0.001 0.003 0.001 -0.007 -0.001 0.000 0.010 0.010 0.005 -0.003 -0.002 -0.008 0.004 0.003 0.005 0.003 0.001 -0.002 -0.000 0.002 1.000 0.004 0.003 0.003 0.004 0.003 0.003 0.003 0.003 0.003 0.003 0.003 0.003 0.003 0.003 0.003 0.003 0.003 0.003 0.003 0.004 0.003 0.003 0.003 0.004 0.003 0.003 0.003 0.003 0.003
-0.001 0.003 0.001 -0.008 -0.001 -0.000 0.011 0.012 0.006 -0.003 -0.003 -0.009 0.007 0.003 0.008 0.003 0.002 -0.002 -0.000 0.005 0.004 1.001 -0.003 0.003 -0.011 0.003 0.003 -0.001 0.002 0.003 0.002 0.002 -0.006 0.003 0.002 0.003 0.003 0.003 -0.003 -0.005 -0.012 0.003 0.003 0.001 -0.021 0.003 -0.009 -0.000 0.001 0.002
-0.001 0.003 0.000 -0.007 -0.000 0.000 0.010 0.009 0.004 -0.002 -0.001 -0.008 0.000 0.002 0.002 0.003 -0.000 -0.002 -0.000 -0.001 0.003 -0.003 1.000 -0.017 0.001 -0.016 -0.016 -0.011 -0.015 -0.017 -0.015 -0.015 -0.005 -0.017 -0.015 -0.017 -0.017 -0.016 -0.009 -0.006 0.003 -0.017 -0.017 -0.014 0.014 -0.016 -0.001 -0.012 -0.013 -0.015
-0.000 0.003 -0.001 -0.007 0.000 0.000 0.009 0.006 0.003 -0.001 0.000 -0.007 -0.004 0.001 -0.003 0.003 -0.002 -0.002 -0.000 -0.006 0.003 0.003 -0.017 1.001 -0.005 -0.006 -0.006 -0.006 -0.006 -0.006 -0.006 -0.006 -0.005 -0.006 -0.006 -0.006 -0.007 -0.006 -0.006 -0.005 -0.004 -0.006 -0.006 -0.006 -0.003 -0.006 -0.005 -0.006 -0.006 -0.006
-0.001 0.004 0.001 -0.007 -0.001 0.000 0.011 0.012 0.006 -0.004 -0.003 -0.009 0.007 0.003 0.008 0.003 0.002 -0.002 -0.000 0.006 0.004 -0.011 0.001 -0.005 1.001 0.006 0.006 0.006 0.006 0.006 0.006 0.006 0.007 0.006 0.006 0.006 0.006 0.006 0.006 0.007 0.007 0.006 0.006 0.006 0.008 0.006 0.007 0.006 0.006 0.006
-0.000 0.003 -0.001 -0.007 0.000 -0.000 0.009 0.007 0.003 -0.001 0.000 -0.007 -0.004 0.001 -0.003 0.003 -0.002 -0.002 -0.000 -0.006 0.003 0.003 -0.016 -0.006 0.006 1.001 0.008 0.004 0.007 0.008 0.007 0.007 0.000 0.008 0.007 0.008 0.008 0.008 0.003 0.001 -0.005 0.008 0.008 0.006 -0.013 0.008 -0.002 0.005 0.006 0.007
-0.000 0.003 -0.001 -0.007 0.000 0.000 0.009 0.007 0.003 -0.001 0.000 -0.007 -0.004 0.001 -0.003 0.003 -0.002 -0.002 -0.000 -0.006 0.003 0.003 -0.016 -0.006 0.006 0.008 1.001 0.001 0.001 0.001 0.001 0.001 0.001 0.001 0.001 0.001 0.001 0.001 0.001 0.001 0.001 0.001 0.001 0.001 0.002 0.001 0.001 0.001 0.001 0.001
-0.001 0.003 0.000 -0.007 -0.000 0.000 0.010 0.008 0.004 -0.002 -0.001 -0.008 -0.001 0.002 0.001 0.003 -0.000 -0.002 -0.000 -0.002 0.003 -0.001 -0.011 -0.006 0.006 0.004 0.001 1.001 0.005 0.005 0.005 0.005 0.002 0.005 0.005 0.005 0.005 0.005 0.003 0.002 -0.001 0.005 0.005 0.004 -0.004 0.005 0.001 0.004 0.004 0.005
-0.000 0.003 -0.000 -0.007 0.000 -0.000 0.009 0.007 0.003 -0.001 -0.000 -0.007 -0.003 0.001 -0.002 0.003 -0.001 -0.002 -0.000 -0.005 0.003 0.002 -0.015 -0.006 0.006 0.007 0.001 0.005 1.001 0.000 -0.000 0.000 -0.003 0.000 -0.000 0.000 0.001 0.000 -0.002 -0.003 -0.006 0.000 0.000 -0.000 -0.009 0.000 -0.004 -0.001 -0.001 -0.000
-0.000 0.003 -0.001 -0.007 0.000 0.000 0.009 0.007 0.003 -0.001 0.000 -0.007 -0.004 0.001 -0.003 0.003 -0.002 -0.002 -0.000 -0.006 0.003 0.003 -0.017 -0.006 0.006 0.008 0.001 0.005 0.000 1.001 -0.002 -0.002 -0.003 -0.001 -0.002 -0.001 -0.001 -0.001 -0.002 -0.003 -0.004 -0.001 -0.001 -0.002 -0.005 -0.001 -0.003 -0.002 -0.002 -0.002
-0.000 0.003 -0.000 -0.007 0.000 -0.000 0.009 0.007 0.003 -0.002 -0.000 -0.007 -0.003 0.002 -0.002 0.003 -0.001 -0.002 -0.000 -0.005 0.003 0.002 -0.015 -0.006 0.006 0.007 0.001 0.005 -0.000 -0.002 1.001 0.002 0.003 0.002 0.002 0.002 0.002 0.002 0.003 0.003 0.004 0.002 0.002 0.002 0.005 0.002 0.004 0.003 0.003 0.002
-0.000 0.003 -0.000 -0.007 0.000 0.000 0.009 0.007 0.003 -0.002 -0.000 -0.007 -0.003 0.001 -0.002 0.003 -0.001 -0.002 -0.000 -0.005 0.003 0.002 -0.015 -0.006 0.006 0.007 0.001 0.005 0.000 -0.002 0.002 1.001 0.011 0.007 0.007 0.007 0.007 0.007 0.009 0.011 0.014 0.007 0.007 0.008 0.018 0.007 0.012 0.008 0.008 0.007
-0.001 0.003 0.001 -0.007 -0.001 0.000 0.010 0.010 0.005 -0.003 -0.002 -0.008 0.003 0.003 0.004 0.003 0.001 -0.002 -0.000 0.002 0.003 -0.006 -0.005 -0.005 0.007 0.000 0.001 0.002 -0.003 -0.003 0.003 0.011 1.001 0.007 0.006 0.007 0.007 0.007 -0.001 -0.005 -0.015 0.007 0.007 0.005 -0.027 0.007 -0.010 0.002 0.004 0.005
-0.000 0.003 -0.001 -0.007 0.000 0.000 0.009 0.006 0.003 -0.001 0.000 -0.007 -0.004 0.001 -0.003 0.003 -0.002 -0.002 -0.000 -0.006 0.003 0.003 -0.017 -0.006 0.006 0.008 0.001 0.005 0.000 -0.001 0.002 0.007 0.007 1.001 0.002 0.002 0.002 0.002 0.002 0.002 0.001 0.002 0.002 0.002 0.001 0.002 0.002 0.002 0.002 0.002
-0.000 0.003 -0.000 -0.007 0.000 0.000 0.009 0.007 0.003 -0.002 -0.000 -0.007 -0.003 0.001 -0.002 0.003 -0.001 -0.002 -0.000 -0.005 0.003 0.002 -0.015 -0.006 0.006 0.007 0.001 0.005 -0.000 -0.002 0.002 0.007 0.006 0.002 1.001 0.002 0.002 0.002 0.002 0.003 0.003 0.002 0.002 0.002 0.003 0.002 0.003 0.002 0.002 0.002
-0.000 0.003 -0.001 -0.007 0.000 0.000 0.009 0.006 0.003 -0.001 0.000 -0.007 -0.004 0.001 -0.003 0.003 -0.002 -0.002 -0.000 -0.006 0.003 0.003 -0.017 -0.006 0.006 0.008 0.001 0.005 0.000 -0.001 0.002 0.007 0.007 0.002 0.002 1.001 0.012 0.012 0.021 0.026 0.038 0.012 0.012 0.015 0.053 0.012 0.032 0.018 0.016 0.014
-0.000 0.003 -0.001 -0.007 0.000 0.000 0.009 0.006 0.003 -0.001 0.000 -0.007 -0.004 0.001 -0.003 0.003 -0.002 -0.002 -0.000 -0.006 0.003 0.003 -0.017 -0.007 0.006 0.008 0.001 0.005 0.001 -0.001 0.002 0.007 0.007 0.002 0.002 0.012 1.001 0.002 0.001 0.001 0.001 0.002 0.002 0.002 -0.000 0.002 0.001 0.002 0.002 0.002
-0.000 0.003 -0.001 -0.007 0.000 0.000 0.009 0.007 0.003 -0.001 0.000 -0.007 -0.004 0.001 -0.003 0.003 -0.002 -0.002 -0.000 -0.006 0.003 0.003 -0.016 -0.006 0.006 0.008 0.001 0.005 0.000 -0.001 0.002 0.007 0.007 0.002 0.002 0.012 0.002 1.001 0.000 0.000 0.001 0.000 0.000 0.000 0.001 0.000 0.001 0.000 0.000 0.000
-0.001 0.003 0.000 -0.007 -0.000 0.000 0.010 0.009 0.004 -0.002 -0.001 -0.008 0.000 0.002 0.002 0.003 -0.000 -0.002 -0.000 -0.001 0.003 -0.003 -0.009 -0.006 0.006 0.003 0.001 0.003 -0.002 -0.002 0.003 0.009 -0.001 0.002 0.002 0.021 0.001 0.000 1.001 0.004 0.004 0.004 0.004 0.004 0.004 0.004 0.004 0.004 0.004 0.004
-0.001 0.003 0.001 -0.007 -0.001 0.000 0.010 0.010 0.005 -0.003 -0.002 -0.008 0.002 0.002 0.004 0.003 0.001 -0.002 -0.000 0.001 0.003 -0.005 -0.006 -0.005 0.007 0.001 0.001 0.002 -0.003 -0.003 0.003 0.011 -0.005 0.002 0.003 0.026 0.001 0.000 0.004 1.001 0.000 -0.007 -0.007 -0.006 0.004 -0.007 -0.002 -0.005 -0.006 -0.006
-0.001 0.004 0.002 -0.008 -0.002 -0.000 0.011 0.013 0.006 -0.004 -0.004 -0.009 0.008 0.004 0.010 0.004 0.002 -0.001 -0.000 0.007 0.004 -0.012 0.003 -0.004 0.007 -0.005 0.001 -0.001 -0.006 -0.004 0.004 0.014 -0.015 0.001 0.003 0.038 0.001 0.001 0.004 0.000 1.003 0.008 0.008 0.008 0.010 0.008 0.009 0.008 0.008 0.008
-0.000 0.003 -0.001 -0.007 0.000 -0.000 0.009 0.006 0.003 -0.001 0.000 -0.007 -0.004 0.001 -0.003 0.003 -0.002 -0.002 -0.000 -0.006 0.003 0.003 -0.017 -0.006 0.006 0.008 0.001 0.005 0.000 -0.001 0.002 0.007 0.007 0.002 0.002 0.012 0.002 0.000 0.004 -0.007 0.008 1.001 -0.001 -0.001 -0.001 -0.001 -0.001 -0.001 -0.001 -0.001
-0.000 0.003 -0.001 -0.007 0.000 0.000 0.009 0.006 0.003 -0.001 0.000 -0.007 -0.004 0.001 -0.003 0.003 -0.002 -0.002 -0.000 -0.006 0.003 0.003 -0.017 -0.006 0.006 0.008 0.001 0.005 0.000 -0.001 0.002 0.007 0.007 0.002 0.002 0.012 0.002 0.000 0.004 -0.007 0.008 -0.001 1.001 -0.019 -0.024 -0.019 -0.021 -0.020 -0.019 -0.019
-0.000 0.003 -0.000 -0.007 0.000 -0.000 0.009 0.007 0.003 -0.002 -0.000 -0.007 -0.003 0.002 -0.002 0.003 -0.001 -0.002 -0.000 -0.005 0.003 0.001 -0.014 -0.006 0.006 0.006 0.001 0.004 -0.000 -0.002 0.002 0.008 0.005 0.002 0.002 0.015 0.002 0.000 0.004 -0.006 0.008 -0.001 -0.019 1.001 0.007 0.005 0.006 0.005 0.005 0.005
-0.002 0.004 0.003 -0.008 -0.003 0.000 0.012 0.016 0.009 -0.005 -0.006 -0.011 0.015 0.005 0.017 0.004 0.005 -0.001 -0.000 0.015 0.004 -0.021 0.014 -0.003 0.008 -0.013 0.002 -0.004 -0.009 -0.005 0.005 0.018 -0.027 0.001 0.003 0.053 -0.000 0.001 0.004 0.004 0.010 -0.001 -0.024 0.007 1.007 -0.002 0.002 -0.001 -0.001 -0.002
-0.000 0.003 -0.001 -0.007 0.000 0.000 0.009 0.007 0.003 -0.001 0.000 -0.007 -0.004 0.001 -0.003 0.003 -0.002 -0.002 -0.000 -0.006 0.003 0.003 -0.016 -0.006 0.006 0.008 0.001 0.005 0.000 -0.001 0.002 0.007 0.007 0.002 0.002 0.012 0.002 0.000 0.004 -0.007 0.008 -0.001 -0.019 0.005 -0.002 1.002 0.005 0.005 0.004 0.004
-0.001 0.003 0.001 -0.007 -0.001 0.000 0.011 0.011 0.006 -0.003 -0.003 -0.009 0.005 0.003 0.007 0.003 0.002 -0.002 -0.000 0.004 0.003 -0.009 -0.001 -0.005 0.007 -0.002 0.001 0.001 -0.004 -0.003 0.004 0.012 -0.010 0.002 0.003 0.032 0.001 0.001 0.004 -0.002 0.009 -0.001 -0.021 0.006 0.002 0.005 1.003 0.003 0.002 0.002
-0.001 0.003 -0.000 -0.007 -0.000 -0.000 0.010 0.008 0.004 -0.002 -0.001 -0.007 -0.001 0.002 -0.000 0.003 -0.001 -0.002 -0.000 -0.003 0.003 -0.000 -0.012 -0.006 0.006 0.005 0.001 0.004 -0.001 -0.002 0.003 0.008 0.002 0.002 0.002 0.018 0.002 0.000 0.004 -0.005 0.008 -0.001 -0.020 0.005 -0.001 0.005 0.003 1.002 0.006 0.006
-0.001 0.003 -0.000 -0.007 0.000 0.000 0.009 0.007 0.003 -0.002 -0.000 -0.007 -0.002 0.002 -0.001 0.003 -0.001 -0.002 -0.000 -0.004 0.003 0.001 -0.013 -0.006 0.006 0.006 0.001 0.004 -0.001 -0.002 0.003 0.008 0.004 0.002 0.002 0.016 0.002 0.000 0.004 -0.006 0.008 -0.001 -0.019 0.005 -0.001 0.004 0.002 0.006 1.002 0.005
-0.000 0.003 -0.000 -0.007 0.000 0.000 0.009 0.007 0.003 -0.002 -0.000 -0.007 -0.003 0.002 -0.002 0.003 -0.001 -0.002 -0.000 -0.005 0.003 0.002 -0.015 -0.006 0.006 0.007 0.001 0.005 -0.000 -0.002 0.002 0.007 0.005 0.002 0.002 0.014 0.002 0.000 0.004 -0.006 0.008 -0.001 -0.019 0.005 -0.002 0.004 0.002 0.006 0.005 1.002
