0.00000 -0.00230 -0.00021 0.00072 0.00042 0.00006 0.00022 -0.00035 0.00012 0.00026 -0.00964 -0.00030 -0.09101 0.00085 -0.00056 0.00057 0.00091 -0.00039 -0.00024 -0.00014 0.00005 -0.05670 0.06203 -0.00044 0.00006 -0.04054 0.00017 -0.00021 -0.00141 -0.00044 -0.00034 -0.00034 -0.10855 -0.00041 -0.00047 -0.00008 0.00064 -0.00034 -0.05429 -0.00101 0.01665 0.00017 -0.00000 -0.00178 -0.02011 -0.00129 0.00026 0.00025 0.00000 -0.00058
0.00025 0.00000 -0.00100 0.00049 -0.00048 0.00000 -0.00003 0.00005 0.00016 -0.00006 -0.00022 0.00007 -0.00061 -0.00014 0.00040 -0.00089 0.00081 -0.00006 0.00027 -0.00037 -0.04745 -0.00000 0.00000 0.00000 -0.00004 0.00002 -0.00050 0.00003 -0.00000 0.00010 -0.00021 -0.00000 -0.00009 -0.00021 -0.00027 0.00000 0.00004 -0.00034 -0.00055 -0.00013 0.23825 -0.00008 0.00106 0.00030 -0.00055 -0.00020 0.00035 0.00012 0.00036 -0.00017
0.00010 -0.00060 0.00000 0.00055 0.00118 -0.00006 0.00071 0.26314 0.00004 0.00028 -0.00071 0.00000 -0.00014 0.00037 0.00123 -0.00030 -0.12499 -0.00011 0.00035 0.00020 -0.11680 0.00049 0.00000 -0.00013 -0.00047 -0.00056 0.00000 0.00071 0.00015 -0.00000 -0.00002 -0.00000 -0.00030 -0.00000 0.00010 0.00133 0.00000 0.02233 -0.00051 -0.00033 0.00001 0.00004 0.00029 0.00065 0.00000 0.00007 -0.00006 -0.00000 -0.00006 -0.00053
0.00002 -0.00016 0.00043 -0.00000 0.43947 0.00012 0.00024 0.00005 0.00034 0.00000 0.00000 -0.00010 -0.00030 -0.00000 -0.00025 0.00040 -0.00012 -0.00004 0.00060 0.00000 -0.00015 0.00073 -0.00093 0.00061 -0.00000 -0.00049 0.00001 -0.00088 0.00056 0.00015 -0.14785 0.00000 -0.00072 0.00000 0.00006 -0.00000 0.00044 -0.00003 -0.00015 -0.00000 -0.00011 0.00023 0.00057 -0.00067 -0.00011 -0.00011 -0.00006 0.00001 0.00005 -0.00037
0.00028 0.00009 0.00109 -0.00000 0.00000 0.00019 -0.00016 -0.00003 -0.00022 0.00002 -0.00008 -0.00100 -0.00786 0.01625 0.00003 0.00081 -0.00166 0.00039 0.00017 -0.00019 -0.00000 0.00062 -0.00089 0.00036 -0.00071 -0.00054 -0.00005 -0.00008 -0.00004 0.00006 -0.18430 0.00000 -0.00039 -0.00014 0.03157 -0.00073 0.00011 -0.00003 -0.00000 0.00015 0.00013 0.00012 0.00054 -0.00070 0.00004 0.00017 1.16276 -0.00017 0.00037 -0.00000
0.00052 0.00004 0.00000 0.00035 0.00052 0.00000 0.00044 -0.00062 -0.00019 -0.00044 0.00008 -0.00000 -0.00020 -0.00036 0.00009 -0.00000 -0.00002 -0.00047 -0.00003 -0.00004 0.00003 0.00016 -0.00036 0.00033 0.00000 0.00000 0.00024 -0.00126 0.00027 -0.00000 0.00001 0.00049 -0.00002 -0.00036 -0.00014 0.00001 0.00011 -0.00001 -0.00042 -0.00000 0.00010 0.00001 0.00071 0.00003 -0.00007 -0.00032 0.00026 -0.00012 0.00049 0.00010
0.00012 0.00029 0.00009 0.00064 0.00017 0.00043 -0.00000 -0.00003 -0.00035 -0.00000 -0.32494 -0.00000 0.00012 -0.35806 0.00038 -0.00010 -0.00004 -0.00000 -0.00037 -0.00025 -0.00046 -0.00018 0.00004 -0.00034 0.00019 0.00018 -0.00000 0.00003 0.00000 0.00039 -0.00012 0.00040 0.00025 -0.00082 0.00000 -0.00003 -0.00043 0.00028 0.00031 -0.12349 -0.00000 0.00000 -0.00002 0.00013 -0.00007 0.00028 -0.00000 -0.00019 0.00018 0.00271
0.00020 0.00026 0.00000 -0.00030 0.00048 0.00006 0.00027 -0.00000 -0.00038 -0.00021 -0.00064 0.00000 -0.00000 -0.00000 0.00027 -0.05174 -0.83489 -0.00017 0.00000 0.00090 -0.09422 0.00040 -0.00015 0.00009 -0.00060 -0.00020 0.00008 0.00080 -0.00015 0.00000 0.00017 -0.00056 -0.00009 -0.00000 -0.00036 0.00038 0.00009 -0.00000 -0.00082 -0.00466 0.00007 -0.00014 -0.00054 0.20047 -0.00018 -0.00009 -0.00036 -0.00000 0.00002 0.00004
0.00008 0.00006 -0.00017 -0.00000 0.00006 0.00004 -0.00000 -0.00052 -0.00000 -0.00023 0.00005 0.00012 -0.00233 -0.00008 0.00024 0.00051 -0.00008 -0.00022 0.00000 0.00005 -0.00013 -0.00039 -0.00129 0.00015 -0.00001 0.00000 -0.00023 0.00000 -0.00029 0.00005 0.00000 0.00029 -0.00221 0.00018 0.00002 -0.00005 0.00000 0.00017 0.00031 -0.15917 0.00052 -0.00028 -0.00058 -0.00034 -0.00098 -0.00019 0.00003 0.00046 -0.00046 -0.30599
-0.00000 0.00012 0.00012 0.00040 -0.00062 -0.00002 -0.00007 0.00009 -0.00037 -0.00000 0.00008 0.00002 -0.00021 0.00004 0.00025 -0.00019 -0.00000 0.00015 -0.00000 0.00000 0.29710 -0.00019 0.00005 -0.00000 -0.00010 -0.00063 -0.00015 -0.00011 -0.05777 -0.00000 -0.00006 0.00006 -0.00030 -0.00004 -0.00003 -0.00046 0.00022 0.00046 0.00013 0.00101 -0.00025 -0.00000 -0.00001 0.00005 0.00000 0.00032 -0.00009 0.00003 -0.00001 0.00127
-0.00041 -0.00483 -0.00036 -0.00081 0.00015 0.00018 -0.00000 -0.00041 0.02412 -0.00026 0.00000 0.00003 0.00000 0.08221 -0.00035 0.00053 -0.00020 -0.00048 -0.00028 0.00042 0.00094 -0.00000 0.00000 -0.00000 -0.00001 -0.00035 0.00056 -0.00059 0.00000 -0.00140 0.00043 -0.00042 0.00002 0.00096 -0.00017 -0.00201 0.00056 0.00029 -0.00013 0.42979 0.00003 0.00010 -0.00331 0.01482 0.00000 0.00036 -0.00013 0.00113 -0.00128 -0.09430
0.00023 -0.00000 0.02310 -0.00018 -0.00027 -0.00014 -0.00055 0.00069 -0.00012 -0.00014 0.00016 -0.00000 -0.00017 0.00021 0.00012 0.00005 -0.00051 -0.00000 -0.00000 0.00015 -0.00061 -0.00000 0.00006 0.00040 0.00013 0.00051 0.00074 -0.00000 -0.00006 0.00092 -0.00031 0.00058 -0.00009 -0.00003 0.00007 0.00030 -0.00019 -0.00058 0.00000 0.00121 0.00027 0.00021 -0.00000 -0.00059 -0.00007 -0.00002 -0.00020 0.69273 -0.00003 0.00051
0.00000 0.00056 0.00008 -0.00030 -0.00054 -0.00055 0.00079 -0.00050 -0.00004 0.00009 -0.00030 0.00049 0.00000 -0.00042 0.00000 -0.00480 0.00045 0.00068 0.00002 -0.00096 -0.00087 -0.00000 0.00000 0.00000 -0.00004 0.00000 -0.00063 0.00000 -0.00012 0.00161 -0.00039 0.00000 -0.00000 -0.00068 -0.00039 0.00000 -0.00073 -0.00017 0.00887 -0.00043 -0.07439 -0.00047 0.00005 0.00000 0.85884 -0.00087 0.00068 -0.00015 -0.00001 -0.00139
0.00024 -0.00021 0.00021 -0.00016 0.00032 -0.00043 0.00000 0.00000 0.00030 -0.00000 0.00000 0.00015 -0.00071 0.00000 0.00009 0.00051 -0.00038 -0.00090 0.00039 -0.00055 0.00014 0.00001 -0.00007 0.00054 -0.00069 0.00095 -0.00050 -0.00122 0.00015 -0.00000 -0.00000 0.00031 -0.00115 0.00007 0.00000 0.00012 0.00237 -0.00026 -0.00048 0.00026 0.00000 0.00017 0.00092 -0.00041 -0.00162 -0.00092 0.00037 0.00013 0.00062 -0.00015
-0.00004 0.00005 0.00019 0.00199 0.00638 0.00010 0.00000 0.00022 0.00055 0.00023 -0.00057 0.00000 -0.49321 -0.00013 -0.00000 -0.00043 0.00012 -0.00025 0.00052 -0.00015 0.00004 0.00054 0.03191 0.00041 0.00038 -0.00592 0.00026 -0.00024 0.00006 -0.00007 -0.00000 0.28038 0.18927 0.00077 0.00030 -0.01753 -0.00061 0.00003 -0.00004 -0.00068 -0.05906 0.00075 -0.00091 0.00028 -0.00049 0.00000 -0.07716 0.00013 -0.00000 -0.00045
0.00079 0.00015 -0.00062 0.00064 0.00033 -0.00010 -0.00000 -0.00000 0.00034 -0.00009 0.00038 0.00027 -0.00016 0.00042 -0.00004 -0.00000 -0.10905 0.00015 -0.00005 -0.00021 0.00046 0.00020 -0.00024 -0.00017 0.00080 0.00056 -0.00002 -0.00059 0.00007 0.00093 -0.00044 -0.00009 -0.00044 0.00000 0.00048 0.00067 -0.00026 0.00000 0.21204 0.01509 0.00040 -0.00012 0.00056 -0.30834 -0.00015 -0.00011 0.00069 0.00047 0.00069 -0.00001
0.00007 -0.00006 0.00000 -0.00057 -0.00245 -0.00024 -0.00005 0.00000 -0.00751 0.00260 0.00052 -0.00007 0.00022 -0.00011 -0.00000 0.00000 0.00000 0.00097 -0.00040 -0.00033 -0.01661 -0.00054 0.00046 -0.00022 -0.00049 0.00554 0.00067 0.00004 -0.00016 -0.00000 -0.00541 0.00002 0.00044 -0.00000 0.00028 -0.00171 -0.00025 -0.00000 -0.02190 -0.03417 -0.00031 -0.00048 0.00029 -0.00000 0.00011 -0.00019 -0.00000 0.00003 -0.00020 0.00472
-0.00043 -0.00021 -0.00103 -0.00000 0.00028 -0.00086 0.00048 -0.00048 -0.00007 -0.00023 -0.00007 -0.00000 0.00361 -0.00099 -0.00059 -0.00002 0.00000 0.00000 0.00099 -0.00017 0.00030 0.00033 0.00082 0.00002 0.00068 -0.00098 0.00057 -0.00034 0.00034 -0.00148 0.00001 -0.00001 0.00329 -0.00005 -0.00011 -0.00053 -0.00000 0.00029 0.00059 -0.00004 -0.00009 0.00003 -0.00023 -0.00004 0.00014 -0.00000 -0.00018 -0.00010 -0.00046 -0.00056
-0.00000 0.00038 0.00057 0.00137 0.00110 -0.00014 -0.00005 0.00007 0.00002 -0.00000 -0.00020 -0.00010 -0.00024 0.00046 -0.00010 0.00039 -0.00006 0.00018 -0.00000 0.00010 -0.00057 -0.00037 -0.00140 -0.00049 -0.00015 0.00042 -0.00000 -0.00012 -0.00084 0.00069 -0.00000 -0.00000 -0.00164 0.00004 0.00006 -0.00012 0.00024 0.00016 -0.00019 -0.00034 -0.00016 0.00085 -0.00072 -0.00095 0.00000 -0.00000 0.00094 -0.00004 -0.00012 -0.00028
-0.00009 -0.00000 0.00002 -0.00070 -0.00050 -0.00000 -0.00069 0.00073 -0.00000 0.00015 0.00032 -0.00009 -0.00042 0.00021 0.00029 0.00062 -0.00030 -0.00000 0.00006 -0.00000 -0.00014 0.00020 0.00082 -0.00014 -0.15474 -0.00020 0.00054 0.32423 0.00013 -0.00008 -0.00007 0.00008 0.00039 -0.00022 0.00029 -0.00000 0.00014 -0.00037 0.00050 -0.00025 -0.00048 -0.00021 0.00000 0.00018 0.00016 0.00000 -0.00035 0.00000 0.00000 -0.00009
-0.00027 -0.00001 -0.00000 0.00034 -0.00055 0.00075 0.00002 -0.00000 -0.00000 -0.00000 0.00043 -0.00002 -0.00007 0.00007 -0.00029 0.00000 -0.00013 0.00073 -0.00000 -0.00032 0.00000 0.00000 -0.00000 0.00000 0.00030 -0.01775 -0.00003 -0.00011 -0.00000 0.00000 0.00053 0.00027 0.00012 0.00020 0.00106 -0.00071 0.00077 -0.00047 0.01381 0.03230 -0.00007 0.00022 -0.00049 0.00000 -0.00052 0.00086 0.00008 0.00000 -0.00029 0.00101
-0.00000 -0.16546 0.00014 -0.00000 0.00068 0.00032 0.00820 0.00065 -0.00000 -0.00039 0.15832 -0.00007 -0.12658 -0.03268 -0.00000 0.00055 -0.00135 0.00304 -0.00027 -0.00001 0.09057 0.00000 -0.00000 -0.00000 0.00015 -0.00005 0.00143 -0.00000 0.00000 -0.00006 0.00032 -0.00017 0.00000 0.00013 0.00017 -0.00052 -0.00000 -0.00000 -0.08765 0.08952 0.10932 0.00013 -0.00036 0.00063 -0.07252 0.00189 0.00101 0.00028 -0.00002 0.00123
0.00000 0.09268 -0.00007 -0.00023 -0.00112 -0.00016 -0.00837 -0.00023 -0.00012 0.00037 -0.19328 0.00017 0.14517 0.00044 0.00007 -0.00076 0.00106 -0.00049 -0.00000 0.00054 -0.02795 -0.85130 0.00000 -0.00000 -0.00001 0.00287 -0.00066 0.00027 -0.00000 0.00001 -0.00041 0.00045 0.41450 -0.00058 -0.00000 0.00279 -0.00031 0.00000 0.08511 -0.06383 -0.06538 -0.00013 0.00019 0.00028 0.03658 -0.00069 -0.00051 0.00003 0.00000 -0.00092
-0.00046 -0.10192 0.00012 -0.00049 -0.00012 0.00008 -0.00057 -0.00019 -0.00002 0.00037 0.00190 0.00008 0.00017 -0.00004 -0.00029 0.00002 -0.00005 0.00044 0.00025 0.00026 0.01187 0.20327 -0.27320 -0.00000 -0.00026 -0.05982 -0.00024 0.00076 0.15168 -0.00055 0.00038 -0.00002 0.00002 -0.00011 0.00080 -0.00334 0.00011 0.00009 0.00021 0.00123 -0.00016 0.00031 -0.00050 -0.00047 0.00007 0.00001 -0.00005 0.00006 -0.00000 0.00063
0.00025 0.00109 -0.00059 0.00058 0.00009 0.00035 0.00010 0.00032 0.00216 -0.00062 -0.00033 -0.00018 0.00110 0.00114 0.00223 0.00051 -0.00045 0.00013 0.00132 0.00000 0.00022 -0.00137 0.00220 -0.00129 0.00000 -0.00087 0.00004 0.00000 -0.00070 -0.00045 0.00142 0.00148 0.00182 0.00016 -0.00019 0.00075 0.00070 0.00019 -0.00048 0.00038 -0.00012 0.00081 -0.00000 -0.00071 0.00053 0.00014 0.00004 0.00021 0.00099 -0.00040
0.00000 0.02780 -0.00126 -0.00103 -0.00104 -0.00049 -0.00015 -0.00052 -0.00009 -0.00011 0.00049 0.00095 -0.09140 -0.00011 -0.00067 0.00031 0.00039 -0.00020 0.00054 -0.00021 -0.00028 -0.00000 -0.00208 0.00000 0.00044 -0.00000 0.00056 -0.00000 -0.00007 0.00000 0.00032 -0.00031 -0.17844 0.00010 0.00000 0.00058 -0.00016 0.00012 -0.06276 0.00042 0.00111 -0.00001 -0.00063 0.00208 -0.00468 0.00010 -0.00072 0.00131 -0.00006 0.00019
0.00013 -0.00006 -0.00019 -0.00022 -0.00059 0.00013 -0.00018 -0.00038 -0.00039 0.00009 0.00024 0.00108 0.00011 -0.00019 0.00075 -0.00008 0.00039 0.00042 -0.00025 0.00046 0.00031 0.00103 0.00019 0.00056 -0.00008 0.00017 0.00000 0.00011 0.00067 -0.00048 0.00082 0.00005 0.00096 0.00013 -0.00028 0.00048 -0.00005 -0.00016 -0.00017 0.00026 0.00038 0.00000 0.00017 0.00013 0.00116 0.00033 -0.00067 0.00064 0.00064 0.00125
-0.00042 0.00007 0.00033 -0.00125 -0.00022 -0.00034 0.00000 0.00047 -0.00000 0.00004 0.00019 -0.00008 -0.00113 -0.00035 -0.00001 -0.00025 0.00013 -0.00001 -0.00092 -0.00000 -0.00024 0.00006 -0.00173 0.00025 -1.29941 0.00037 0.00014 -0.00000 -0.00004 -0.00023 0.00000 -0.00068 -0.00151 -0.00028 0.00007 -0.00040 -0.00035 -0.00008 0.00037 -0.00011 -0.00020 -0.00048 -0.00050 0.00022 0.00000 0.00001 -0.00031 -0.00056 -0.00031 0.00008
-0.00000 -0.06749 0.00052 -0.00014 -0.00057 -0.00008 -0.00001 0.00003 -0.00041 0.00000 0.00378 -0.00011 -0.00309 -0.00003 0.00027 0.00003 -0.00045 0.00034 -0.00012 -0.00119 0.67596 0.11331 -0.17770 0.00000 0.00062 -0.00019 -0.00026 -0.00100 -0.00000 -0.00000 0.00025 0.00009 -0.01349 0.00006 0.00018 -0.00413 0.00000 -0.00023 0.00014 -0.00000 0.00490 0.00038 -0.00054 -0.00000 -0.00301 0.00016 -0.00003 0.00008 -0.00042 0.00006
-0.00015 0.00011 0.15314 -0.00005 0.00000 -0.00000 0.00035 0.00176 0.00003 0.10061 -0.00000 0.00008 -0.00111 0.00015 0.00000 0.00075 -0.00032 -0.00035 -0.00002 0.00000 -1.05973 0.00000 -0.00159 0.00950 0.00012 -0.00011 -0.00007 -0.00012 0.31036 -0.00000 0.00002 -0.00021 -0.00232 0.00000 0.00016 -0.00025 0.00004 0.00004 0.00042 0.00032 -0.00013 0.00001 0.00016 -0.12265 0.00016 -0.00023 -0.00023 0.00000 -0.00024 0.00015
0.00003 -0.00012 -0.00111 0.00000 -0.00000 0.00022 -0.00025 0.00037 0.00000 0.00001 0.00026 0.00058 0.00183 -0.06155 -0.00094 -0.00037 -0.00085 -0.00000 -0.00067 -0.00030 0.00000 -0.00074 0.00139 -0.00064 0.00130 0.00000 0.00071 -0.00017 -0.00072 -0.00127 0.00000 -0.00003 0.00156 0.00087 -0.22894 0.00008 -0.00013 -0.00000 -0.00000 -0.00022 -0.00003 -0.00017 -0.00010 0.00000 0.00046 0.00015 -0.00000 -0.00012 -0.00038 0.00014
-0.00000 -0.00039 0.00037 0.02381 0.16988 0.00032 0.00023 -0.00013 0.00015 -0.00002 -0.00047 0.00020 -0.17013 0.00021 -0.00000 -0.00002 -0.00002 -0.00043 0.00025 0.00020 0.00059 -0.00006 0.00108 -0.00021 0.00038 -0.00139 0.00003 -0.00000 -0.00001 -0.00013 -0.00041 0.00000 0.00062 0.00023 -0.00004 -0.00020 -0.00030 0.00021 0.00041 -0.00063 -0.04536 0.00015 -0.00040 -0.00049 -0.03607 -0.00000 -0.57976 -0.00016 0.00000 -0.00046
0.00000 -0.00000 0.00005 0.00045 -0.00015 -0.00029 0.00065 -0.00123 0.00030 0.00013 -0.03253 0.00083 1.02220 0.00016 0.00000 -0.00269 0.00028 0.00028 0.00016 -0.00071 -0.00029 -0.26015 -0.00000 0.00000 -0.00006 0.00000 -0.00025 0.00008 0.00000 0.00077 -0.00063 0.02512 -0.00000 -0.00044 0.00016 0.00000 -0.00024 0.00015 0.17672 -0.00089 -0.62068 0.00000 0.00000 0.00041 0.19862 -0.00003 -0.00039 -0.00011 -0.00000 -0.00067
-0.00011 -0.00011 -0.00044 -0.00079 -0.00080 0.00002 -0.00068 -0.00017 -0.00000 0.00000 0.00046 -0.00000 0.00017 0.00011 0.00022 -0.00040 -0.00000 -0.00005 -0.00007 -0.00030 0.00032 -0.00004 -0.00133 -0.00004 0.00034 0.00032 0.00024 -0.00031 0.00037 -0.00063 0.00031 0.00047 -0.00168 0.00000 -0.00002 -0.00000 -0.00054 0.00017 -0.00003 0.00037 -0.00000 -0.00002 -0.00002 -0.00026 -0.00012 0.00013 -0.00101 0.00005 -0.00025 0.00006
-0.00018 0.00000 0.00000 0.00000 0.00009 -0.00012 0.02851 -0.00001 -0.00100 0.00000 -0.00000 0.00011 0.00019 0.43202 0.00030 0.00047 0.00019 -0.00012 0.00000 0.00045 0.00067 0.00041 -0.00004 0.00036 -0.00062 0.00017 -0.00066 -0.00029 0.00069 0.00014 -0.00000 0.00012 -0.00268 -0.00012 0.00000 0.00007 0.00001 0.00013 0.00002 0.00067 -0.00062 0.00040 0.00000 -0.00064 -0.00018 -0.00008 0.00030 -0.00019 -0.00001 0.00116
-0.00051 -0.39874 0.00025 -0.00022 -0.00169 -0.00001 -0.00014 0.00007 0.00003 -0.00036 -0.00000 -0.00007 0.00109 0.00063 -0.00015 0.00060 -0.00014 -0.00017 -0.00043 -0.00004 -0.00005 -0.00216 0.00017 -0.00187 0.00014 0.00055 0.00014 -0.00031 -0.00129 -0.00063 -0.00005 -0.00010 -0.13414 0.00004 -0.00000 -0.00000 -0.00000 0.00044 -0.00245 0.00024 -0.52401 -0.00044 -0.00008 -0.00015 0.00125 -0.00000 0.00020 -0.00015 -0.00021 0.00001
0.00081 0.00000 -0.00006 0.00021 -0.00030 0.00022 -0.00016 0.00001 0.00009 0.00056 0.00026 0.00064 -0.00050 0.00011 -0.00048 0.00015 0.00000 0.00017 0.00005 -0.00068 0.00048 0.00036 -0.00076 0.00070 0.00029 0.00000 0.00001 -0.00110 0.00099 -0.00006 0.00000 -0.00039 -0.00052 -0.00042 -0.00010 -0.00027 -0.00000 -0.00029 -0.00054 0.00011 0.00027 0.00014 -0.00007 -0.00017 -0.00050 -0.00007 0.00026 -0.00005 0.00036 0.00025
-0.00078 -0.00060 0.00021 -0.00011 -0.00004 -0.00021 0.00035 -0.18554 0.00071 0.00000 0.00000 -0.00065 0.00107 -0.00014 -0.00010 0.00161 0.04834 0.00035 -0.00005 -0.00014 -0.00049 -0.00143 0.00182 -0.00150 0.00008 -0.00053 0.00002 -0.00020 -0.00153 0.00036 0.00000 0.00003 0.00182 0.00001 0.00008 0.00054 -0.00036 -0.00000 0.00026 -0.00042 -0.00100 0.00000 -0.00088 -0.00148 0.00049 0.00006 -0.00009 -0.00030 -0.00028 -0.00071
0.00000 0.00000 -0.00025 0.00095 0.00003 -0.00007 0.00016 -0.00014 0.00030 -0.00018 -0.00101 0.00201 0.00005 0.00023 0.00006 -0.00000 -0.00000 0.00006 0.00005 0.00034 -0.00028 0.00000 0.00000 0.00004 0.00004 -0.00000 -0.00109 0.00000 -0.00023 0.00038 -0.00050 0.00061 -0.00000 -0.00040 0.00000 0.00002 -0.00061 0.00025 -0.00000 -0.00023 -0.00001 0.00007 0.00019 0.00000 -0.00000 -0.00033 0.00000 0.00075 -0.00001 -0.00406
-0.00106 -0.01125 -0.00092 -0.00014 0.00012 -0.00012 -0.00000 -0.00000 0.00000 -0.00025 0.00000 0.00070 -0.00023 0.02251 -0.00050 0.00000 -0.00021 -0.00051 0.00000 0.00018 0.00025 0.00000 -0.00000 0.00018 -0.00003 -0.00890 0.00047 0.00041 0.00019 -0.00000 0.00008 -0.00033 -0.00028 0.00021 0.00006 -0.00073 0.00062 -0.00002 -0.00058 0.00000 -0.00067 -0.00000 -0.00081 -0.00000 -0.00009 0.00025 0.00073 0.00059 -0.00438 0.00000
0.00000 0.00000 -0.00041 -0.00032 -0.00012 -0.00095 -0.00036 0.00120 0.00027 -0.00024 0.00343 -0.00004 -0.00000 0.00018 -0.00000 0.00113 -0.00014 -0.00077 -0.00002 0.00099 0.00108 0.00000 0.00000 -0.00000 -0.00016 -0.00000 0.00045 0.00062 0.00004 -0.00092 0.00073 -0.00005 0.00000 0.00010 0.00002 0.00000 0.00023 -0.00033 -0.04887 0.00012 0.00000 0.00001 -0.00014 0.00019 -0.00000 0.00113 0.00021 0.00169 0.00018 0.00000
0.00054 0.00005 0.00012 0.00048 0.00057 -0.00041 -0.00032 -0.00015 -0.00015 -0.00003 0.00023 0.00011 -0.00058 0.00016 0.00091 0.00074 0.00005 0.00000 0.00099 0.00033 0.00026 -0.00010 -0.00108 0.00010 -0.00003 0.00003 -0.00006 0.00009 0.00008 0.00027 -0.00016 0.00022 -0.00006 -0.00019 0.00050 0.00000 0.00011 -0.00004 0.00010 -0.00006 -0.00018 -0.00000 0.00050 -0.00048 -0.00008 -0.00013 -0.00011 -0.00006 0.00043 -0.00020
0.31520 -0.00106 0.00000 0.00020 0.00031 -0.00008 -0.00027 -0.00020 -0.00029 0.00000 -0.00044 -0.00019 -0.01534 -0.00031 -0.00089 -0.00003 0.00000 -0.00009 -0.00029 -0.00000 -0.00000 -0.01387 0.02000 -0.00000 -0.00002 -0.00039 0.00016 0.00000 -0.00019 -0.00008 -0.00014 -0.00040 -0.07168 -0.00002 -0.00027 0.00037 -0.00000 -0.00000 -0.01439 -0.00004 0.00092 0.00021 -0.00000 -0.00039 -0.00232 0.00004 0.00033 0.00031 0.41164 0.00006
-0.00020 -0.00005 0.00000 -0.00110 -0.00002 -0.00004 0.00022 0.00000 -0.00198 0.00205 0.00002 -0.00002 -0.00080 -0.00030 0.00001 0.00000 0.87438 -0.00013 -0.00036 -0.00012 -0.40309 0.00038 -0.00107 0.00036 -0.00018 0.00228 0.00001 0.00032 0.07099 -0.00000 -0.00061 0.00007 -0.00099 -0.00033 -0.00050 -0.00028 -0.00018 -0.00001 -0.14030 -0.25351 0.00033 0.00039 -0.00000 -0.00000 -0.00063 -0.00008 -0.00055 -0.00000 -0.00006 0.04241
0.00000 0.00396 0.00045 0.00000 -0.00065 -0.00024 0.00092 -0.00044 -0.00055 0.00006 -0.03399 0.00115 0.00000 -0.00096 0.00000 -0.00270 0.00046 0.00029 0.00002 -0.00230 -0.00091 -0.00000 0.00000 -0.00004 -0.00112 0.00000 -0.00032 -0.00039 -0.00118 0.00515 -0.00055 0.00000 -0.00000 -0.00063 -0.00051 0.00014 -0.00156 -0.00037 0.06922 -0.02596 -0.18082 -0.00027 0.00031 -0.00000 0.00000 -0.00166 0.00156 -0.00213 -0.00021 -0.00649
-0.00153 -0.00020 0.00000 -0.00007 0.00012 -0.00004 -0.00020 -0.00012 -0.00031 -0.00024 0.00019 -0.00000 0.00032 -0.00037 -0.00019 -0.00023 0.00004 0.67914 0.00001 0.00001 0.00038 0.00010 -0.00001 0.00009 -0.00000 -0.00003 0.00078 -0.00002 0.00043 -0.00034 0.00000 0.00004 0.00085 -0.00000 -0.00014 -0.00033 -0.00002 -0.00013 0.00005 0.00012 0.00011 -0.00007 -0.00125 0.00015 0.00022 -0.00000 -0.00021 -0.00006 -0.00142 0.00021
0.00023 -0.00005 0.00085 -0.00000 0.00000 0.00026 -0.00070 0.00003 -0.00147 -0.00093 0.00000 -0.00036 0.01674 0.00979 -0.00000 0.00114 -0.00342 0.00000 0.00091 -0.00025 0.00009 0.00017 -0.00403 0.00008 -0.00015 0.00034 -0.00031 -0.00079 -0.00001 -0.00000 -0.06454 0.00000 -0.00047 -0.00256 0.02222 -0.00084 -0.00003 -0.00000 -0.00137 0.00035 0.00021 0.00033 0.00029 -0.00037 0.00263 -0.00005 0.00000 0.00000 0.00024 0.00032
0.00000 0.00010 -0.39994 -0.00040 -0.00053 0.00008 -0.00246 -0.16531 -0.00019 -0.00016 0.00025 -0.00000 0.00020 0.00022 0.00013 -0.00000 0.07189 -0.00026 0.00003 0.00100 -0.07645 -0.00003 0.00013 0.00029 -0.00048 0.00032 0.00076 -0.00001 -0.00008 0.00988 -0.00035 0.00006 0.00015 -0.00034 -0.00001 -0.00284 0.00000 -0.00019 0.00136 0.00253 -0.00006 0.00021 -0.00012 0.00083 0.00048 -0.00015 -0.00041 0.00000 -0.00009 0.00034
0.50100 0.00005 0.00026 0.00028 0.00005 0.00029 -0.00001 -0.00042 -0.00006 -0.00024 -0.00218 -0.00026 -0.04363 0.00067 0.00017 0.00000 0.00006 -0.00034 -0.00061 -0.00018 -0.00057 -0.02787 0.02430 0.00035 0.00001 -0.00022 0.00039 -0.00052 -0.00018 -0.00011 -0.00040 0.00002 -0.06630 -0.00032 -0.00000 -0.00007 -0.00003 -0.00023 -0.03350 -0.00006 0.02004 0.00052 -0.00000 -0.00018 -0.01371 -0.00033 0.00011 -0.00000 0.00000 -0.00019
-0.00039 0.00011 -0.00003 -0.00030 -0.00019 -0.00005 0.00000 0.00000 0.00000 -0.00026 -0.00000 -0.00003 -0.00026 -0.00033 0.00016 -0.00005 -0.00027 0.00003 -0.00003 -0.00012 0.00011 0.00033 -0.00060 0.00051 -0.00103 0.00054 0.00072 0.00159 0.00032 0.00055 0.00006 -0.00009 -0.00106 -0.00013 0.00013 0.00004 -0.00000 -0.00059 -0.00003 0.84570 -0.00035 -0.00008 -0.00005 0.00000 -0.00033 0.00011 0.00015 -0.00012 0.00011 -0.00000
