-0.00000 -0.68965 -0.00012 0.00087 -0.00886 0.00010 -0.01382 -0.01875 0.66567 -0.22516
0.00001 0.00000 0.00000 -0.00716 -0.10206 -0.00010 -0.00172 -0.00220 0.00006 0.00000
-0.01696 -0.64541 -0.00000 0.00006 0.20344 0.07952 -0.00822 -0.00010 0.01543 -0.93497
0.00020 0.00154 -0.00369 0.00000 -0.00051 -0.00024 0.00263 0.00031 -0.00526 0.00438
-0.00050 0.00003 -0.00004 -0.00001 -0.00000 0.00009 0.00872 0.00029 -0.00006 -0.00001
-0.10078 0.11368 0.00003 -0.00453 0.02717 -0.00000 -0.05362 -0.04397 -0.74764 -0.12222
0.00158 0.00716 0.00133 0.00262 0.00039 0.00032 0.00000 -0.00000 0.00024 -0.00115
-0.00019 -0.00167 0.01341 0.00015 0.00037 0.00045 0.90961 -0.00000 -0.00069 -0.01195
-0.00000 -0.13950 -0.00022 0.00131 -0.02454 0.00000 -0.01804 -0.01249 0.00000 0.01678
0.00001 0.31140 0.00000 0.00028 -0.13312 -0.00000 -0.01447 -0.00095 -0.00012 0.00000
