-0.00000 0.01256 0.04149 0.00000 0.00284 -0.00000 0.00000 -0.60435 0.07213 0.00000 -0.00010 -0.00019 0.00000 -0.00968 -0.00001 0.00000 0.51977 -0.00000 -0.00000 0.00002 0.00000 0.00003 -0.00000 -0.00000 0.00000 0.00000 0.00000 0.00000 0.00000 -0.00000
0.00000 0.00000 -0.00000 -0.00052 0.94397 -0.00021 -0.00004 0.00000 -0.00000 0.00000 -0.03000 -0.87935 0.00002 0.09199 -0.01575 -0.00083 0.00000 -0.00000 0.00000 -0.07479 0.00011 0.03373 0.00255 0.00000 0.00000 -0.00000 0.00000 -0.00000 0.00000 0.00000
0.00000 1.63869 -0.00000 -0.00018 0.37398 -0.00005 -0.00002 -0.00000 -0.00000 0.00000 -0.00605 -0.08890 0.00001 0.01474 -0.00544 -0.00007 0.00000 -0.00000 0.00000 -0.01743 0.00005 0.00920 0.00084 0.00000 0.00000 0.00000 -0.00000 0.00000 0.00000 -0.00000
-0.00003 -0.00000 0.00000 0.00000 0.00000 1.23698 0.19661 0.00002 -0.00000 -0.00027 0.00000 0.00000 0.34238 0.07441 0.00000 0.00000 0.00000 -0.00000 -0.00757 0.00000 -0.06558 -0.00000 -0.00000 0.00412 -0.00045 -0.00036 -0.00009 -0.01451 0.00016 0.00046
-0.00000 0.00000 -0.00000 -0.00437 0.00000 -0.00188 -0.00049 0.00000 -0.00000 0.00000 -0.20738 -0.00000 0.00050 -0.55299 -0.21016 -0.00499 0.00000 -0.00000 -0.00000 -0.39615 -0.00086 0.18462 0.01363 0.00000 -0.00000 0.00000 0.00000 -0.00007 -0.00000 -0.00000
-0.00019 0.00000 0.00000 0.00000 0.00000 0.00000 1.18862 0.00015 -0.00000 -0.00113 0.00000 0.00000 0.70837 0.15932 0.00000 0.00000 0.00002 -0.00000 -0.02199 0.00000 -0.15768 -0.00000 -0.00000 0.01269 -0.00019 -0.00014 -0.00068 -0.10264 0.00040 0.00552
-0.00335 0.00000 0.00000 0.00000 0.00000 0.00000 0.00000 0.00140 -0.00002 -0.00759 0.00000 0.00000 0.26498 0.06471 -0.00000 0.00000 -0.00000 0.00000 -0.10013 -0.00000 -0.31468 -0.00000 -0.00000 0.07779 0.00093 0.00000 -0.00244 -0.06791 0.00238 0.02860
0.00000 -0.06367 -0.06957 -0.00000 0.00053 0.00000 -0.00000 0.00000 -0.43960 0.00000 -0.00044 0.03776 -0.00000 -0.11319 0.00017 0.00000 -0.62549 -0.00000 -0.00000 0.00023 0.00000 0.00035 0.00003 -0.00000 0.00000 0.00000 -0.00000 0.00000 0.00000 0.00000
-0.00000 0.43683 1.50517 -0.00000 0.10292 -0.00001 -0.00000 -0.00000 0.00000 0.00000 -0.00186 0.00017 0.00000 -0.05042 -0.00076 -0.00005 0.00000 -0.00000 -0.00000 -0.00269 -0.00000 0.00335 0.00020 -0.00000 0.00000 0.00000 0.00000 -0.00000 0.00000 0.00000
-2.32427 -0.01118 -0.03797 -0.00000 0.00128 -0.00000 -0.00000 0.23026 -0.04099 0.00000 -0.00006 0.00858 0.00000 -0.20257 0.00003 0.00000 0.09140 -0.00000 -0.00000 0.00021 -0.00000 0.00013 -0.00000 -0.00000 0.00000 0.00000 0.00000 0.00000 0.00000 0.00000
-0.00000 0.00000 -0.00000 -0.01578 -0.00000 0.00270 -0.00544 0.00000 0.00000 0.00002 0.00000 0.00000 0.00079 0.12982 -0.21580 0.27147 0.00000 -0.00000 -0.00029 0.10307 0.02224 -0.00139 -0.16745 0.00016 0.00001 -0.00001 0.00000 0.00301 0.00002 -0.00008
0.00000 -0.00000 -0.00000 -0.00035 -1.71803 -0.00038 -0.00005 0.00000 -0.00000 0.00000 0.12939 0.00000 -0.00027 0.50124 0.09333 0.01128 0.00000 -0.00000 0.00000 0.25590 0.00145 0.01378 -0.00271 -0.00000 -0.00000 -0.00000 -0.00000 0.00000 0.00000 -0.00000
-0.00222 0.00000 0.00000 0.00000 0.00000 0.00000 0.00000 -0.00056 -0.00000 -0.00040 0.00000 -0.00000 0.00000 -0.00925 -0.00000 0.00000 -0.00003 0.00000 -0.00000 0.00000 -0.00000 -0.00000 -0.00000 0.04589 -0.00501 -0.00455 0.00540 -1.47429 -0.00151 0.00132
0.00000 0.00000 -0.00000 0.00000 -0.00000 0.00000 0.00000 0.00000 -0.00000 0.00000 0.00000 0.00000 -0.00000 0.00000 0.00000 0.00000 0.00000 -0.00000 -0.00000 0.00000 -0.00000 -0.00000 -0.00000 -0.00000 0.00000 -0.00000 -0.00000 0.00000 -0.00000 -0.00000
0.00000 -0.00000 -0.00000 0.40830 0.00000 0.04791 -0.00424 0.00000 0.00000 -0.00000 0.00000 0.00000 0.00255 0.00036 0.00000 0.24013 0.00000 -0.00000 -0.00023 0.00000 0.05965 -0.00000 -0.41260 0.00041 -0.00001 -0.00013 -0.00000 0.00335 -0.00001 -0.00020
-0.00004 -0.00000 -0.00000 1.85932 0.00000 0.16700 -0.19621 0.00000 0.00000 -0.00032 0.00000 0.00000 0.33775 -0.19584 0.00000 0.00000 -0.00000 -0.00000 -0.00629 0.00000 -0.01102 -0.00000 -0.00000 0.00245 -0.00058 0.00009 -0.00005 0.00414 0.00007 0.00012
0.00000 0.05715 0.33702 -0.00000 0.02447 -0.00000 -0.00000 0.00000 1.21314 0.00000 -0.00033 0.01505 0.00000 -0.03497 -0.00011 -0.00006 0.00000 -0.00000 -0.00000 0.00031 -0.00000 0.00086 0.00013 -0.00000 0.00000 0.00000 0.00000 0.00000 0.00000 0.00000
-0.33533 -0.05887 -0.13273 -0.01902 1.07471 -0.09539 -0.17074 0.06211 -0.03415 -0.27387 0.33810 0.99860 0.17749 -0.23915 -0.02177 0.02275 0.11361 -0.00000 -0.01798 -0.01521 0.09121 0.17743 0.02272 0.02101 0.00480 0.07329 0.00571 0.23199 0.00186 0.02012
-0.09185 -0.00277 -0.00403 -0.00000 -0.00003 -0.00000 -0.00000 -0.10297 0.00941 -0.14693 -0.00001 0.00124 0.22411 -0.26298 0.00001 -0.00000 0.10123 -0.00001 -0.00000 -0.00009 -0.06858 0.00005 0.00000 -0.54396 -0.70050 -0.44054 -0.27477 0.07512 -0.08075 -0.70475
0.00000 -0.00000 -0.00000 0.04434 0.00000 0.00133 -0.00282 0.00000 0.00000 0.00000 -0.00000 0.00000 0.00257 -0.14985 0.86775 0.22934 0.00000 -0.00000 -0.00007 0.00000 0.01438 -0.62595 -0.28740 0.00009 0.00000 -0.00001 -0.00000 -0.00016 -0.00001 -0.00003
-0.00017 -0.00000 -0.00000 -0.00000 0.00000 -0.00000 -0.00000 0.00080 0.00000 -0.00471 -0.00000 0.00000 -2.12918 0.36895 0.00000 0.00000 0.00033 -0.00000 -0.00000 -0.00000 0.00000 0.00000 -0.00000 0.02774 0.00342 0.01096 -0.00287 0.77809 0.00361 0.02261
0.00000 -0.00000 -0.00000 -0.38345 0.00000 -0.04770 -0.02504 -0.00000 0.00000 0.00001 0.00000 0.00000 0.00806 0.06203 -0.45990 -0.15878 0.00000 -0.00000 -0.00021 0.00000 0.02181 -0.00000 0.46979 0.00025 -0.00000 -0.00010 -0.00000 0.00460 -0.00002 -0.00023
-0.00000 -0.00000 -0.00000 -0.67458 0.00000 -0.52757 -0.32956 -0.00000 0.00000 -0.00008 0.00000 0.00000 0.12097 0.13158 0.00000 -0.65254 0.00000 -0.00000 -0.00272 0.00000 0.36125 -0.00000 -0.00000 0.00110 -0.00027 0.00005 -0.00005 0.02465 0.00014 -0.00028
-0.62280 0.00100 0.00087 0.00000 0.00040 -0.00000 0.00000 0.25509 -0.00881 -0.71645 0.00000 0.00048 0.00000 0.46863 -0.00000 0.00000 -0.00857 0.00000 -0.00000 0.00001 -0.00000 0.00000 -0.00000 -0.00000 -0.91168 -1.13462 -0.20971 0.00000 -0.43485 -0.75900
-0.69113 -0.00339 -0.00844 0.00000 0.00105 -0.00000 -0.00000 0.51893 -0.03736 1.29105 -0.00008 0.00294 0.00000 -0.10991 0.00001 0.00000 -0.06340 -0.00000 -0.00000 -0.00010 0.00000 0.00004 -0.00000 -0.00000 0.00000 0.00000 0.00000 0.00000 0.00000 0.00000
-0.48093 -0.00256 -0.00853 -0.00000 0.00059 -0.00000 -0.00000 0.17813 -0.00941 0.36067 0.00001 0.00214 0.00000 -0.01188 0.00000 0.00000 0.00647 0.00000 -0.00000 -0.00007 0.00000 -0.00002 -0.00000 -0.00000 1.02990 0.00000 0.00000 -0.00000 0.00000 0.00000
-0.13211 0.00315 -0.10005 0.00000 0.01380 -0.00000 -0.00000 -0.53647 -0.23508 -0.05939 0.00121 -0.00197 0.00000 -0.01763 0.00003 0.00001 -0.35585 -0.00007 -0.00000 0.00047 -0.00000 0.00007 0.00000 -0.00000 0.09463 0.36389 0.00000 0.00000 -0.13071 -0.02210
-0.00052 -0.00000 -0.00004 -0.00000 -0.00000 -0.00000 -0.00000 0.00510 0.00017 -0.00148 -0.00000 0.00003 -0.00000 -0.00543 0.00000 -0.00000 0.00135 -0.00000 0.00000 -0.00000 0.00000 0.00000 0.00000 -0.16153 0.05123 0.09950 -0.02360 0.00000 0.00661 0.03012
-0.17738 -0.05340 0.02602 0.00000 0.00539 -0.00000 -0.00000 0.12802 -0.00497 -0.01202 0.00010 0.01708 0.00000 -0.03644 0.00012 0.00000 0.17121 -0.00001 -0.00000 -0.00000 0.00000 0.00028 0.00005 -0.00000 0.18063 0.27289 0.00000 0.00000 0.00000 0.28585
-0.38763 -0.00017 0.00397 0.00000 0.00154 -0.00000 -0.00000 0.35622 -0.02595 -0.06615 -0.00008 0.00313 0.00000 0.02825 0.00000 0.00000 0.00991 -0.00000 -0.00000 0.00000 0.00000 0.00007 -0.00000 -0.00000 0.28038 0.56766 0.00000 0.00000 0.00000 0.00000
