1.000 0.019 0.019 0.020 0.016 0.021 0.018 0.018 0.018 0.020 0.019 0.020 0.015 0.015 0.020 0.018 0.019 0.019 0.019 0.018 0.019 0.019 0.019 0.022 0.019 0.018 0.020 -0.001 0.020 0.020
0.019 1.000 -0.012 -0.012 -0.019 -0.012 -0.017 -0.017 -0.013 -0.014 -0.015 -0.014 -0.019 -0.021 -0.013 -0.013 -0.012 -0.012 -0.017 -0.013 -0.014 -0.013 -0.012 -0.012 -0.012 -0.013 -0.014 -0.032 -0.013 -0.012
0.019 -0.012 1.001 0.010 0.010 0.011 0.011 0.009 0.007 0.009 0.009 0.011 0.011 0.011 0.011 0.007 0.008 0.008 0.010 0.007 0.009 0.008 0.008 0.012 0.008 0.007 0.011 0.006 0.009 0.009
0.020 -0.012 0.010 1.001 -0.000 -0.000 -0.001 0.002 -0.001 0.001 0.001 0.000 -0.004 -0.002 -0.001 -0.001 -0.002 -0.001 0.001 -0.001 0.001 0.000 -0.002 -0.001 -0.002 -0.000 -0.001 0.000 0.000 -0.001
0.016 -0.019 0.010 -0.000 1.001 0.001 0.009 0.005 -0.002 0.001 0.004 0.003 0.018 0.018 0.003 -0.002 -0.002 -0.002 0.006 -0.002 0.002 -0.001 -0.002 0.003 -0.002 -0.002 0.005 0.048 0.001 -0.000
0.021 -0.012 0.011 -0.000 0.001 1.001 -0.028 -0.026 -0.022 -0.024 -0.025 -0.026 -0.030 -0.029 -0.026 -0.022 -0.022 -0.022 -0.027 -0.022 -0.025 -0.023 -0.022 -0.026 -0.022 -0.022 -0.027 -0.035 -0.024 -0.024
0.018 -0.017 0.011 -0.001 0.009 -0.028 1.002 -0.000 0.002 0.000 0.001 -0.000 0.006 0.005 0.001 0.002 0.002 0.002 -0.000 0.002 0.000 0.001 0.002 0.000 0.002 0.002 0.002 0.010 0.001 0.001
0.018 -0.017 0.009 0.002 0.005 -0.026 -0.000 1.001 0.007 0.009 0.009 0.009 0.009 0.009 0.009 0.007 0.007 0.007 0.010 0.007 0.009 0.008 0.007 0.009 0.007 0.008 0.009 0.011 0.009 0.008
0.018 -0.013 0.007 -0.001 -0.002 -0.022 0.002 0.007 1.001 0.002 0.001 0.001 -0.008 -0.007 0.001 0.004 0.003 0.003 0.000 0.004 0.002 0.004 0.004 0.000 0.003 0.004 -0.001 -0.017 0.002 0.002
0.020 -0.014 0.009 0.001 0.001 -0.024 0.000 0.009 0.002 1.001 -0.007 -0.008 -0.003 -0.005 -0.007 -0.007 -0.007 -0.007 -0.007 -0.007 -0.008 -0.007 -0.007 -0.008 -0.007 -0.007 -0.007 -0.004 -0.008 -0.007
0.019 -0.015 0.009 0.001 0.004 -0.025 0.001 0.009 0.001 -0.007 1.001 -0.001 0.010 0.010 -0.001 -0.006 -0.006 -0.005 0.002 -0.005 -0.002 -0.004 -0.006 -0.001 -0.005 -0.005 0.001 0.031 -0.003 -0.004
0.020 -0.014 0.011 0.000 0.003 -0.026 -0.000 0.009 0.001 -0.008 -0.001 1.002 -0.010 -0.010 -0.004 -0.004 -0.003 -0.003 -0.007 -0.004 -0.004 -0.003 -0.004 -0.003 -0.004 -0.004 -0.004 -0.016 -0.004 -0.003
0.015 -0.019 0.011 -0.004 0.018 -0.030 0.006 0.009 -0.008 -0.003 0.010 -0.010 1.002 0.006 -0.004 -0.006 -0.005 -0.005 -0.003 -0.006 -0.005 -0.005 -0.005 -0.004 -0.005 -0.006 -0.002 0.021 -0.005 -0.005
0.015 -0.021 0.011 -0.002 0.018 -0.029 0.005 0.009 -0.007 -0.005 0.010 -0.010 0.006 1.002 0.011 0.007 0.008 0.007 0.014 0.007 0.009 0.007 0.007 0.010 0.007 0.007 0.014 0.045 0.009 0.008
0.020 -0.013 0.011 -0.001 0.003 -0.026 0.001 0.009 0.001 -0.007 -0.001 -0.004 -0.004 0.011 1.002 0.028 0.028 0.028 0.030 0.028 0.029 0.028 0.028 0.028 0.028 0.028 0.028 0.037 0.028 0.028
0.018 -0.013 0.007 -0.001 -0.002 -0.022 0.002 0.007 0.004 -0.007 -0.006 -0.004 -0.006 0.007 0.028 1.002 -0.015 -0.015 -0.020 -0.014 -0.018 -0.015 -0.015 -0.021 -0.015 -0.014 -0.021 -0.026 -0.017 -0.017
0.019 -0.012 0.008 -0.002 -0.002 -0.022 0.002 0.007 0.003 -0.007 -0.006 -0.003 -0.005 0.008 0.028 -0.015 1.002 -0.027 -0.031 -0.027 -0.030 -0.028 -0.027 -0.029 -0.027 -0.028 -0.030 -0.048 -0.029 -0.028
0.019 -0.012 0.008 -0.001 -0.002 -0.022 0.002 0.007 0.003 -0.007 -0.005 -0.003 -0.005 0.007 0.028 -0.015 -0.027 1.003 0.020 0.020 0.022 0.022 0.019 0.021 0.019 0.021 0.019 0.011 0.022 0.021
0.019 -0.017 0.010 0.001 0.006 -0.027 -0.000 0.010 0.000 -0.007 0.002 -0.007 -0.003 0.014 0.030 -0.020 -0.031 0.020 1.005 0.020 0.023 0.021 0.020 0.022 0.020 0.020 0.024 0.044 0.022 0.021
0.018 -0.013 0.007 -0.001 -0.002 -0.022 0.002 0.007 0.004 -0.007 -0.005 -0.004 -0.006 0.007 0.028 -0.014 -0.027 0.020 0.020 1.004 0.056 0.054 0.054 0.056 0.054 0.054 0.063 0.134 0.055 0.054
0.019 -0.014 0.009 0.001 0.002 -0.025 0.000 0.009 0.002 -0.008 -0.002 -0.004 -0.005 0.009 0.029 -0.018 -0.030 0.022 0.023 0.056 1.007 0.020 0.018 0.022 0.018 0.019 0.023 0.048 0.021 0.020
0.019 -0.013 0.008 0.000 -0.001 -0.023 0.001 0.008 0.004 -0.007 -0.004 -0.003 -0.005 0.007 0.028 -0.015 -0.028 0.022 0.021 0.054 0.020 1.007 0.006 0.014 0.006 0.007 0.015 0.041 0.010 0.010
0.019 -0.012 0.008 -0.002 -0.002 -0.022 0.002 0.007 0.004 -0.007 -0.006 -0.004 -0.005 0.007 0.028 -0.015 -0.027 0.019 0.020 0.054 0.018 0.006 1.006 -0.019 -0.014 -0.015 -0.017 -0.008 -0.017 -0.016
0.022 -0.012 0.012 -0.001 0.003 -0.026 0.000 0.009 0.000 -0.008 -0.001 -0.003 -0.004 0.010 0.028 -0.021 -0.029 0.021 0.022 0.056 0.022 0.014 -0.019 1.008 0.042 0.043 0.044 0.035 0.044 0.043
0.019 -0.012 0.008 -0.002 -0.002 -0.022 0.002 0.007 0.003 -0.007 -0.005 -0.004 -0.005 0.007 0.028 -0.015 -0.027 0.019 0.020 0.054 0.018 0.006 -0.014 0.042 1.008 0.014 0.016 0.033 0.015 0.014
0.018 -0.013 0.007 -0.000 -0.002 -0.022 0.002 0.008 0.004 -0.007 -0.005 -0.004 -0.006 0.007 0.028 -0.014 -0.028 0.021 0.020 0.054 0.019 0.007 -0.015 0.043 0.014 1.008 0.017 0.025 0.021 0.021
0.020 -0.014 0.011 -0.001 0.005 -0.027 0.002 0.009 -0.001 -0.007 0.001 -0.004 -0.002 0.014 0.028 -0.021 -0.030 0.019 0.024 0.063 0.023 0.015 -0.017 0.044 0.016 0.017 1.010 0.010 0.024 0.023
-0.001 -0.032 0.006 0.000 0.048 -0.035 0.010 0.011 -0.017 -0.004 0.031 -0.016 0.021 0.045 0.037 -0.026 -0.048 0.011 0.044 0.134 0.048 0.041 -0.008 0.035 0.033 0.025 0.010 1.035 0.032 0.032
0.020 -0.013 0.009 0.000 0.001 -0.024 0.001 0.009 0.002 -0.008 -0.003 -0.004 -0.005 0.009 0.028 -0.017 -0.029 0.022 0.022 0.055 0.021 0.010 -0.017 0.044 0.015 0.021 0.024 0.032 1.010 -0.016
0.020 -0.012 0.009 -0.001 -0.000 -0.024 0.001 0.008 0.002 -0.007 -0.004 -0.003 -0.005 0.008 0.028 -0.017 -0.028 0.021 0.021 0.054 0.020 0.010 -0.016 0.043 0.014 0.021 0.023 0.032 -0.016 1.010
