0.00000 0.00000 0.00000 0.00000 -0.00000 -0.06270 -0.00000 0.01868 -1.03430 -0.01415 -0.00000 -0.00000 0.00082 -0.00000 0.26377 -0.00017 0.00000 0.01204 0.03440 0.00000 -0.00000 0.00035 -0.00003 0.01866 -0.00002 -0.00000 -0.00000 -0.00000 -0.00000 -0.00535
-0.00000 0.00000 -0.00000 0.00000 0.00000 0.00000 0.00000 0.00000 0.00000 0.00000 0.00000 0.00000 -0.00000 -0.00000 0.00000 -0.00000 0.00000 -0.00000 -0.00000 0.00000 0.00000 0.00000 0.00000 0.00000 -1.20407 -0.00000 0.00000 0.00000 0.00000 -0.00000
0.00160 0.00001 -0.00000 0.00000 -0.00000 -0.00000 0.00000 -0.00001 -0.00007 -0.00000 0.00002 0.00000 0.00000 -0.00000 0.00000 -0.00000 0.00000 -0.11287 0.00000 -0.00013 0.00000 -0.00007 -0.00001 0.00040 0.00000 -0.00000 -0.00000 0.00000 0.00000 -0.00000
0.00118 -0.00301 0.00000 0.00000 -0.00664 -0.00000 -0.41822 0.01168 -0.00016 -0.00000 -0.59319 -0.00000 0.00000 -0.00000 0.00003 -0.00000 0.17668 0.00034 -0.01492 0.00000 -0.01007 0.00000 -0.00000 0.00189 -0.00078 -0.00168 -0.00000 -0.00000 -0.00173 -0.00000
-0.34358 0.00018 0.00000 -0.00000 0.00000 0.00652 0.00000 0.90795 0.03738 0.00077 0.00000 0.00000 -0.00000 0.00000 -0.00873 0.00000 -0.00000 0.00112 0.06612 -0.00000 0.80067 0.00000 0.00000 -0.00490 -0.00481 0.17874 0.00000 0.00000 0.00000 0.00007
-0.00000 0.11166 0.00000 -0.00001 0.00000 0.00000 0.00000 0.09086 0.00000 1.15658 0.00000 0.00000 -0.01171 0.00000 -0.00000 0.01270 -0.00000 -0.00000 0.06197 -0.00018 0.00000 0.00000 0.00727 0.00122 -0.02291 0.00000 0.00000 0.00144 0.00000 0.19433
-0.01366 0.00011 0.00000 -0.00000 0.42971 0.00015 0.00000 -0.00954 0.00803 0.00000 0.00000 0.00000 -0.00000 -0.00000 -0.00151 0.00000 -0.83284 -0.00680 -0.07901 -0.00000 0.08787 0.00000 0.00000 -0.00332 -0.00073 0.01471 0.00000 0.00000 0.00000 0.00000
-0.00000 0.10413 -0.00000 0.00000 0.00000 0.00000 0.00000 0.00000 0.00000 0.00000 0.00000 -0.00000 -0.00000 -0.00000 -0.00000 -0.00000 0.00000 -0.00000 -0.00000 0.00000 -0.00000 0.00000 0.00000 -0.00000 -0.03500 -0.00000 0.00000 0.00000 0.00000 0.00000
-0.00000 -0.00006 0.00000 -0.00000 0.00000 0.41553 0.00000 -0.02498 0.00000 0.08261 0.00000 0.00000 -0.00593 0.00000 -0.60608 0.00157 -0.00000 -0.00375 -0.00029 -0.00000 0.00000 0.00000 0.00038 0.00175 -0.00000 0.00000 0.00000 0.00003 0.00000 0.01250
-0.00000 0.00206 0.00000 -0.00023 0.00000 0.00000 0.00000 0.02497 0.00000 0.00000 0.00000 0.00000 -0.21948 0.00000 -0.00000 0.08926 -0.00000 -0.00000 0.01087 -0.00118 0.00000 0.00000 0.00882 0.00403 -0.01744 0.00000 0.00000 0.00896 0.00000 0.83191
-0.00848 -0.00463 -0.00000 -0.00000 0.11682 0.00000 0.76943 -0.00000 0.00097 0.00000 0.00000 0.00000 -0.00000 -0.00000 -0.00020 0.00000 -0.33969 -0.00413 -0.16268 -0.00000 0.00842 0.00000 0.00000 -0.22064 -0.05199 0.01608 0.00000 0.00000 -0.03123 0.00000
-0.00354 0.00000 0.00000 -0.02427 0.00383 -0.00000 0.04416 -0.00076 0.00555 0.00001 0.02366 -0.00000 -0.00045 -0.00034 -0.04772 -0.00000 -0.00697 0.00000 -0.00000 -0.01124 0.00757 -0.00000 -0.00000 -0.00000 -0.00000 -0.27098 -0.00000 0.00045 0.00034 0.00106
0.00000 -0.01102 -0.00000 0.00857 -0.00000 -0.00000 -0.00041 -0.00003 -0.00000 -0.00000 -0.00166 -0.00000 0.00000 0.00000 0.00000 -0.48679 0.00003 0.00000 0.00636 0.00936 -0.00000 -0.00000 -0.72351 -0.40246 -0.83437 0.00000 -0.00000 -0.14484 -0.00000 -0.00000
0.00002 0.06193 -0.00000 -0.00574 -0.00000 -0.00072 0.00615 -0.00000 -0.00003 -0.00036 0.00542 -0.00008 -0.00471 -0.00000 -0.01172 -0.00007 -0.00046 0.00000 -0.00009 -0.00410 0.00005 -0.00000 -0.00010 -0.00004 -0.00068 -0.00000 0.00000 -0.00000 -0.00002 0.00768
0.00000 0.00000 0.00000 0.00000 0.00000 -0.95425 -0.00000 -0.32479 -0.00000 -0.19532 -0.00000 -0.00000 0.01608 0.00000 0.00000 -0.00916 0.00000 -0.06134 -0.23334 0.00000 -0.00000 -0.00000 -0.00075 -0.03431 0.00835 -0.00000 -0.00000 -0.00023 -0.00000 -0.01671
0.00000 0.00240 -0.00000 -0.01692 0.00000 0.00000 0.00106 -0.01556 0.00000 0.00000 0.00472 0.00000 -0.00000 0.00000 -0.00000 0.00000 -0.00050 -0.00000 0.17070 -0.07422 0.00000 0.00000 0.28049 0.00000 -0.00000 0.00000 0.00000 0.50295 -0.00000 0.00000
0.03412 0.04646 0.00000 0.00000 -0.67355 -0.00067 -0.00000 0.53971 -0.02383 -0.00007 -0.00000 -0.00000 0.00000 -0.00000 0.00897 -0.00000 0.00000 -0.00138 -0.48603 0.00000 -0.43883 -0.00000 0.00000 -0.22137 -0.01761 -0.06338 -0.00000 -0.00000 0.00000 -0.00000
-0.00000 0.00004 0.00000 -0.00000 0.00000 0.08888 0.00000 -0.01612 0.00000 0.00541 0.00000 0.00000 -0.00117 0.00048 -0.00000 0.00091 -0.00000 0.00000 0.04478 -0.00000 0.00000 0.00000 0.00003 0.12273 0.00076 0.00000 0.00000 0.00000 -0.00000 0.01106
0.00000 -0.44084 0.00000 -0.00000 -0.00000 0.00000 0.00000 -0.52142 0.00000 0.00000 -0.00000 0.00000 0.00000 0.00024 -0.00000 0.00000 -0.00000 0.00000 0.00000 -0.00000 0.00000 -0.00000 -0.00000 -0.00000 0.21341 0.00000 0.00000 0.00000 -0.00000 0.00000
0.00018 -0.00230 -0.00002 1.01352 -0.00822 -0.00000 -0.06421 -0.00306 -0.00000 -0.00000 -0.33948 0.00000 0.00000 -0.00000 0.00000 -0.00000 0.00901 0.00003 -0.00000 0.00000 -0.00116 -0.00000 -0.00000 0.13712 -0.00002 -0.00017 -0.00000 -0.00000 -0.00044 -0.00000
-0.46027 -0.00523 0.00232 -0.00000 0.00000 0.02906 0.00000 -0.01501 0.19014 0.00424 0.00000 0.00000 -0.00004 0.00006 -0.08040 0.00002 -0.00000 0.66727 0.15474 -0.00000 0.00000 0.00000 0.00000 0.24515 -0.00050 1.20146 0.00000 0.00000 -0.00000 0.00052
-0.00041 0.00210 -0.00000 -0.02237 0.00032 0.01045 -0.00008 -0.00000 0.00947 0.01611 0.01550 -0.00000 -0.00249 0.00000 -0.01771 0.01013 -0.00866 -0.00689 -0.02010 -0.00014 0.00439 -0.00000 0.01199 -0.00385 -0.00115 0.00755 0.00000 0.00715 -0.00000 0.01052
-0.00000 0.01992 0.00000 -0.00251 0.00027 0.00000 0.00576 0.02000 0.00000 0.00000 0.00778 -0.00000 -0.00000 -0.00000 -0.00000 0.00000 -0.00032 -0.00000 -0.34690 -0.30268 0.00000 0.00000 0.00000 -0.51955 -0.00399 0.00000 0.00000 1.05010 -0.00000 0.00000
-0.00000 0.27914 0.00000 -0.00000 0.00000 0.00000 0.00000 -0.10063 0.00000 0.00000 0.00000 0.00000 -0.00000 0.00000 -0.00000 0.00000 -0.00000 0.00000 -0.06348 -0.00000 0.00000 0.00000 0.00000 0.00000 -0.00174 0.00000 0.00000 0.00000 0.00000 0.00000
0.00000 -0.00000 -0.00000 -0.00000 -0.00000 -0.00000 0.00000 -0.00000 0.00000 0.00000 -0.00000 -0.00000 -0.00000 0.00000 -0.00000 0.00000 -0.00000 -0.00000 0.00000 -0.00000 0.00000 -0.00000 -0.00000 -0.00000 0.00000 -0.00000 -0.00000 0.00000 0.00000 0.00000
-0.18331 -0.00477 0.00502 -0.00000 -0.00000 0.02483 0.00000 -0.00236 0.22769 0.03052 0.00000 0.00000 -0.00018 0.00052 -0.29564 0.00036 -0.00000 0.14519 0.06827 -0.00000 0.00000 0.00000 0.00000 -0.00159 -0.06462 0.00000 0.00000 0.00000 -0.00000 0.00368
-0.00155 0.00044 -0.00000 -0.00678 0.00391 0.00148 0.00526 0.00000 0.01450 0.03960 0.00623 -0.00000 -0.01005 -0.00002 -0.02185 0.00668 -0.00314 -0.01768 -0.00689 -0.00358 0.01540 0.00000 0.00100 -0.00384 -0.00000 0.01352 -0.00000 0.01381 -0.00000 0.01433
-0.00000 0.01316 -0.00000 -0.26751 0.00134 0.00000 0.01216 -0.15890 0.00000 0.00000 0.07714 0.00000 -0.00000 -0.00000 -0.00000 0.00000 -0.00591 -0.00000 -0.07515 -1.07385 0.00015 0.00000 0.00000 0.52461 -0.14169 0.00000 0.00000 0.00000 0.00000 0.00000
-0.00496 -0.00003 0.00000 -0.00000 0.03057 0.01640 0.16093 0.00007 0.03000 0.00948 0.00000 -0.00000 -0.00078 0.00000 -0.02148 0.00000 -0.03038 -0.00021 -0.00491 -0.00000 0.00126 0.00000 0.00000 -0.00674 0.00004 -0.46281 -0.00000 0.00000 -0.00000 0.00160
-0.00000 -0.00003 -0.00000 -0.00167 0.00000 0.00000 0.00003 0.03202 0.00000 0.00000 0.00035 0.00000 -0.84047 0.00000 -0.00000 0.53592 -0.00000 -0.00000 0.00342 -0.01086 0.00000 0.00000 0.16451 -0.04969 -0.02213 0.00000 0.00000 0.01298 0.00000 0.00000
