0.00090 0.01317 -0.00508 -0.03956 0.00084 0.00043 0.00183 -0.01353 0.00146 -2.16237 0.00030 -0.00311 -0.14885 0.00508 -0.04368 0.00004 -0.14500 -0.87179 0.01448 -0.00497 -0.09886 0.10314 0.00095 0.01222 0.01682 -0.01705 0.00862 -0.00030 -0.00368 -0.00038
-0.00009 -0.00021 -0.24829 -0.60625 0.00057 0.00712 -0.21001 0.00146 0.01292 0.00101 -0.02655 -0.04231 -0.00204 -0.00870 -0.87643 0.00277 -0.00056 0.00210 -0.47769 -0.28620 1.03128 -0.00070 -0.00374 -0.17446 -0.23200 -0.86217 -0.34207 -0.00866 -0.00093 -0.23534
0.00009 0.00022 -0.00093 0.00073 -0.00071 0.08772 0.13080 -0.00023 0.00891 -0.00084 0.02857 0.07870 0.00125 0.26679 -0.00049 -0.00118 0.00044 -0.00320 0.00080 0.13492 0.00079 0.00034 0.01471 -0.00014 -0.73932 -2.97714 0.00009 0.02027 0.00097 0.02441
-0.00025 -0.00008 0.15654 0.00085 0.00333 -0.00867 0.07827 -0.00010 -0.07502 0.00017 0.01061 0.01651 0.00166 0.01830 -0.00038 -0.00201 0.00014 -0.00230 2.78975 -0.31096 0.00084 -0.00008 0.00167 0.73181 0.20576 0.28444 -0.42159 -0.00895 0.00059 0.02299
-1.44350 -0.05633 -0.00065 -0.01072 -0.00121 -0.00089 0.00135 -0.02771 0.00156 0.76199 0.00015 -0.00184 -0.05373 0.00391 -0.02484 0.00195 -0.08635 0.43993 0.00572 -0.00477 -0.06899 -0.07605 0.00083 0.00887 0.00760 -0.01094 -0.00081 -0.00088 -0.41947 0.00103
-0.01502 0.00121 -0.00022 0.00034 0.00136 -0.00058 -0.00077 -0.00094 0.00059 -0.02405 -2.05909 -0.00185 -0.00313 0.00018 0.00029 -0.00488 0.00078 -0.00565 0.00013 -0.00065 -0.00162 0.00384 0.06141 0.00047 0.00071 -0.00102 0.00015 -0.69762 -0.00438 -0.00030
-0.00004 0.00035 0.00045 0.00089 -0.00220 0.14022 0.00232 0.00089 -0.87927 -0.00148 -0.07463 0.24751 0.00205 1.87521 -0.00051 0.00359 0.00078 -0.00127 0.00042 0.00025 0.00027 0.00020 -0.00745 0.00050 -0.00037 -0.00060 -0.00303 0.00249 0.00044 0.00076
0.00041 -1.19168 -0.23143 0.18133 -0.00138 -0.00057 -0.06486 0.00018 0.00539 0.00090 -0.00732 -0.01619 -0.00134 0.01069 0.45219 -0.00025 -0.00063 0.00226 -0.01383 -0.13397 -1.40775 -0.00023 -0.00057 -0.00589 -0.05442 -0.93911 -0.29695 0.00333 -0.00051 -0.10601
0.01185 0.00065 0.00006 -0.00044 0.00187 -0.62463 -0.00040 0.00086 0.00046 -0.00202 -0.10290 -2.43452 -0.00130 0.00002 0.00072 0.03590 -0.00020 0.00667 -0.00051 -0.00063 -0.00066 -0.00052 -0.02164 0.00020 0.00032 -0.00042 -0.00086 0.03824 -0.00090 -0.00042
-0.00026 -0.06578 -0.00147 0.02167 0.00097 0.00117 -0.00067 0.09035 -0.00192 -0.00133 -0.00050 0.00298 0.10320 0.00221 0.04053 -0.00062 -0.01445 2.03126 0.00397 -0.00016 0.04640 -0.12885 0.00040 0.00684 -0.00340 0.00514 0.00216 -0.00085 -0.86896 0.00079
0.03074 0.00290 -0.00003 0.00077 -0.08714 0.00007 0.00089 0.00055 -0.00040 0.00316 -0.00028 0.00157 0.00376 -0.00022 -0.00086 0.30661 0.00089 -0.00116 -0.00042 -0.00007 -0.00139 0.00218 -0.43415 0.00028 -0.00031 -0.00001 0.00094 1.99923 0.00360 -0.00007
-0.01699 0.00032 -0.00116 0.00072 -0.02753 2.11209 0.00126 0.00005 0.00015 -0.01015 -0.74115 0.00161 0.00249 0.00010 0.00063 -0.03245 0.00047 -0.00461 0.00063 -0.00012 -0.00046 -0.00011 -0.02610 0.00007 -0.00080 0.00047 -0.00036 -0.15596 -0.00120 -0.00007
-0.00075 -0.51962 0.03659 0.25172 0.00162 0.00154 0.00986 1.84459 -0.00538 -0.00032 -0.00153 0.00401 0.00407 0.02236 0.11978 -0.00068 0.00046 -0.00280 0.16795 -0.06347 -0.33051 0.00034 -0.00043 0.22880 0.02243 -0.11692 -0.10126 0.00135 0.00115 0.00972
-0.00261 -0.00086 -0.00022 -0.00063 -0.00371 0.12995 -0.00045 -0.00048 -1.82084 0.00116 -0.32520 0.48029 -0.00173 0.00023 0.00004 0.00848 -0.00004 0.00373 -0.00060 -0.00064 -0.00093 -0.00019 -0.05521 -0.00017 -0.00020 -0.00022 0.00020 0.00168 -0.00104 -0.00035
-0.00004 0.00006 0.20169 2.18834 -0.00131 0.00677 0.14749 -0.00054 -0.06924 -0.00082 -0.00548 0.00374 0.00183 0.06939 -0.00072 0.00087 0.00076 -0.00232 1.23645 -0.34780 0.00027 0.00037 -0.00491 0.48718 0.19006 0.23451 -0.41399 0.00153 0.00037 -0.00087
0.69809 -0.00161 0.00131 0.00048 -1.34844 0.00003 -0.00207 -0.00684 0.00039 -0.73841 0.00037 -0.00165 -0.03065 -0.00064 -0.00041 0.00084 -0.02985 -0.15661 0.00436 0.00009 -0.01581 0.00203 0.00035 0.00342 0.00104 -0.00179 -0.00062 -0.00027 -0.06386 -0.00071
-0.00055 -0.32637 0.05518 0.08415 0.00094 -0.00331 0.02941 0.83464 -0.00299 -0.00085 -0.00034 -0.00006 2.48047 0.00765 -0.03061 -0.00100 0.00060 -0.00258 0.15177 -0.05872 -0.02753 0.00080 -0.00026 0.20323 -0.04101 -0.06802 -0.17689 0.00225 0.00060 0.02039
0.00045 -0.06338 -0.00252 0.01715 -0.00055 0.00037 0.00745 -0.02411 0.00099 0.00049 0.00024 -0.00099 -0.03913 0.00689 -0.05306 0.00032 0.04677 0.00250 0.01682 -0.01193 -0.15420 -0.69265 -0.00004 0.02352 0.00270 -0.05411 0.00298 0.00012 -1.92407 0.00182
-0.00293 0.00047 -0.39980 0.00031 0.00110 0.01044 0.29069 0.00020 -0.04316 -0.00068 0.00309 0.05019 0.00187 0.14954 -0.00068 -0.00131 0.00010 -0.00139 -0.00047 -0.24575 0.00079 0.00046 -0.00026 1.84048 -0.03282 -0.09827 -1.00188 0.00279 -0.00007 0.12003
-0.00500 0.00043 -0.00098 0.00058 0.00068 -0.00425 1.17777 -0.00001 -0.36539 -0.00138 -0.05135 -0.04354 0.00162 0.51949 -0.00026 0.00550 0.00024 -0.00281 -0.00062 -0.00079 0.00029 -0.00042 -0.01857 0.00261 -0.00253 0.00049 -0.00022 -0.04809 0.00135 2.16467
0.00005 0.00072 -0.25826 -1.21226 0.00036 -0.02789 -0.16781 -0.00043 0.04007 0.00086 0.00454 -0.02146 -0.00158 -0.05931 -1.68781 0.00195 -0.00050 0.00233 -0.76811 -0.03112 -0.00065 -0.00025 0.00101 -0.24122 -0.18739 -0.82692 -0.20063 -0.00133 -0.00089 -0.07966
0.00062 -0.03971 0.00245 -0.06907 -0.00072 0.00297 0.00448 -0.33701 0.00239 0.00087 0.00073 -0.00340 -1.45594 0.00137 -0.09301 0.00010 -2.31824 0.00272 -0.06009 -0.03485 -0.44636 -0.00049 0.00056 0.12615 -0.01234 -0.24318 -0.01917 0.00060 -0.00078 -0.02975
-0.46993 -0.01101 0.00215 0.00357 0.52399 0.00006 -0.00132 -0.01443 0.00128 -0.06501 0.00020 -0.00243 -0.02874 -0.00110 0.00086 -1.93952 -0.02308 0.00884 -0.00135 0.00060 -0.01975 -0.00452 0.00049 0.00636 0.00093 -0.00159 0.00035 0.00008 -0.14023 -0.00061
0.00435 0.00005 -1.12331 -0.00073 -0.00094 -0.02450 -0.24001 0.00014 0.05965 0.00177 0.00065 -0.08463 -0.00169 -0.10008 0.00021 0.00359 -0.00049 0.00238 -0.00062 -0.39295 -0.00042 -0.00049 -0.00327 -0.00013 -0.15713 -0.34263 -2.02729 -0.01548 -0.00036 -0.22565
0.00134 0.00013 -0.00022 -0.00055 0.00062 0.04311 -0.68920 -0.00002 0.04204 0.00021 -0.06359 -0.13699 -0.00184 0.02779 0.00053 0.00209 -0.00065 0.00309 -0.00139 -1.90223 -0.00095 0.00011 -0.00249 -0.00003 0.00021 -0.00079 0.00007 0.00107 -0.00043 -1.22405
-0.00013 0.00072 -0.00061 0.00048 0.00020 0.00076 -0.19852 0.00052 -0.09952 -0.00088 0.02222 0.04041 0.00169 0.05888 -0.00089 0.00107 0.00015 -0.00315 0.00121 -0.81437 -0.00064 0.00013 -0.00496 -0.00062 2.53038 0.00097 0.00022 -0.00325 0.00119 -0.50685
-0.00073 -0.00023 1.96965 0.00022 -0.00112 0.03432 0.09940 0.00014 -0.05153 -0.00063 0.00342 0.00751 0.00139 0.10699 -0.00060 -0.00297 0.00046 -0.00193 0.00075 -0.12652 0.00051 0.00065 0.00397 0.00008 -0.12420 -1.12971 0.00017 0.00146 0.00066 0.02478
0.11085 -0.00172 0.00045 0.00090 -0.32850 -0.00018 -0.00077 0.00335 0.00012 -0.11958 0.00064 -0.00211 0.00029 0.00007 0.00176 0.83937 -0.00494 -0.02054 -0.00164 -0.00023 -0.00169 0.00308 -1.21026 -0.00029 0.00013 -0.00015 0.00094 -0.00048 -0.01654 -0.00016
-0.00094 -0.05558 -0.00900 0.00957 0.00173 0.00007 -0.00006 0.04378 -0.00049 -0.00099 -0.00098 0.00231 -0.09002 -0.00353 -0.03602 -0.00052 -0.81395 -0.00225 0.06011 0.00807 0.04666 1.95818 -0.00086 0.06046 0.01825 0.00322 -0.02057 -0.00022 -0.00027 -0.00609
-0.00188 0.00140 -0.00069 0.00056 0.00434 0.13974 2.35374 0.00018 -0.65766 -0.00060 -0.12224 0.08660 0.00171 0.98217 -0.00048 -0.00702 -0.00007 -0.00214 0.00086 0.00107 0.00084 0.00063 -0.02087 0.00077 -0.00128 0.00046 -0.00222 -0.01886 -0.00029 0.00202
