1.000 -0.966 -0.951 -0.950 -0.979 -0.948 -0.970 -0.970 -0.935 -0.966 -0.985 -0.915 -0.961 -0.996 -0.954 -1.040 -1.012 -1.007 -0.996 -0.959 -0.982 -0.965 -0.976 -0.987 -1.010 -0.947 -1.067 -0.925 -0.963 -0.919 -0.951 -0.918 -0.969 -1.060 -0.984 -0.978 -0.951 -1.001 -0.928 -0.979 -0.957 -0.979 -1.038 -1.020 -1.023 -1.012 -1.042 -0.970 -0.967 -0.960
-0.966 1.932 0.924 0.902 0.915 0.884 0.937 0.906 0.917 0.903 0.921 0.880 0.897 0.932 0.890 1.001 0.955 0.961 0.935 0.895 0.919 0.901 0.913 0.925 0.945 0.883 1.007 0.896 0.901 0.861 0.911 0.855 0.913 1.035 0.919 0.922 0.889 0.941 0.879 0.915 0.894 0.915 0.973 0.955 0.975 0.957 1.005 0.914 0.903 0.906
-0.951 0.924 1.904 0.906 0.933 0.903 0.919 0.924 0.885 0.921 0.939 0.870 0.916 0.949 0.909 0.985 0.965 0.957 0.949 0.914 0.936 0.919 0.930 0.942 0.963 0.902 1.018 0.878 0.918 0.877 0.904 0.875 0.924 0.999 0.937 0.932 0.907 0.954 0.885 0.933 0.913 0.933 0.990 0.973 0.972 0.965 0.986 0.925 0.921 0.915
-0.950 0.902 0.906 1.903 0.928 0.899 0.947 0.920 0.928 0.916 0.934 0.893 0.912 0.945 0.904 1.011 0.967 0.973 0.949 0.909 0.932 0.915 0.927 0.939 0.957 0.898 1.017 0.908 0.916 0.878 0.923 0.872 0.926 1.044 0.933 0.936 0.905 0.955 0.893 0.928 0.909 0.928 0.984 0.967 0.988 0.969 1.015 0.928 0.916 0.922
-0.979 0.915 0.933 0.928 1.959 0.925 0.944 0.947 0.909 0.943 0.962 0.891 0.938 0.972 0.931 1.012 0.987 0.982 0.972 0.936 0.958 0.942 0.952 0.964 0.986 0.924 1.041 0.900 0.940 0.897 0.927 0.896 0.945 1.029 0.960 0.954 0.929 0.976 0.905 0.956 0.935 0.956 1.014 0.996 0.997 0.988 1.014 0.946 0.944 0.936
-0.948 0.884 0.903 0.899 0.925 1.899 0.926 0.922 0.896 0.919 0.936 0.874 0.914 0.947 0.907 0.992 0.964 0.960 0.947 0.911 0.933 0.917 0.928 0.939 0.960 0.900 1.015 0.885 0.916 0.876 0.908 0.873 0.922 1.012 0.935 0.931 0.905 0.952 0.885 0.931 0.910 0.931 0.986 0.969 0.975 0.964 0.994 0.924 0.919 0.915
-0.970 0.937 0.919 0.947 0.944 0.926 1.941 0.980 0.928 0.976 0.994 0.920 0.972 1.005 0.965 1.043 1.019 1.013 1.005 0.969 0.991 0.975 0.986 0.997 1.017 0.958 1.071 0.925 0.974 0.933 0.955 0.932 0.978 1.052 0.994 0.988 0.963 1.009 0.937 0.989 0.968 0.989 1.044 1.026 1.031 1.019 1.040 0.979 0.976 0.970
-0.970 0.906 0.924 0.920 0.947 0.922 0.980 1.943 0.903 0.938 0.956 0.885 0.933 0.967 0.926 1.008 0.981 0.975 0.966 0.931 0.953 0.937 0.947 0.958 0.980 0.920 1.033 0.893 0.935 0.893 0.920 0.893 0.939 1.027 0.955 0.948 0.924 0.971 0.898 0.951 0.930 0.950 1.007 0.989 0.992 0.981 1.008 0.940 0.938 0.930
-0.935 0.917 0.885 0.928 0.909 0.896 0.928 0.903 1.877 0.884 0.901 0.830 0.880 0.911 0.873 0.944 0.920 0.913 0.908 0.878 0.897 0.883 0.892 0.901 0.923 0.867 0.969 0.839 0.880 0.839 0.862 0.842 0.881 0.968 0.900 0.889 0.870 0.912 0.842 0.896 0.876 0.896 0.949 0.932 0.927 0.920 0.945 0.881 0.885 0.871
-0.966 0.903 0.921 0.916 0.943 0.919 0.976 0.938 0.884 1.937 0.958 0.897 0.935 0.969 0.928 1.016 0.986 0.984 0.969 0.933 0.955 0.939 0.950 0.961 0.982 0.921 1.038 0.906 0.938 0.897 0.930 0.894 0.945 1.032 0.957 0.954 0.927 0.975 0.908 0.952 0.932 0.952 1.009 0.991 0.999 0.986 1.017 0.946 0.940 0.937
-0.985 0.921 0.939 0.934 0.962 0.936 0.994 0.956 0.901 0.958 1.974 0.900 0.943 0.977 0.935 1.022 0.992 0.988 0.975 0.940 0.963 0.946 0.956 0.968 0.991 0.928 1.046 0.911 0.944 0.901 0.935 0.900 0.949 1.043 0.965 0.958 0.933 0.981 0.911 0.960 0.939 0.960 1.018 1.001 1.003 0.993 1.024 0.950 0.948 0.940
-0.915 0.880 0.870 0.893 0.891 0.874 0.920 0.885 0.830 0.897 0.900 1.841 0.887 0.918 0.880 0.978 0.939 0.944 0.922 0.884 0.906 0.890 0.901 0.913 0.929 0.874 0.986 0.875 0.890 0.856 0.896 0.849 0.902 0.995 0.906 0.910 0.880 0.927 0.871 0.902 0.884 0.902 0.954 0.938 0.959 0.940 0.978 0.903 0.891 0.897
-0.961 0.897 0.916 0.912 0.938 0.914 0.972 0.933 0.880 0.935 0.943 0.887 1.927 0.953 0.913 0.959 0.959 0.939 0.947 0.918 0.939 0.923 0.932 0.942 0.967 0.906 1.013 0.843 0.920 0.874 0.881 0.879 0.917 0.953 0.941 0.925 0.909 0.951 0.872 0.937 0.916 0.937 0.993 0.976 0.955 0.957 0.956 0.918 0.925 0.905
-0.996 0.932 0.949 0.945 0.972 0.947 1.005 0.967 0.911 0.969 0.977 0.918 0.953 1.995 0.980 1.065 1.038 1.032 1.021 0.985 1.009 0.991 1.002 1.014 1.037 0.973 1.093 0.953 0.989 0.945 0.977 0.943 0.995 1.088 1.010 1.002 0.978 1.027 0.954 1.005 0.984 1.006 1.066 1.048 1.047 1.038 1.067 0.996 0.993 0.984
-0.954 0.890 0.909 0.904 0.931 0.907 0.965 0.926 0.873 0.928 0.935 0.880 0.913 0.980 1.913 0.994 0.968 0.963 0.951 0.916 0.939 0.922 0.932 0.944 0.967 0.905 1.021 0.888 0.921 0.878 0.911 0.876 0.926 1.018 0.940 0.934 0.909 0.957 0.888 0.936 0.915 0.936 0.994 0.977 0.977 0.968 0.997 0.927 0.924 0.917
-1.040 1.001 0.985 1.011 1.012 0.992 1.043 1.008 0.944 1.016 1.022 0.978 0.959 1.065 0.994 2.088 1.053 1.056 1.033 0.994 1.020 1.001 1.012 1.025 1.047 0.982 1.108 0.996 1.000 0.956 1.008 0.951 1.010 1.145 1.019 1.017 0.988 1.040 0.976 1.015 0.993 1.015 1.076 1.059 1.069 1.055 1.104 1.011 1.003 1.002
-1.012 0.955 0.965 0.967 0.987 0.964 1.019 0.981 0.920 0.986 0.992 0.939 0.959 1.038 0.968 1.053 2.028 1.024 1.009 0.971 0.995 0.977 0.988 1.001 1.022 0.959 1.082 0.945 0.976 0.934 0.970 0.930 0.985 1.075 0.995 0.993 0.964 1.015 0.947 0.991 0.970 0.991 1.050 1.033 1.040 1.028 1.058 0.986 0.979 0.977
-1.007 0.961 0.957 0.973 0.982 0.960 1.013 0.975 0.913 0.984 0.988 0.944 0.939 1.032 0.963 1.056 1.024 2.020 1.019 0.981 1.003 0.987 0.998 1.010 1.029 0.970 1.085 0.952 0.986 0.948 0.978 0.943 0.994 1.085 1.004 1.002 0.975 1.024 0.957 1.000 0.980 1.000 1.055 1.039 1.053 1.034 1.067 0.996 0.988 0.989
-0.996 0.935 0.949 0.949 0.972 0.947 1.005 0.966 0.908 0.969 0.975 0.922 0.947 1.021 0.951 1.033 1.009 1.019 1.995 0.954 0.975 0.959 0.968 0.978 1.004 0.942 1.051 0.857 0.956 0.908 0.904 0.914 0.950 0.965 0.978 0.959 0.944 0.986 0.900 0.973 0.952 0.973 1.032 1.014 0.987 0.992 0.980 0.952 0.961 0.937
-0.959 0.895 0.914 0.909 0.936 0.911 0.969 0.931 0.878 0.933 0.940 0.884 0.918 0.985 0.916 0.994 0.971 0.981 0.954 1.923 0.916 0.900 0.910 0.921 0.943 0.882 0.996 0.859 0.898 0.855 0.884 0.855 0.902 0.989 0.918 0.910 0.886 0.933 0.862 0.913 0.892 0.913 0.970 0.953 0.954 0.944 0.971 0.903 0.901 0.893
-0.982 0.919 0.936 0.932 0.958 0.933 0.991 0.953 0.897 0.955 0.963 0.906 0.939 1.009 0.939 1.020 0.995 1.003 0.975 0.916 1.969 0.950 0.961 0.972 0.994 0.932 1.050 0.911 0.949 0.906 0.937 0.904 0.954 1.041 0.969 0.963 0.937 0.986 0.914 0.964 0.943 0.964 1.022 1.004 1.009 0.997 1.026 0.955 0.952 0.946
-0.965 0.901 0.919 0.915 0.942 0.917 0.975 0.937 0.883 0.939 0.946 0.890 0.923 0.991 0.922 1.001 0.977 0.987 0.959 0.900 0.950 1.935 0.948 0.959 0.981 0.919 1.037 0.897 0.936 0.893 0.923 0.891 0.941 1.025 0.955 0.950 0.924 0.972 0.902 0.951 0.930 0.951 1.009 0.991 0.994 0.984 1.010 0.942 0.939 0.932
-0.976 0.913 0.930 0.927 0.952 0.928 0.986 0.947 0.892 0.950 0.956 0.901 0.932 1.002 0.932 1.012 0.988 0.998 0.968 0.910 0.961 0.948 1.957 0.970 0.994 0.930 1.047 0.898 0.946 0.901 0.926 0.902 0.949 1.027 0.967 0.957 0.934 0.982 0.907 0.963 0.941 0.963 1.022 1.004 0.998 0.992 1.013 0.950 0.950 0.938
-0.987 0.925 0.942 0.939 0.964 0.939 0.997 0.958 0.901 0.961 0.968 0.913 0.942 1.014 0.944 1.025 1.001 1.010 0.978 0.921 0.972 0.959 0.970 1.980 1.008 0.945 1.067 0.936 0.962 0.920 0.959 0.916 0.970 1.074 0.982 0.980 0.950 1.001 0.932 0.977 0.955 0.977 1.036 1.017 1.029 1.014 1.051 0.971 0.964 0.962
-1.010 0.945 0.963 0.957 0.986 0.960 1.017 0.980 0.923 0.982 0.991 0.929 0.967 1.037 0.967 1.047 1.022 1.029 1.004 0.943 0.994 0.981 0.994 1.008 2.025 0.972 1.101 0.973 0.990 0.945 0.992 0.942 0.999 1.119 1.010 1.008 0.977 1.031 0.961 1.005 0.983 1.005 1.068 1.049 1.061 1.045 1.089 1.000 0.993 0.991
-0.947 0.883 0.902 0.898 0.924 0.900 0.958 0.920 0.867 0.921 0.928 0.874 0.906 0.973 0.905 0.982 0.959 0.970 0.942 0.882 0.932 0.919 0.930 0.945 0.972 1.901 1.022 0.887 0.923 0.879 0.910 0.880 0.927 1.020 0.943 0.935 0.911 0.958 0.887 0.938 0.917 0.938 0.996 0.978 0.978 0.969 0.998 0.927 0.926 0.917
-1.067 1.007 1.018 1.017 1.041 1.015 1.071 1.033 0.969 1.038 1.046 0.986 1.013 1.093 1.021 1.108 1.082 1.085 1.051 0.996 1.050 1.037 1.047 1.067 1.101 1.022 2.144 0.959 0.995 0.947 0.986 0.946 1.001 1.104 1.018 1.013 0.982 1.037 0.958 1.012 0.988 1.012 1.077 1.056 1.064 1.051 1.085 1.002 0.998 0.992
-0.925 0.896 0.878 0.908 0.900 0.885 0.925 0.893 0.839 0.906 0.911 0.875 0.843 0.953 0.888 0.996 0.945 0.952 0.857 0.859 0.911 0.897 0.898 0.936 0.973 0.887 0.959 1.872 0.899 0.863 0.914 0.857 0.911 1.043 0.916 0.920 0.888 0.937 0.881 0.912 0.892 0.912 0.965 0.949 0.974 0.952 1.006 0.911 0.900 0.906
-0.963 0.901 0.918 0.916 0.940 0.916 0.974 0.935 0.880 0.938 0.944 0.890 0.920 0.989 0.921 1.000 0.976 0.986 0.956 0.898 0.949 0.936 0.946 0.962 0.990 0.923 0.995 0.899 1.934 0.883 0.901 0.886 0.927 0.997 0.949 0.935 0.916 0.960 0.884 0.944 0.923 0.944 1.001 0.983 0.972 0.968 0.984 0.928 0.932 0.916
-0.919 0.861 0.877 0.878 0.897 0.876 0.933 0.893 0.839 0.897 0.901 0.856 0.874 0.945 0.878 0.956 0.934 0.948 0.908 0.855 0.906 0.893 0.901 0.920 0.945 0.879 0.947 0.863 0.883 1.853 0.917 0.877 0.928 1.020 0.939 0.937 0.909 0.957 0.892 0.935 0.914 0.935 0.991 0.973 0.982 0.970 1.002 0.929 0.923 0.920
-0.951 0.911 0.904 0.923 0.927 0.908 0.955 0.920 0.862 0.930 0.935 0.896 0.881 0.977 0.911 1.008 0.970 0.978 0.904 0.884 0.937 0.923 0.926 0.959 0.992 0.910 0.986 0.914 0.901 0.917 1.918 0.883 0.933 1.019 0.943 0.943 0.915 0.963 0.897 0.939 0.919 0.939 0.994 0.977 0.989 0.974 1.003 0.935 0.927 0.927
-0.918 0.855 0.875 0.872 0.896 0.873 0.932 0.893 0.842 0.894 0.900 0.849 0.879 0.943 0.876 0.951 0.930 0.943 0.914 0.855 0.904 0.891 0.902 0.916 0.942 0.880 0.946 0.857 0.886 0.877 0.883 1.850 0.910 0.983 0.928 0.918 0.897 0.941 0.870 0.923 0.903 0.923 0.978 0.962 0.956 0.950 0.970 0.910 0.912 0.900
-0.969 0.913 0.924 0.926 0.945 0.922 0.978 0.939 0.881 0.945 0.949 0.902 0.917 0.995 0.926 1.010 0.985 0.994 0.950 0.902 0.954 0.941 0.949 0.970 0.999 0.927 1.001 0.911 0.927 0.928 0.933 0.910 1.947 1.033 0.946 0.944 0.915 0.965 0.897 0.942 0.920 0.942 1.000 0.981 0.993 0.978 1.013 0.936 0.929 0.927
-1.060 1.035 0.999 1.044 1.029 1.012 1.052 1.027 0.968 1.032 1.043 0.995 0.953 1.088 1.018 1.145 1.075 1.085 0.965 0.989 1.041 1.025 1.027 1.074 1.119 1.020 1.104 1.043 0.997 1.020 1.019 0.983 1.033 2.151 1.039 1.030 1.007 1.055 0.980 1.035 1.013 1.035 1.095 1.078 1.067 1.065 1.068 1.025 1.023 1.012
-0.984 0.919 0.937 0.933 0.960 0.935 0.994 0.955 0.900 0.957 0.965 0.906 0.941 1.010 0.940 1.019 0.995 1.004 0.978 0.918 0.969 0.955 0.967 0.982 1.010 0.943 1.018 0.916 0.949 0.939 0.943 0.928 0.946 1.039 1.976 0.995 0.971 1.019 0.951 0.998 0.977 0.998 1.056 1.039 1.040 1.030 1.063 0.989 0.986 0.979
-0.978 0.922 0.932 0.936 0.954 0.931 0.988 0.948 0.889 0.954 0.958 0.910 0.925 1.002 0.934 1.017 0.993 1.002 0.959 0.910 0.963 0.950 0.957 0.980 1.008 0.935 1.013 0.920 0.935 0.937 0.943 0.918 0.944 1.030 0.995 1.966 0.953 1.003 0.937 0.979 0.958 0.979 1.037 1.019 1.033 1.017 1.058 0.974 0.967 0.966
-0.951 0.889 0.907 0.905 0.929 0.905 0.963 0.924 0.870 0.927 0.933 0.880 0.909 0.978 0.909 0.988 0.964 0.975 0.944 0.886 0.937 0.924 0.934 0.950 0.977 0.911 0.982 0.888 0.916 0.909 0.915 0.897 0.915 1.007 0.971 0.953 1.914 0.929 0.865 0.904 0.883 0.904 0.962 0.945 0.960 0.944 0.989 0.900 0.892 0.893
-1.001 0.941 0.954 0.955 0.976 0.952 1.009 0.971 0.912 0.975 0.981 0.927 0.951 1.027 0.957 1.040 1.015 1.024 0.986 0.933 0.986 0.972 0.982 1.001 1.031 0.958 1.037 0.937 0.960 0.957 0.963 0.941 0.965 1.055 1.019 1.003 0.929 2.012 0.916 0.982 0.959 0.982 1.044 1.024 1.011 1.010 1.014 0.965 0.968 0.952
-0.928 0.879 0.885 0.893 0.905 0.885 0.937 0.898 0.842 0.908 0.911 0.871 0.872 0.954 0.888 0.976 0.947 0.957 0.900 0.862 0.914 0.902 0.907 0.932 0.961 0.887 0.958 0.881 0.884 0.892 0.897 0.870 0.897 0.980 0.951 0.937 0.865 0.916 1.875 0.932 0.913 0.932 0.982 0.965 1.004 0.974 1.034 0.936 0.920 0.934
-0.979 0.915 0.933 0.928 0.956 0.931 0.989 0.951 0.896 0.952 0.960 0.902 0.937 1.005 0.936 1.015 0.991 1.000 0.973 0.913 0.964 0.951 0.963 0.977 1.005 0.938 1.012 0.912 0.944 0.935 0.939 0.923 0.942 1.035 0.998 0.979 0.904 0.982 0.932 1.969 0.937 0.958 1.017 0.999 0.997 0.989 1.012 0.947 0.946 0.937
-0.957 0.894 0.913 0.909 0.935 0.910 0.968 0.930 0.876 0.932 0.939 0.884 0.916 0.984 0.915 0.993 0.970 0.980 0.952 0.892 0.943 0.930 0.941 0.955 0.983 0.917 0.988 0.892 0.923 0.914 0.919 0.903 0.920 1.013 0.977 0.958 0.883 0.959 0.913 0.937 1.927 0.955 1.011 0.994 0.999 0.987 1.017 0.947 0.943 0.937
-0.979 0.915 0.933 0.928 0.956 0.931 0.989 0.950 0.896 0.952 0.960 0.902 0.937 1.006 0.936 1.015 0.991 1.000 0.973 0.913 0.964 0.951 0.963 0.977 1.005 0.938 1.012 0.912 0.944 0.935 0.939 0.923 0.942 1.035 0.998 0.979 0.904 0.982 0.932 0.958 0.955 1.969 1.035 1.018 1.020 1.009 1.038 0.968 0.966 0.958
-1.038 0.973 0.990 0.984 1.014 0.986 1.044 1.007 0.949 1.009 1.018 0.954 0.993 1.066 0.994 1.076 1.050 1.055 1.032 0.970 1.022 1.009 1.022 1.036 1.068 0.996 1.077 0.965 1.001 0.991 0.994 0.978 1.000 1.095 1.056 1.037 0.962 1.044 0.982 1.017 1.011 1.035 2.088 1.033 1.027 1.021 1.052 0.973 0.974 0.961
-1.020 0.955 0.973 0.967 0.996 0.969 1.026 0.989 0.932 0.991 1.001 0.938 0.976 1.048 0.977 1.059 1.033 1.039 1.014 0.953 1.004 0.991 1.004 1.017 1.049 0.978 1.056 0.949 0.983 0.973 0.977 0.962 0.981 1.078 1.039 1.019 0.945 1.024 0.965 0.999 0.994 1.018 1.033 2.052 1.074 1.069 1.094 1.023 1.021 1.010
-1.023 0.975 0.972 0.988 0.997 0.975 1.031 0.992 0.927 0.999 1.003 0.959 0.955 1.047 0.977 1.069 1.040 1.053 0.987 0.954 1.009 0.994 0.998 1.029 1.061 0.978 1.064 0.974 0.972 0.982 0.989 0.956 0.993 1.067 1.040 1.033 0.960 1.011 1.004 0.997 0.999 1.020 1.027 1.074 2.067 1.044 1.085 1.001 0.992 0.992
-1.012 0.957 0.965 0.969 0.988 0.964 1.019 0.981 0.920 0.986 0.993 0.940 0.957 1.038 0.968 1.055 1.028 1.034 0.992 0.944 0.997 0.984 0.992 1.014 1.045 0.969 1.051 0.952 0.968 0.970 0.974 0.950 0.978 1.065 1.030 1.017 0.944 1.010 0.974 0.989 0.987 1.009 1.021 1.069 1.044 2.039 1.087 1.014 1.010 1.005
-1.042 1.005 0.986 1.015 1.014 0.994 1.040 1.008 0.945 1.017 1.024 0.978 0.956 1.067 0.997 1.104 1.058 1.067 0.980 0.971 1.026 1.010 1.013 1.051 1.089 0.998 1.085 1.006 0.984 1.002 1.003 0.970 1.013 1.068 1.063 1.058 0.989 1.014 1.034 1.012 1.017 1.038 1.052 1.094 1.085 1.087 2.113 1.030 1.040 1.020
-0.970 0.914 0.925 0.928 0.946 0.924 0.979 0.940 0.881 0.946 0.950 0.903 0.918 0.996 0.927 1.011 0.986 0.996 0.952 0.903 0.955 0.942 0.950 0.971 1.000 0.927 1.002 0.911 0.928 0.929 0.935 0.910 0.936 1.025 0.989 0.974 0.900 0.965 0.936 0.947 0.947 0.968 0.973 1.023 1.001 1.014 1.030 1.955 1.008 1.006
-0.967 0.903 0.921 0.916 0.944 0.919 0.976 0.938 0.885 0.940 0.948 0.891 0.925 0.993 0.924 1.003 0.979 0.988 0.961 0.901 0.952 0.939 0.950 0.964 0.993 0.926 0.998 0.900 0.932 0.923 0.927 0.912 0.929 1.023 0.986 0.967 0.892 0.968 0.920 0.946 0.943 0.966 0.974 1.021 0.992 1.010 1.040 1.008 1.951 0.883
-0.960 0.906 0.915 0.922 0.936 0.915 0.970 0.930 0.871 0.937 0.940 0.897 0.905 0.984 0.917 1.002 0.977 0.989 0.937 0.893 0.946 0.932 0.938 0.962 0.991 0.917 0.992 0.906 0.916 0.920 0.927 0.900 0.927 1.012 0.979 0.966 0.893 0.952 0.934 0.937 0.937 0.958 0.961 1.010 0.992 1.005 1.020 1.006 0.883 1.944
