-0.00000 0.00000 0.00331 -0.00000 -0.00000 0.00033 0.47123 0.00017 -0.14148 0.00023 0.00004 0.00087 0.00002 -0.00000 0.00008 0.00007 -0.00159 -0.00000 -0.00000 0.00000 0.00006 0.00008 0.00006 0.00002 -0.00000 -0.00000 0.00000 -0.00006 0.00001 -0.00007 0.05800 0.00000 -0.00000 -0.00000 0.00000 -0.09182 -0.00000 0.00030 -0.01905 -0.00000 0.00001 -0.00025 0.00000 -0.00000 -0.00112 0.00000 0.00006 -0.00006 0.00000 0.00182
-0.32173 -0.00000 0.00248 0.02223 -0.00000 0.00041 -0.20848 -0.00000 -0.05920 -0.00013 -0.00044 0.00081 0.00007 -0.00000 0.00000 0.01139 -0.00207 -0.20861 -0.00000 -0.00000 0.00026 -0.00012 0.00002 0.02900 0.00000 0.00143 0.04465 -0.00009 0.00036 0.02197 -0.00062 0.00054 0.00019 -0.02043 0.00000 -0.01038 0.00079 0.01456 -0.01216 0.00000 0.00042 0.00046 0.00003 0.00028 -0.00012 0.01544 0.00000 -0.00176 -0.00314 0.00836
0.00008 -0.00025 -0.00000 0.00002 0.00968 -0.00005 0.00000 0.01360 -0.00043 0.00012 -0.00135 0.00000 0.00002 -0.00000 -0.00000 -0.00000 -0.00118 0.00000 -0.00002 -0.02345 0.00107 0.00002 -0.00007 0.00000 -0.00007 -0.00004 -0.00050 -0.00144 -0.00026 0.00000 0.00006 0.00000 -0.00082 0.00009 0.02421 -0.00082 -0.00063 -0.00000 -0.00000 -0.00007 -0.00000 -0.00007 -0.00028 0.00001 0.00000 -0.00000 0.00001 -0.00023 -0.00005 -0.00049
-0.17356 0.00000 0.01749 -0.00000 -0.00005 0.08750 0.20184 -0.00004 -0.04770 -0.00008 -0.00000 0.00540 -0.00027 0.00000 -0.00000 0.00066 -0.00060 -0.14080 0.00000 -0.00000 -0.00005 0.00011 -0.00061 0.00009 0.00000 0.00121 0.00247 -0.19475 0.00000 0.00020 0.00230 0.00003 0.00003 -0.38144 -0.00017 -0.03187 0.00060 -0.13101 -0.01895 0.00000 0.00000 -0.00000 0.00078 0.00018 0.00070 0.00063 -0.00078 -0.00095 0.00000 0.00331
0.00064 -0.02255 -0.00003 0.00920 0.00000 -0.00033 0.00048 0.00335 -0.00261 0.00000 -0.00134 0.00348 -0.00011 0.00098 -0.00098 0.00165 -0.01173 0.00609 -0.00908 -0.00125 -0.00000 -0.00091 -0.00135 0.01288 -0.00075 -0.00031 -0.00156 -0.00121 0.00023 0.01145 0.00037 -0.00107 -0.02161 0.00049 -0.00043 -0.00118 0.00046 0.00123 -0.00247 -0.00039 0.00000 -0.00025 -0.00841 -0.00093 0.00019 0.00213 0.00082 -0.00457 -0.00208 0.00019
-0.00158 0.00041 0.00311 0.00000 0.00038 0.00000 0.03980 0.00038 -0.02464 0.00000 -0.00099 0.04532 -0.00106 -0.00006 0.00018 0.00857 -0.00573 0.00004 -0.00000 -0.00000 0.00000 -0.00007 -0.00029 0.00208 -0.00008 0.00052 -0.00009 -0.06494 -0.00000 0.00060 -0.00006 0.00000 0.00068 -0.07093 -0.00023 -0.01857 0.00085 -0.09605 -0.01141 0.00000 0.00005 -0.00053 0.00044 -0.00017 0.00025 -0.00000 -0.04160 -0.01376 0.00046 0.00088
0.00000 -0.00000 0.05345 -0.00000 0.00011 0.00000 -0.00000 0.00022 -0.00000 0.00009 0.00001 0.00003 -0.00000 0.00000 -0.00000 -0.00002 -0.00002 -0.00000 0.00000 -0.00001 -0.00005 -0.00053 -0.00005 0.00002 0.00000 -0.00005 -0.00000 -0.00000 -0.00000 -0.00000 -0.00004 -0.00000 -0.00000 0.00000 0.00003 0.00005 -0.00000 -0.00000 0.00000 -0.00000 0.00004 -0.00001 0.00000 0.00000 -0.33839 -0.00000 -0.00000 0.00000 -0.00000 0.00023
0.00014 -0.02514 -0.00003 0.01069 0.00000 -0.00005 0.00005 -0.00000 -0.00138 -0.00024 -0.00090 0.00101 0.00006 0.00046 -0.00099 0.00325 -0.02374 0.00263 -0.02335 -0.00103 0.00000 -0.00032 -0.00040 0.00804 -0.00231 0.00050 -0.00095 0.00000 0.00008 0.00998 0.00074 -0.00000 -0.02722 -0.00048 0.00000 -0.00025 0.00000 0.00235 -0.00072 -0.00044 0.00103 -0.00009 -0.01584 -0.00031 0.00009 0.00114 0.00028 -0.01347 -0.00482 0.00024
-0.00000 -0.00000 0.00139 -0.00000 -0.00032 -0.00000 -0.04863 0.00105 0.00000 0.00000 0.00013 -0.02065 -0.00000 0.00000 -0.00001 0.00079 -0.00074 0.00000 0.00000 -0.00022 0.00005 -0.00007 -0.00010 -0.00000 0.00000 0.00000 -0.00000 0.00000 0.00010 0.00000 0.00004 -0.00004 -0.00002 -0.00000 -0.00000 0.00000 0.00000 -0.00042 0.17804 -0.00000 0.00000 0.00059 -0.00000 -0.00000 -0.00055 -0.00000 -0.00019 -0.00005 0.00000 -0.00089
-0.00071 -0.00475 0.00633 0.00502 -0.00026 -0.00054 -0.00440 0.00019 -0.00553 -0.00000 -0.00041 0.00088 -0.01224 -0.00000 -0.00016 0.00153 -0.03035 0.00433 -0.01083 -0.00580 0.00015 0.00028 -0.00106 0.01044 -0.00073 0.00000 0.00020 -0.00127 0.00000 0.01706 -0.06197 -0.00136 -0.02379 -0.02340 -0.00036 0.00038 -0.00065 0.00302 -0.01951 -0.00043 -0.00015 -0.00002 -0.00106 -0.00028 0.00005 0.00072 0.00061 -0.02762 -0.00532 -0.30251
-0.01150 -0.00033 0.00094 0.00343 0.00011 0.00004 -0.00260 0.00008 0.00034 -0.00000 -0.00000 0.00027 -0.00090 0.00009 -0.00112 -0.00023 -0.00514 0.00261 -0.01890 -0.00017 0.00015 0.00001 -0.00080 0.01585 -0.00019 0.00091 -0.00016 0.00025 0.00021 -0.00006 0.00230 -0.00008 -0.00032 -0.00170 -0.00052 0.38663 0.00024 0.00072 -0.00181 -0.00055 0.00043 -0.00047 0.00007 0.00012 0.00008 0.00305 0.00049 -0.00060 -0.00028 0.05952
-0.00002 0.00008 0.04373 0.00003 0.00003 -0.00000 -0.00080 0.00006 -0.00000 -0.00000 -0.00002 0.00000 -0.00002 0.00061 -0.00011 -0.46882 -0.01239 0.00032 -0.00006 0.00011 0.00012 -0.00019 -0.00114 0.00009 -0.00000 -0.00006 0.00016 -0.00003 0.00019 0.00000 -0.00004 -0.00000 0.00207 0.00114 0.00000 0.00012 0.00005 -0.00000 0.00000 0.00000 0.00042 -0.00006 0.00006 -0.00022 0.00064 -0.00003 0.05326 0.00011 0.00004 0.00000
-0.00279 -0.01443 0.00116 0.00057 0.00054 -0.00031 -0.00019 0.00124 0.00256 0.00000 -0.00094 0.00463 -0.00000 0.00025 0.00005 0.04181 -0.00057 0.04948 -0.00394 -0.00000 0.00028 -0.00009 -0.00124 0.00043 -0.02308 0.00052 0.00006 0.26529 0.00064 0.01714 0.01169 -0.00082 0.00003 0.36307 -0.00072 -0.00172 0.00186 0.01940 -0.00090 -0.00012 0.00012 -0.00034 0.00034 -0.00011 0.02209 0.00151 0.04535 -0.00103 -0.00429 0.00694
-0.00025 -0.01252 -0.00000 0.13047 0.00012 0.01754 0.32877 0.00108 -0.01076 -0.00004 -0.00055 -0.00011 -0.00058 -0.00000 -0.00010 -0.00000 -0.02831 0.00305 -0.00000 0.00005 -0.00035 -0.00138 -0.03363 0.00284 -0.00017 0.00077 -0.00045 -0.04554 -0.00066 -0.00031 -0.00004 -0.00000 0.00011 -0.05671 -0.00024 -0.00222 0.00011 -0.00032 -0.00163 -0.00611 0.00002 -0.00000 -0.02304 -0.00070 0.24733 -0.27085 -0.00344 -0.09104 -0.05509 0.00038
-0.00045 0.00047 0.05032 0.00678 -0.00000 -0.00021 -0.09239 0.00018 -0.00623 0.00018 -0.00078 -0.00038 -0.00501 0.00039 0.00000 0.00137 -0.01066 -0.00003 -0.02230 -0.00337 0.00034 -0.00053 0.09617 0.00044 -0.00080 0.00100 -0.00054 -0.00671 0.00014 -0.00041 0.00000 0.00061 -0.01052 -0.03883 -0.00013 -0.00433 0.00000 0.02103 -0.00060 -0.00029 0.00023 -0.00034 0.00057 -0.00024 -0.00234 -0.20422 0.00008 0.03889 -0.00273 0.00027
0.00044 0.00000 0.04125 -0.00031 -0.00017 -0.00002 -0.02393 0.00041 0.00006 -0.00029 -0.00435 -0.00000 -0.00000 -0.00882 -0.00038 0.00000 -0.01989 -0.00002 0.00362 0.00025 -0.00007 -0.00012 0.00058 -0.00000 -0.00000 -0.00000 -0.00107 0.00091 0.00017 -0.00000 0.00182 -0.00006 -0.05669 -0.02726 -0.00059 -0.00240 -0.00069 0.00000 0.00000 -0.00003 -0.00000 0.00000 -0.00026 0.00000 -0.00147 0.00068 -0.36039 0.00007 -0.00095 0.00031
-0.00024 -0.00041 0.00076 0.00171 0.00004 0.00000 -0.00564 0.00000 0.00001 0.00000 -0.00015 0.00005 -0.00085 0.00000 -0.00000 0.00000 0.00000 0.00075 -0.00002 -0.00000 0.00002 -0.00000 -0.00000 0.00581 -0.00029 0.00002 0.00001 0.00007 -0.00003 -0.00003 0.00013 0.00000 -0.00000 -0.00475 0.00000 -0.00008 0.00000 -0.00011 -0.00045 0.00000 0.00000 -0.00075 -0.00019 -0.00042 -0.00037 0.00433 0.00019 -0.00213 0.00017 -0.00000
-0.57051 0.00000 0.00397 -0.00000 -0.00003 -0.00861 0.81894 0.00027 -0.06366 -0.00015 -0.00074 0.00116 -0.00000 -0.00002 -0.00024 -0.00026 -0.00080 -0.00000 0.00000 -0.00000 0.00015 -0.00024 -0.00064 -0.00002 -0.00027 -0.00003 0.15037 0.01191 0.00008 0.00004 0.00127 -0.00000 -0.00000 0.02115 0.00004 -0.05205 0.00000 0.00684 -0.01785 -0.00000 0.00000 0.00030 -0.00000 -0.00012 0.00007 0.00003 0.00072 0.00004 0.00000 -0.00052
0.12056 -0.02005 0.00194 -0.76868 -0.00000 -0.05846 -0.24052 0.00001 -0.00009 -0.00000 -0.00001 0.00123 -0.00000 -0.08959 0.00000 0.00000 -0.01743 0.13966 0.00000 -0.00000 -0.00000 0.00005 -0.00029 -0.00009 -0.00000 0.00010 -0.10792 0.11829 0.00011 -0.00003 0.00024 0.00000 0.00000 0.01851 0.00000 -0.00431 -0.00014 0.00697 -0.01367 -0.00027 -0.00000 0.00003 -0.00304 -0.00000 0.00000 0.03455 0.00304 -0.00180 -0.02911 0.00092
-0.01861 0.04038 -0.00000 -0.00129 -0.00011 -0.00545 -0.00291 0.00089 0.00125 -0.00006 -0.00068 -0.00036 -0.00000 -0.00105 -0.00013 0.00310 -0.00016 -0.00718 0.01465 -0.00000 0.00016 0.00000 0.00001 0.00274 -0.00539 0.00084 0.03691 0.00276 0.00020 0.00486 0.00250 0.00142 0.36975 0.00000 -0.00004 -0.00113 0.06618 0.01825 0.00048 -0.00056 0.00102 0.00186 0.03767 0.00113 0.00000 0.00231 0.00717 -0.00022 0.00034 0.00598
-0.00006 -0.00051 0.00032 0.00688 0.00036 0.00022 -0.00156 -0.08609 -0.00035 -0.00042 -0.00212 0.00163 -0.00097 0.00100 -0.00117 0.00413 -0.01765 0.00107 -0.00305 0.00013 -0.00000 0.00014 -0.00040 0.01205 -0.00194 0.00051 0.00002 -0.00032 -0.00014 0.01531 -0.00008 -0.00034 -0.02359 -0.00228 0.00010 -0.00273 0.00000 0.00008 -0.00110 0.00011 0.00075 -0.00045 -0.00018 -0.00003 0.00044 0.00244 0.00001 -0.00175 -0.00202 0.00144
0.00062 -0.00126 0.01925 0.00260 0.00014 0.00036 -0.00203 0.00164 0.00000 -0.00019 -0.00019 0.00041 -0.00060 0.00117 -0.00101 0.00723 0.36185 0.00081 -0.00648 -0.00255 0.00007 -0.00000 -0.00027 0.00445 -0.00152 0.00021 -0.00244 -0.00052 0.00007 0.01015 -0.00030 -0.00009 -0.00091 -0.00052 -0.00020 -0.00003 -0.00058 0.00119 -0.00093 -0.00085 0.00004 -0.00058 0.00002 -0.00079 -0.00000 0.00668 -0.00219 -0.00123 -0.00522 0.00029
-0.00013 -0.00000 0.00950 -0.00001 0.00023 -0.00101 -0.00210 0.00211 0.00130 -0.00014 -0.00119 0.00031 0.00057 -0.00000 -0.00000 0.00157 -0.00355 0.00037 0.00007 -0.00061 0.00024 -0.00022 -0.00000 -0.03803 -0.00000 0.00071 -0.00007 0.00410 -0.00078 0.00000 -0.00000 -0.00006 -0.00331 0.00432 -0.00013 -0.00053 -0.00005 0.00417 -0.00169 -0.00051 0.00020 -0.00000 0.00012 -0.00060 0.00040 0.00000 -0.00022 0.34148 -0.00279 0.00040
-0.00000 0.00000 0.01598 0.01676 0.00003 -0.00017 -0.02733 -0.00005 -0.01138 -0.00002 -0.00001 0.00685 -0.00165 -0.00001 -0.00041 0.00558 0.00010 0.00104 -0.00202 -0.00013 -0.00004 0.00000 -0.00000 0.00000 0.00005 0.00052 0.00038 -0.06911 0.00031 -0.00002 0.00016 -0.00009 -0.01088 -0.12785 -0.00024 -0.00065 0.00035 0.00061 -0.01536 -0.00059 -0.00005 0.00000 0.00015 -0.00026 -0.00032 0.00000 0.00034 0.00000 -0.02124 0.00025
-0.00023 -0.01609 0.00328 0.00194 -0.00001 -0.00012 0.00048 0.00024 -0.01970 0.00012 -0.00068 0.00006 0.00000 0.00020 -0.00027 0.02813 -0.00209 0.00272 -0.02971 0.00000 -0.00013 -0.00054 0.00059 0.00078 0.00000 -0.00006 -0.02108 -0.13796 -0.00000 -0.23422 -0.00038 -0.00172 -0.02660 -0.23177 -0.00012 -0.00085 -0.00000 0.00132 -0.03672 -0.00401 -0.00000 -0.00084 -0.01768 -0.00000 0.00004 0.29276 0.00091 0.00024 -0.02783 0.00017
-0.00035 -0.00012 0.01104 0.00024 -0.00024 -0.00023 -0.01762 0.00075 0.00223 -0.00000 -0.00112 0.00006 0.00014 0.00028 -0.00022 0.00000 -0.01436 0.00005 -0.00005 -0.00005 0.00024 -0.00000 -0.00050 0.00114 -0.00063 0.00000 0.00008 0.12263 -0.00011 0.00002 -0.00223 -0.00050 0.00032 -0.10473 -0.00049 -0.00060 0.00000 -0.00000 0.00063 -0.00000 -0.00037 -0.00067 -0.00022 -0.00087 -0.00015 0.00075 -0.00000 -0.00825 -0.01439 -0.00000
-0.59653 0.00000 0.00602 0.00000 0.00028 -0.00007 0.00471 0.00024 -0.09706 -0.00019 -0.00129 0.00369 -0.00005 0.00014 -0.00022 -0.00008 -0.01009 0.00000 -0.00000 -0.00000 0.00034 -0.00036 -0.00167 -0.00021 0.00000 0.00056 -0.00000 -0.00000 0.00029 0.00067 0.05428 -0.00000 0.00000 -0.00000 0.00000 -0.04990 -0.00000 0.00009 -0.01383 -0.00010 0.00009 0.00006 -0.00000 -0.00027 -0.00299 0.00002 -0.00010 -0.00043 -0.00000 0.00649
0.00061 0.00028 0.00036 -0.00000 -0.00018 -0.00000 -0.00376 0.00066 0.58369 -0.00000 -0.00065 -0.00115 -0.00000 0.00000 -0.00001 0.00006 -0.00110 -0.00000 -0.00000 0.00038 0.00005 -0.00015 -0.00000 0.00000 -0.00000 -0.00000 -0.02032 0.00000 -0.00000 -0.00000 -0.00086 -0.00000 -0.00004 -0.00000 -0.00031 -0.00203 -0.00064 -0.00000 0.00924 -0.00000 -0.00075 0.00000 -0.00041 -0.00028 -0.00105 0.00000 0.00000 0.00002 0.00001 -0.00070
-0.02995 -0.00048 0.00034 0.00367 0.00058 -0.00015 -0.04858 0.00847 0.00008 -0.00319 -0.00165 0.00460 -0.00060 -0.00002 -0.00061 0.00161 -0.00539 -0.00957 -0.00494 -0.00016 -0.00075 -0.00043 -0.00017 0.00417 -0.01037 0.00036 0.00022 -0.00054 0.00000 0.01123 0.17838 0.00022 -0.01179 0.00084 -0.00000 -0.00075 -0.00000 0.01429 -0.00078 -0.00018 0.00049 -0.00013 0.00047 -0.00005 -0.00028 0.00451 0.00176 -0.00102 -0.00300 0.00382
-0.00497 0.00002 0.02144 0.00109 0.00000 0.00001 -0.03952 -0.00000 0.00005 -0.00000 -0.00808 0.45721 0.00001 0.00001 0.00000 0.03751 -0.00179 0.00196 0.00028 -0.00000 0.00002 0.00000 -0.01333 0.00788 -0.00000 0.00146 0.00196 0.11089 0.00000 -0.00000 0.00007 -0.01116 -0.05463 0.07615 -0.00024 -0.01613 0.00002 0.00161 -0.03316 -0.00238 -0.00019 0.00000 0.00000 -0.00036 -0.01547 -0.00000 -0.36477 -0.05761 -0.02893 0.00076
0.00000 -0.00000 0.00068 0.00008 0.00042 -0.00000 -0.03912 0.00042 -0.02218 0.00000 0.00000 0.00058 -0.00000 -0.00004 -0.00022 -0.00002 -0.01160 -0.00000 0.00002 -0.00020 0.00021 -0.00104 0.00019 0.00129 -0.00016 0.00022 -0.00000 -0.00108 -0.00000 0.00000 0.00000 0.00003 -0.00008 0.00145 -0.00000 0.00000 0.00000 0.00000 -0.00243 -0.00000 0.00000 -0.00000 -0.00002 -0.00075 -0.00043 0.00016 0.00000 -0.00012 -0.00000 -0.00000
-0.00542 0.00032 0.01890 0.00282 0.00001 -0.00037 0.00203 0.00033 -0.00222 0.00051 -0.00107 0.00188 -0.00000 0.00046 -0.00065 0.00905 -0.00821 -0.17930 -0.02399 -0.00002 0.00015 -0.00064 -0.00041 0.00187 -0.00021 0.00017 -0.25362 -0.00000 -0.00011 -0.00006 -0.00060 0.00000 -0.00667 -0.00121 0.00002 -0.01106 -0.00008 0.00061 -0.02353 -0.00165 0.00001 0.00011 0.00029 -0.00045 0.00005 0.00021 -0.00000 -0.00873 -0.03366 0.00006
-0.15877 0.00119 0.00003 0.00159 0.00000 0.00078 -0.04297 0.00000 -0.00431 0.00002 -0.00040 0.00000 -0.00032 -0.00077 0.00000 0.00000 -0.01241 -0.10146 -0.05902 0.00000 0.00000 0.00052 0.00034 -0.00002 -0.00000 0.00035 0.03002 -0.00029 -0.00000 -0.00000 0.00191 -0.00023 -0.00000 0.00167 0.00000 -0.00732 0.00078 -0.00002 -0.00028 0.00000 0.00044 0.00115 0.00130 0.00265 0.00068 0.00021 0.00000 -0.00029 0.00000 0.00210
0.02028 -0.00000 0.01889 0.00000 0.00065 -0.00000 -0.10083 -0.00033 -0.02330 -0.00000 -0.00013 0.00002 0.00000 -0.00000 0.00000 -0.00000 -0.00000 -0.00005 -0.00000 -0.00108 0.00048 -0.00004 -0.00000 0.00000 0.00000 -0.00000 -0.01465 -0.31621 0.00033 -0.00000 0.00075 -0.00024 -0.00047 0.00000 0.00015 -0.00028 -0.00025 0.00000 -0.00066 -0.00000 0.00034 -0.00019 -0.00037 -0.00034 -0.01283 0.00000 0.00000 -0.00000 0.00002 0.00054
0.00108 -0.02260 -0.00000 0.00369 0.00060 -0.00016 0.00001 0.00749 -0.01665 0.00002 -0.00118 0.00136 -0.00133 0.00052 -0.00028 0.00122 -0.01705 0.00326 -0.00699 0.00017 0.00073 -0.00017 -0.00154 0.00213 -0.00548 -0.00047 -0.00282 -0.00164 -0.12736 0.00628 -0.16429 -0.00393 -0.02642 -0.00100 -0.00000 -0.00128 -0.17753 0.00020 -0.00424 -0.00881 -0.00007 -0.00000 -0.02539 0.00000 0.00002 0.00032 -0.00511 -0.02318 -0.00720 -0.00008
-0.00000 -0.00000 0.00278 0.00000 0.00058 -0.00000 -0.03637 0.00095 -0.02536 0.00019 -0.00000 0.00156 -0.00008 0.00022 0.00014 0.00054 -0.00780 -0.00000 0.00003 0.00001 0.00022 -0.00021 -0.00076 0.00037 -0.00020 0.00091 -0.00000 -0.00031 0.00010 0.00000 -0.58853 -0.00000 -0.00000 -0.00026 -0.00022 -0.00000 -0.00000 0.00000 -0.00350 -0.00028 -0.00001 0.00000 -0.00000 0.00011 0.00001 0.00010 -0.00048 -0.00028 0.00000 0.09150
-0.25156 0.00011 0.00035 0.00249 0.00383 -0.00041 -0.08127 0.01263 -0.01671 -0.00011 -0.00163 0.00030 0.00000 -0.00773 -0.00039 0.00158 -0.01101 -0.17295 -0.00013 0.00000 -0.00000 -0.00118 -0.00009 0.00429 -0.00829 0.00081 0.05538 -0.00043 0.11354 0.00261 0.15795 -0.00077 -0.00178 0.00041 0.00000 -0.03102 -0.00000 0.01134 -0.00029 -0.00032 0.00009 -0.00014 -0.00007 0.00001 -0.00000 0.01593 0.00096 -0.00013 -0.00061 0.01575
0.00056 0.00000 0.01426 0.00000 -0.00000 -0.00000 -0.07198 0.00018 -0.00096 -0.00005 -0.00109 -0.40236 0.00007 -0.00014 -0.00000 0.00646 -0.00231 -0.00040 -0.00000 0.00000 0.00190 -0.00004 0.00007 -0.00010 -0.00008 -0.00332 -0.00205 -0.00282 -0.00004 0.00018 0.01593 -0.00023 -0.00135 0.10711 -0.00028 -0.01627 -0.00000 -0.00000 0.00000 -0.00000 0.00007 -0.00012 0.00001 -0.00044 -0.00821 0.00000 0.29951 -0.00694 -0.00013 0.00003
-0.00000 0.00000 0.03688 0.00014 -0.00013 0.00009 -0.03164 0.00186 0.00000 0.00000 -0.00073 -0.45917 -0.00002 0.00026 -0.00020 0.02506 -0.00265 -0.00000 -0.00002 0.00011 0.00011 0.00002 -0.00018 0.00000 0.00000 0.00082 -0.00000 0.00000 0.00006 0.00001 0.00043 0.00000 0.00022 -0.00013 -0.00003 -0.00022 -0.00003 -0.01585 0.00000 -0.00000 -0.00000 -0.00001 -0.00000 0.00004 -0.01809 -0.00001 -0.00652 0.00000 0.00000 0.00007
0.00025 -0.00858 0.00053 0.29445 -0.00010 -0.01762 -0.13982 0.00192 0.00101 -0.00148 -0.00141 0.06011 -0.00044 -0.00000 -0.00037 0.01800 -0.01747 0.04206 -0.00059 -0.00000 0.00027 0.00000 -0.00020 0.00285 -0.00000 0.04260 -0.00095 0.12332 0.00025 0.00012 0.00039 -0.00029 -0.02498 -0.02483 -0.00000 -0.00170 -0.00000 -0.07706 -0.00117 -0.00000 0.00150 0.00007 0.00009 -0.00019 0.00075 0.00670 0.16897 -0.00000 -0.02722 0.00273
-0.00045 -0.00016 0.01192 0.00199 0.00143 -0.00000 -0.00240 0.00011 -0.00706 -0.00035 -0.00115 0.00267 -0.00168 0.00064 -0.00332 0.00825 -0.00994 0.00017 -0.01105 0.00011 0.00002 -0.00090 -0.00078 0.00210 -0.00315 0.00009 0.00074 -0.00165 -0.00033 -0.00025 0.00267 -0.00799 0.00037 0.00005 -0.01161 -0.01510 0.00028 0.00334 -0.01167 -0.00083 -0.00000 -0.00031 -0.00000 -0.00047 0.00061 0.00273 0.00110 -0.01674 -0.01529 0.00078
-0.00316 0.00053 0.00595 0.00657 0.00009 -0.00019 -0.01525 0.00086 -0.00003 -0.00017 -0.00111 -0.00126 -0.00060 0.00015 -0.00064 0.00708 -0.00232 0.00255 -0.00844 -0.00007 -0.00000 -0.00026 -0.00071 0.00849 0.00015 -0.00000 0.00109 -0.00134 0.00075 -0.00014 0.00064 -0.00576 0.00010 -0.00647 -0.01083 -0.00901 0.00173 0.00260 -0.01014 -0.00079 0.00000 -0.00000 -0.00129 -0.00057 -0.00024 0.00796 -0.00011 -0.01637 -0.00119 0.00051
-0.23737 0.00056 0.00383 0.00360 -0.00000 0.00036 -0.20444 0.00000 -0.02823 0.00004 -0.00186 0.00120 -0.00096 -0.00000 -0.00120 0.00124 -0.00590 -0.14636 -0.00002 -0.00000 -0.00000 -0.00008 -0.00012 0.00276 -0.00001 0.00028 0.05131 -0.00095 0.00028 0.00027 0.00280 -0.00034 0.00040 0.00000 0.00000 -0.03195 0.00706 0.01435 -0.01973 -0.00024 0.00010 -0.00017 -0.00000 0.00417 -0.00059 0.03149 0.00419 -0.00029 -0.00231 0.02359
-0.00151 -0.00051 0.01521 0.00121 0.00001 -0.00000 -0.02114 0.00052 0.00033 -0.00112 -0.00103 0.00035 0.00013 0.00039 -0.00000 0.00762 -0.00056 0.00097 -0.01766 0.00000 0.00035 -0.00000 -0.00091 0.00179 -0.01256 0.00033 0.00089 0.00064 0.00051 0.00213 0.00135 -0.00228 0.00000 0.00020 -0.00978 -0.00316 0.00272 0.00039 -0.00934 -0.00050 -0.00054 -0.00016 -0.00002 0.00000 -0.00054 0.00030 0.00025 -0.01797 -0.01089 0.00077
-0.00000 0.00000 -0.67265 -0.00000 -0.00054 0.00005 -0.00000 -0.00008 0.00000 -0.00130 0.00018 -0.00043 0.00001 -0.00000 -0.00000 0.00021 -0.00059 0.00000 0.00000 0.00105 0.00061 0.00008 0.00079 -0.00010 0.00000 0.00046 0.00002 0.00023 0.00005 -0.00000 0.00012 -0.00004 0.00012 0.00003 -0.00203 -0.00002 0.00011 0.00000 -0.00001 0.00000 -0.00023 -0.00027 0.00000 0.00037 0.00000 0.00000 -0.00020 -0.00007 0.00000 0.00079
-0.00041 0.00000 0.05956 0.00136 0.00021 -0.01587 -0.22269 0.00060 -0.00966 -0.00019 -0.00025 -0.00119 -0.00014 0.00000 -0.00000 0.00036 -0.00033 0.00313 -0.00000 0.00002 -0.00012 0.00003 -0.05891 0.01056 0.00000 0.00016 -0.00117 -0.05602 0.00005 -0.06718 0.00174 -0.00228 -0.00068 -0.10942 -0.00033 -0.00858 -0.00000 0.03073 -0.00834 -0.00002 -0.00011 -0.00008 -0.00000 -0.00015 -0.08189 0.00000 0.00592 -0.11006 -0.03207 0.00199
-0.00072 0.00008 0.00737 -0.00000 0.00050 -0.00000 -0.00830 0.00000 -0.00149 -0.00009 -0.00000 0.00000 0.00000 0.00021 0.00007 -0.00000 -0.01268 0.00122 -0.00010 -0.00000 0.00011 0.00007 -0.00154 0.00204 -0.00000 -0.08995 0.00020 -0.03519 0.00028 0.00000 0.06309 -0.00023 -0.03390 0.44923 -0.00014 0.00036 0.00089 -0.00000 -0.00001 0.00000 0.00064 0.00018 -0.00000 -0.00027 0.00024 0.00000 0.00000 -0.00398 0.00020 0.00129
-0.00011 -0.00014 0.00177 -0.00007 -0.00001 -0.00000 -0.03605 0.00007 0.00143 0.00001 -0.00162 0.00134 0.00055 0.00000 0.00000 0.00071 -0.00054 -0.00047 -0.00045 -0.00015 0.00000 -0.00056 0.00000 -0.13108 -0.00003 0.00002 -0.00023 0.02128 0.00000 -0.00000 -0.00007 -0.00003 -0.00105 0.02065 -0.00000 -0.00089 0.00000 0.00000 -0.01315 -0.00018 0.00000 -0.00002 0.00008 -0.00000 -0.00235 -0.00000 -0.00000 0.00000 -0.02652 0.00001
-0.69473 0.00032 0.00945 0.02608 0.00000 0.00050 -0.22244 0.00024 -0.12105 -0.00005 -0.00055 0.00083 -0.00003 -0.00000 -0.00008 0.00083 -0.00092 0.43143 -0.00000 0.00002 0.00001 -0.00001 0.00000 0.00001 0.00000 0.00000 -0.10922 -0.00372 0.00026 -0.00000 0.06263 0.00001 0.00002 -0.03076 -0.00007 -0.06769 0.00145 0.00151 -0.01534 -0.00000 0.00002 -0.00004 0.00042 -0.00000 0.00216 -0.00000 0.00000 0.00000 -0.00000 0.00852
-0.00007 0.00020 0.00393 0.00061 0.00085 0.00037 -0.01095 0.00317 -0.00019 -0.00000 -0.00000 0.00009 -0.00001 0.00078 -0.00063 0.00283 -0.01227 -0.00005 -0.00074 -0.00001 -0.00031 -0.00265 0.00007 0.00172 -0.00177 0.00015 0.00017 -0.00022 0.00038 -0.00017 0.06443 0.00000 -0.00042 -0.00005 -0.00040 0.00000 -0.00006 -0.00000 -0.01271 -0.00010 -0.00013 -0.00115 -0.00000 -0.00126 -0.00029 0.00016 0.00017 -0.01724 0.00007 0.00000
