0.00000 -0.00000 1.96701 -0.54333 -0.71860 -0.08540 -0.19716 -0.00329 0.13202 -1.26511
-0.08991 0.00000 0.09238 -0.12853 -0.14823 -0.00652 -0.08101 -0.00001 0.11631 0.36483
0.00000 -0.00000 0.00000 -0.00000 -0.00000 -0.00000 -0.05345 -0.00001 0.23336 0.00000
-0.00000 -0.00000 -0.87107 0.00000 0.44867 0.00000 -0.05775 -0.00000 0.19164 0.00000
-0.00000 -0.00000 -1.38351 0.00000 0.00000 0.00000 -0.17241 -0.00000 -1.13684 -0.00000
-0.00001 -0.00036 -0.02987 0.92567 0.75138 0.00000 0.86063 -0.08919 0.04334 0.42443
-0.00000 0.00000 -0.00006 0.00002 0.00000 0.00000 0.00000 -0.00001 -0.00001 -0.00000
-0.00231 -0.09010 0.05954 -0.11708 -0.12016 -0.00002 -0.14572 0.00000 0.09138 0.38155
-0.00000 -0.00000 0.00002 -0.00001 -0.00000 -0.00000 -0.14406 -0.00001 0.00000 0.00001
-0.00000 -0.00000 0.07403 -0.22862 -0.30496 -0.00000 -0.10232 -0.00000 0.23563 0.00000
