0.00000 0.00000 0.00000 -0.61317 -0.97656 0.88905 0.00000 0.00000 0.00000 0.00000
0.00000 0.00000 0.00000 0.00000 0.00000 0.00000 0.00000 0.00000 0.00000 0.00000
0.00000 0.00000 0.00000 0.00000 0.00000 0.00000 0.00000 0.00000 0.00000 0.00000
0.00000 0.85787 0.00000 0.00000 1.72531 0.00000 0.43746 0.46727 0.00000 0.00000
0.00000 0.00000 0.00000 0.00000 0.00000 0.00000 0.00000 0.00000 0.00000 0.00000
0.00000 0.00000 0.00000 -0.62272 0.00000 0.00000 0.00000 0.00000 0.00000 0.00000
0.00000 0.00000 0.00000 0.00000 0.00000 0.00000 0.00000 0.52732 0.00000 0.00000
0.00000 0.55858 1.61906 0.00000 0.00000 0.00000 0.00000 0.00000 -0.72378 0.00000
-0.49377 0.00000 -0.30499 0.00000 0.00000 -0.42431 0.00000 0.00000 0.00000 1.36894
-0.70694 0.00000 0.00000 0.00000 0.00000 -1.07170 0.00000 0.00000 0.00000 0.00000
