-0.00000 0.25784 -0.51929 0.06460 -0.88624 0.35236 0.00024 -0.00002 -0.00003 0.04469
-0.00002 0.00000 -0.09067 -0.00000 -0.01324 -0.00005 -0.00053 -0.00015 -0.00006 -0.00001
0.00000 0.00000 0.00000 -0.00000 0.00017 -0.00009 0.00136 -0.00000 0.00014 0.00011
-0.00007 0.85227 0.31439 -0.00000 1.28264 -0.00000 0.00530 0.00006 -0.00002 -0.00001
0.00000 0.00210 -0.03734 -0.00000 0.00000 -0.00002 -0.00023 -0.00000 -0.00002 -0.00004
-0.00000 -0.00942 -0.00032 -0.27143 -0.00075 0.00000 0.00090 -0.00000 0.00000 0.00000
-0.00174 0.02705 0.00106 -0.00140 0.03749 -0.00990 0.00000 0.00001 -0.00002 0.00003
0.21998 0.06440 1.34112 -0.02097 0.12747 -0.02464 -0.03692 -0.00000 0.00018 0.00116
-0.09541 -0.02263 -0.04578 0.26983 -0.11400 -0.47911 -0.02858 -0.04835 -0.00000 0.25611
-0.00017 0.15945 -0.06138 0.16325 -0.02295 -0.93682 -0.02193 -0.00493 -0.00001 -0.00000
