-0.00000 -0.00001 0.00011 0.42830 0.00012 -0.00000 0.07221 -0.03589 0.31865 0.01547 0.00066 0.00020 0.00005 -0.02022 0.00102 0.02079 0.06110 -0.00045 0.00031 0.00446
-0.00019 0.00000 -0.00084 0.39223 0.00015 0.00419 -0.00001 0.00000 -0.86088 0.00181 0.00100 0.00000 0.00237 -0.00000 0.00156 0.01243 -0.05007 0.00077 0.01450 0.02566
0.00018 -0.00107 -0.00000 0.00039 -0.00002 -0.00008 -0.00107 -0.00288 0.00137 0.00013 0.00040 -0.00117 0.00022 -0.00016 0.00007 -0.00071 0.00003 -0.00061 -0.00010 0.00015
-0.00000 0.00000 0.00040 0.00000 0.00002 -0.00000 0.00001 -0.00000 0.00000 0.00001 0.00009 -0.00000 0.00000 -0.00000 0.00025 -0.00000 -0.00000 -0.00012 0.00054 -0.00020
-0.00023 -0.00109 0.00007 -0.00522 0.00000 0.00013 0.00017 -0.00001 0.00213 0.00094 -0.00013 0.00012 0.00087 0.00103 0.00038 0.00008 0.00006 -0.00010 0.00162 0.00021
-0.05165 0.00022 -0.00039 0.13659 0.00010 0.00000 0.00967 -0.00253 0.11344 0.00012 -0.00007 -0.00170 -0.00007 -0.00084 0.00031 -0.00001 0.00038 -0.00000 0.00053 0.00021
-0.00000 0.03553 -0.00029 -0.16508 0.00038 0.00004 -0.00000 0.00000 -0.17850 -0.00006 -0.00126 -0.11359 -0.00034 -0.19115 -0.00047 0.06658 -0.00027 -0.00087 0.00159 0.01264
-0.00000 -0.06905 -0.00043 0.07015 -0.00040 -0.00125 -0.14764 -0.00000 0.11835 0.00021 -0.00070 -0.08582 0.00008 0.59697 0.00028 -0.03190 0.00057 -0.00009 -0.00175 -0.00309
0.00000 -0.00000 0.00066 0.51008 0.00068 -0.00000 0.00003 -0.00000 0.00000 -0.00004 -0.00422 -0.00002 -0.00301 0.00000 -0.00607 -0.03334 -0.08460 -0.00602 -0.00067 -0.01598
0.00003 -0.00634 -0.00006 -0.06929 -0.00048 0.00017 -0.01754 0.00111 -0.05515 -0.00000 -0.00039 -0.00198 -0.00999 0.00378 -0.00006 -0.00052 0.76538 0.00006 -0.25932 0.00000
-0.00051 -0.00132 0.00047 -0.00658 -0.00004 0.00010 -0.00076 -0.00143 0.00043 -0.00121 0.00000 -0.00054 -0.00001 0.00062 0.00016 0.00030 -0.00172 0.00017 -0.00102 0.00102
0.00162 -0.04403 0.00010 0.00514 -0.00024 0.00014 0.00000 0.00000 0.03925 0.00037 -0.00032 -0.00000 0.01885 0.62242 0.00045 -0.00038 0.03957 0.00015 0.01829 0.00612
-0.01045 -0.00456 -0.00022 -0.00116 0.00069 -0.00032 0.00150 -0.00009 0.00466 -0.00000 0.00008 -0.00002 0.00000 0.00010 -0.00079 0.00130 -0.00033 -0.00145 0.00000 -0.00000
-0.00010 -1.29693 -0.00009 -0.07563 -0.00051 -0.00838 0.00000 -0.00000 0.18991 -0.00188 -0.00159 -0.00000 -0.03931 0.00000 -0.00338 -0.00842 -0.00013 -0.00102 -0.04490 -0.01827
-0.00025 -0.00251 0.00013 -0.01122 0.00027 0.00010 0.00131 -0.00058 -0.00045 -0.00011 0.00015 -0.00040 -0.00054 0.00159 0.00000 0.00022 0.00016 -0.00021 -0.00044 -0.00000
0.00004 -0.00012 -0.00068 -0.04804 0.00009 0.00016 -0.00000 0.00000 0.00000 -0.00049 0.00039 0.00001 -0.00139 0.00021 -0.00000 -0.00000 0.00437 0.00011 -0.00000 0.00040
0.00000 -0.00002 0.00007 -0.07577 -0.00046 0.00073 -0.00050 0.00044 -0.00003 -0.00000 -0.00072 0.00001 -0.01070 0.00012 -0.00035 0.00013 0.00000 -0.00009 -0.06239 -0.00000
-0.00316 -0.00326 -0.00072 -0.00397 -0.00006 0.00004 0.00016 0.00009 -0.00015 0.00052 0.00033 -0.00080 -0.00149 0.00506 0.00047 -0.00006 0.00079 -0.00000 -0.00043 -0.00014
-0.00322 0.00020 -0.00016 0.00638 0.00134 -0.00055 0.00275 -0.00054 0.00049 0.00000 0.00003 -0.00009 0.39615 -0.00002 -0.00008 0.01250 -0.00000 -0.00004 0.00000 -0.00000
-0.00059 -0.00000 0.00017 -0.00695 0.00012 0.00005 0.00043 -0.00038 -0.00039 -0.07651 0.00017 -0.00010 -0.00032 0.00000 -0.00178 0.00123 0.38298 -0.00024 0.39653 -0.00000
