-0.00000 -0.00000 0.00010 -0.00026 0.00009 -0.00062 -0.00000 0.00016 -0.00000 -0.00054 -0.00030 0.00000 0.00000 0.00025 -0.00016 -0.00000 -0.00034 0.00044 0.00000 -0.00012 0.00030 -0.00000 -0.00008 0.00002 0.00000 0.00014 0.00014 0.00003 -0.00000 -0.00024 0.00017 0.00000 0.00031 -0.00000 -0.00001 -0.00018 -0.00069 0.00021 -0.00046 -0.00000 0.00000 0.00000 -0.00000 -0.00064 0.00000 -0.00000 -0.00000 0.00000 -0.00013 0.00000
0.00002 -0.00000 -0.01824 -0.00000 0.00016 -0.00024 -0.00025 -0.20208 -0.00023 -0.00042 -0.00000 0.00012 -0.00022 0.00400 -0.00022 -0.00004 -0.00011 0.01596 0.00022 0.00325 0.00001 0.00834 0.03387 0.04820 -0.00489 -0.00075 0.00007 -0.00025 0.00000 0.06783 0.00023 -0.00031 0.00033 0.00000 -0.00003 -0.00000 -0.00086 0.00053 -0.00006 -0.00003 -0.01218 0.02571 -0.00003 -0.00040 0.00114 -0.00000 -0.00070 -0.00042 -0.00037 0.00022
0.00010 -0.00000 0.00000 0.00000 0.00027 -0.00065 0.00001 -0.00102 -0.00003 0.00000 -0.00000 0.00000 0.01511 0.00000 -0.00000 -0.00000 -0.00037 0.00026 -0.00000 -0.00001 0.00000 0.08999 -0.00000 -0.00000 0.00000 0.00796 0.00011 0.00036 0.00012 -0.00017 0.00040 -0.00000 -0.00000 0.00000 -0.00013 0.00010 -0.00015 -0.05530 -0.00033 0.00278 -0.01620 -0.00010 -0.00016 0.00000 0.00000 -0.00017 0.00000 0.00000 -0.00000 0.00000
0.00006 0.00000 -0.01548 -0.00000 0.02490 -0.00035 0.00009 0.01046 -0.00011 -0.00074 0.00000 0.00022 0.00253 0.00005 -0.00024 0.00000 -0.00038 0.00018 -0.00013 -0.00016 -0.00000 0.01910 0.04300 0.02996 -0.00000 -0.00953 0.00020 0.00030 -0.00002 0.00000 0.00029 0.00000 0.00038 0.00004 -0.00018 0.00000 -0.00087 0.00004 -0.00007 0.00000 -0.00481 0.02565 -0.00005 -0.00070 0.01129 -0.00000 -0.00047 0.00004 -0.00056 0.00016
0.00023 -0.00000 0.00000 0.00000 0.00000 0.00000 0.00000 0.00089 0.00020 -0.00013 -0.00004 0.00000 0.00000 0.06779 -0.00024 0.00000 -0.00009 -0.00000 -0.01073 0.00016 -0.00000 0.00382 0.00049 0.00045 -0.00015 -0.02772 -0.00000 0.00007 0.00000 0.06105 0.00018 -0.00000 -0.00002 0.00000 0.00040 -0.00022 -0.00021 0.00716 0.00000 -0.00007 -0.00594 0.00000 0.00037 0.00000 -0.00000 0.00000 -0.00000 -0.00214 -0.00013 0.00047
0.00009 -0.00019 -0.00005 0.00000 0.00005 0.00000 0.00007 0.00161 -0.00034 -0.00051 0.00000 0.00017 0.00127 0.00003 -0.00025 -0.00000 -0.00035 0.01491 -0.00000 -0.00018 0.00035 0.00326 0.02626 0.01468 -0.00021 -0.00086 0.00000 0.00012 0.00000 -0.00054 0.00012 -0.00114 0.00036 0.00000 -0.00018 -0.00016 -0.00051 0.00001 -0.00019 -0.00010 -0.00583 0.00101 -0.00000 -0.00031 0.00056 0.00000 -0.00054 -0.00041 -0.00003 0.00009
0.00000 -0.00000 -0.00028 -0.00023 0.00045 -0.00052 -0.00000 0.00023 -0.00003 -0.00067 0.00000 0.00016 0.00082 -0.00003 -0.00032 -0.00003 -0.00057 0.02301 -0.00005 -0.00023 0.00004 0.00697 0.02840 0.00528 0.00000 -0.00028 0.00005 0.00001 0.00009 -0.00029 0.00000 0.00000 0.00034 -0.00000 -0.00013 -0.00000 -0.00043 -0.00036 -0.00001 0.00004 -0.01268 0.01028 -0.00043 -0.00014 0.00113 0.00000 -0.00032 0.00000 -0.00016 0.00011
-0.00000 -0.00000 -0.00000 0.00000 0.00001 -0.00000 0.00030 0.00000 0.00000 -0.00037 0.00000 0.00000 -0.00006 0.04889 -0.00005 -0.00004 -0.00025 0.00048 0.00000 0.00679 0.00000 -0.00000 0.00077 0.03671 -0.00069 -0.00000 -0.01160 -0.02874 0.00005 0.10810 -0.00000 0.00000 0.00000 0.00000 -0.00000 -0.00064 -0.00016 0.01573 -0.00006 -0.00167 0.00000 0.00298 -0.00000 0.00005 0.00000 0.00000 -0.00075 -0.00000 -0.00000 -0.00000
0.00002 -0.00000 -0.00965 -0.00019 0.00014 -0.00037 0.00006 0.00132 -0.00000 -0.00057 -0.00000 0.00020 0.00143 0.00000 -0.00015 -0.00007 -0.00011 0.01977 0.00000 -0.00024 0.00000 0.00501 0.03012 0.01194 -0.00032 -0.00016 0.00004 0.00002 -0.00000 -0.00033 0.00004 -0.00025 0.00032 0.00000 -0.00022 -0.00032 -0.00060 0.00000 -0.00031 0.00019 -0.01505 0.00188 -0.00012 -0.00068 0.00149 -0.00000 -0.00091 -0.00024 -0.00006 0.00025
0.00003 0.00000 -0.02058 -0.00010 0.00034 -0.00040 0.00018 0.00102 -0.00027 -0.00000 0.00000 -0.00008 0.00114 0.00249 -0.00026 -0.00000 -0.00011 0.00054 -0.00812 0.00016 0.00015 0.01302 0.04294 0.02296 -0.03379 -0.03019 0.00000 -0.00000 -0.00000 -0.00021 0.00030 -0.00000 0.00033 -0.00000 -0.00000 0.00000 -0.00059 0.06910 -0.00023 0.00000 -0.00179 0.02761 -0.00025 -0.00030 0.00001 -0.00000 -0.00102 -0.00032 -0.00015 0.00001
0.00000 -0.00000 -0.01324 -0.00000 0.00006 -0.00047 0.00009 0.00033 -0.00001 -0.00074 -0.00000 -0.00000 0.00259 -0.00003 -0.00048 -0.00045 -0.00031 0.01171 0.00023 -0.00088 0.00005 0.01331 0.00333 0.00008 -0.00605 -0.00124 -0.00000 0.15155 -0.00000 -0.00013 0.00035 -0.00006 0.00007 -0.00000 -0.00092 0.00025 -0.00057 0.00009 -0.00026 -0.00015 -0.05407 0.01010 -0.00000 -0.00032 -0.00000 0.00001 -0.00055 0.00000 -0.00014 0.00003
0.02748 0.00000 -0.02387 -0.00031 0.00000 -0.00034 0.00028 -0.05895 0.00004 -0.00066 -0.00000 0.00000 0.08218 -0.00297 -0.00018 -0.00000 -0.00026 0.00089 -0.00000 -0.00000 0.00031 -0.00005 -0.00000 -0.00053 0.00096 -0.00040 0.00018 0.00029 -0.00000 -0.02620 0.00000 -0.00059 0.00013 0.00002 0.00000 0.00000 -0.00079 -0.06666 -0.00007 0.00023 -0.00052 0.00019 -0.08619 -0.00013 0.17626 -0.00004 -0.00030 -0.00000 -0.00000 0.00013
0.11253 0.00000 0.00000 -0.00000 0.00248 -0.00019 0.00001 0.00233 0.00008 -0.00016 0.00000 0.00000 0.00000 0.00000 -0.00018 0.00000 -0.00010 -0.00000 -0.00122 -0.00036 -0.12386 0.00095 0.00000 -0.00021 -0.00000 -0.00051 0.00006 0.00014 -0.00016 -0.54220 0.00032 0.00000 0.00022 0.00000 -0.00031 0.00000 -0.00021 0.00000 -0.00000 -0.00000 -0.00546 0.00188 0.00012 -0.00028 0.00000 0.00000 -0.00000 -0.00000 -0.00034 -0.00000
0.00031 -0.00000 -0.00019 -0.00000 0.00000 -0.00076 0.00007 0.00000 -0.00011 -0.00007 0.00000 0.00000 0.00366 0.00000 -0.00038 -0.00000 -0.00014 0.00000 0.00051 0.01867 -0.00000 -0.00000 0.02334 0.02568 -0.01015 0.53923 0.00023 0.00000 -0.00018 0.01405 0.00048 0.00000 0.00030 0.00000 0.00114 -0.00018 -0.00043 0.79182 0.00000 -0.00029 -0.00002 0.00000 -0.00000 -0.00049 -0.00005 -0.00001 -0.00000 -0.00000 0.00000 -0.00000
0.00001 0.00007 -0.01056 0.00048 0.00077 -0.00062 0.00026 0.00284 -0.00000 -0.00068 0.00000 0.00010 0.00090 -0.00026 -0.00000 0.00000 -0.00009 0.01434 0.00000 -0.00000 0.00002 0.00857 0.02809 0.01397 -0.00039 -0.00046 0.00000 0.00016 -0.00000 -0.00007 0.00010 -0.00000 0.00048 0.00000 -0.00015 -0.00000 -0.00129 -0.00003 -0.00000 0.00000 -0.01283 0.00201 -0.00037 -0.00048 0.01223 -0.00000 -0.00031 0.00000 -0.00026 0.00031
0.00004 -0.00000 -0.00604 -0.00000 0.00115 -0.00058 -0.00002 0.00323 -0.00046 -0.00058 0.00000 0.00007 0.00094 -0.00006 -0.00021 -0.00000 -0.00029 0.00163 0.00006 -0.00025 0.00005 0.00209 0.03453 0.01182 -0.00025 -0.00053 -0.00000 0.00000 -0.00018 0.00014 0.00020 -0.00000 0.00046 -0.00000 0.00000 -0.00001 -0.00108 0.00000 -0.00010 -0.00000 -0.00596 0.00418 -0.00000 -0.00024 0.00654 -0.00012 -0.00049 0.00000 -0.00019 -0.00000
0.00008 -0.00012 -0.00183 -0.00026 0.00047 -0.00068 0.00000 0.00113 -0.00036 -0.00041 -0.00006 0.00010 0.00011 0.00008 -0.00034 0.00003 -0.00000 0.01662 0.00000 -0.00009 -0.00000 0.01393 0.02092 0.01393 -0.00048 -0.00047 0.00007 0.00008 -0.00015 -0.00006 0.00014 -0.00013 0.00036 0.00000 -0.00020 0.00000 -0.00030 0.00001 -0.00000 -0.00005 -0.00185 0.00478 -0.00010 -0.00022 0.00302 0.00008 -0.00078 -0.00000 -0.00029 0.00012
0.00003 -0.00000 -0.00378 0.00034 -0.38467 -0.00000 -0.00000 0.00037 0.00000 -0.00051 -0.00000 0.00027 0.00248 0.05012 -0.00000 0.00000 0.00000 0.00000 -0.00000 -0.00000 -0.00010 0.00150 0.03198 0.00827 -0.00093 -0.00000 -0.00000 0.00012 -0.00000 0.06965 0.03164 -0.00004 -0.00000 -0.08944 -0.00003 0.00000 0.00000 -0.21402 0.00000 0.00000 -0.02048 -0.00000 -0.00000 0.00000 0.00086 -0.00000 -0.00000 -0.00037 -0.00023 0.00000
0.00004 0.00000 0.00000 -0.00012 0.00000 -0.00041 0.00000 0.00202 -0.00072 0.00013 -0.00000 -0.00000 -0.00066 0.00000 -0.00023 -0.00000 -0.00025 0.00011 0.00000 -0.00094 -0.00000 0.00000 -0.72694 0.04537 -0.00058 0.00000 0.00014 0.00000 0.00001 0.00016 0.00000 0.00000 0.00045 0.00000 -0.00036 0.00008 -0.00057 0.00000 -0.00048 0.00000 -0.00021 0.00006 0.00029 -0.00009 -0.00055 -0.00000 -0.00002 0.00000 -0.00023 -0.00022
0.00000 -0.00000 0.00011 0.00000 0.00029 -0.00000 0.00015 0.00000 0.00026 -0.00000 -0.00000 -0.00664 0.00000 0.00000 -0.00000 -0.00010 -0.00033 0.00002 -0.00000 0.00000 -0.00000 -0.00000 0.00000 -0.00000 0.03645 -0.00056 -0.00000 0.00000 -0.00000 0.00000 -0.00000 -0.00000 -0.00007 0.00000 0.30983 0.00000 0.00000 0.00245 0.00000 0.00000 -0.00005 0.00000 0.00024 0.00002 -0.00219 -0.00008 -0.00000 -0.00008 0.00405 0.00022
0.00000 -0.00000 0.00023 -0.00026 -0.24340 -0.00073 0.00014 0.00027 -0.00022 -0.00158 0.00000 0.00000 0.00000 -0.00286 -0.00021 0.00000 -0.00004 0.00612 -0.01355 0.01848 -0.00000 0.00036 0.02796 0.00850 0.00011 -0.06457 0.00009 0.00000 0.00000 -0.10731 0.00000 -0.00039 0.00015 -0.00023 -0.00018 -0.00005 -0.00073 -0.00000 -0.00053 -0.00000 -0.01051 -0.17855 -0.01090 -0.00011 0.00030 -0.00013 -0.00000 -0.00000 -0.00081 0.00024
-0.01994 -0.00000 0.00000 -0.00000 0.00016 0.00000 0.00000 0.09348 -0.00000 0.00000 -0.00000 -0.00000 -0.00017 0.01200 -0.00000 0.00004 0.00000 0.00008 0.00047 0.00277 -0.00000 -0.00000 -0.00000 0.00483 -0.00000 -0.00939 0.00000 -0.12198 -0.00000 0.03963 -0.00000 0.00000 -0.00000 -0.00000 -0.00000 -0.01043 -0.00000 0.06626 0.00000 -0.10173 0.00000 -0.00000 -0.00000 -0.00000 -0.00000 -0.00011 -0.00000 0.00002 0.00000 -0.00000
0.00532 -0.00000 -0.04465 -0.00000 -0.00000 0.00000 -0.00000 -0.00063 -0.00000 0.00000 0.00011 0.03713 0.00025 -0.00000 -0.00000 -0.00000 -0.00000 -0.00000 -0.00000 0.21256 -0.00000 0.00000 0.00000 -0.22495 0.00637 0.00000 -0.00000 0.00000 -0.00000 -0.00095 -0.00000 0.00000 -0.00000 0.00000 -0.03823 -0.05510 0.00000 -0.00008 0.00000 0.00000 -0.00000 -0.00000 -0.00178 0.00000 0.01471 -0.00000 -0.00000 -0.00006 -0.03770 0.01287
-0.00004 -0.00000 0.00017 0.00000 0.00013 0.00000 -0.00000 0.00000 -0.00000 0.00000 -0.00000 -0.00024 -0.00036 0.00000 -0.00000 -0.00000 -0.00000 0.00002 0.00000 0.16790 -0.00002 -0.00000 -0.00000 0.00000 -0.16487 -0.00062 -0.00000 0.00000 -0.00003 0.03605 0.00000 -0.00000 0.00000 0.00000 0.09540 -0.12757 0.00000 0.00163 -0.00000 -0.00023 -0.00006 0.00000 0.00000 -0.00000 -0.00169 -0.00020 -0.00000 0.00012 0.00080 0.00006
0.00499 -0.00000 0.16942 -0.00000 0.00043 -0.00005 0.00007 0.00015 0.00002 0.00000 0.00000 0.00033 0.03013 -0.00000 -0.00033 -0.00000 -0.00013 0.00023 -0.00000 -0.00000 0.00037 0.00128 0.00000 -0.00000 0.00000 0.04776 0.00015 0.00000 0.00004 -0.00017 -0.00038 -0.00033 0.00013 -0.00000 -0.00003 0.00012 -0.00085 -0.59158 -0.00018 0.01683 -0.00178 0.00000 -0.00000 -0.00000 0.00000 -0.00004 -0.00000 -0.00011 -0.00000 0.00000
0.00064 -0.00000 0.00000 0.00000 -0.00000 -0.00027 0.00017 0.00000 0.00003 -0.00000 0.00000 0.00000 0.00000 -0.00000 -0.00027 -0.00075 -0.00000 0.00000 -0.03655 0.00000 0.00000 0.00000 0.00282 -0.00003 0.00000 0.00000 0.00010 0.00275 -0.00001 -0.00000 -0.06302 -0.00047 0.00000 -0.00000 -0.00427 0.00030 -0.00079 -0.00000 -0.00000 0.00000 -0.00000 -0.00000 -0.00000 0.00013 -0.00000 -0.00000 0.00000 -0.00000 -0.00195 0.00000
0.00006 0.00003 -0.00288 -0.00014 0.00006 -0.00050 0.00020 0.00000 -0.00025 -0.00055 -0.00000 0.00013 -0.00010 0.00019 -0.00020 -0.00011 -0.00025 0.01780 0.00012 0.00126 0.00002 0.00060 0.03020 0.02078 -0.00005 -0.00073 -0.00000 -0.00004 -0.00005 0.00228 0.00031 -0.00065 0.00010 0.00000 -0.00000 -0.00000 -0.00049 0.00006 -0.00018 0.00000 -0.00265 0.01095 -0.00030 -0.00043 0.00298 0.00010 -0.00044 0.00000 -0.00026 -0.00000
0.00008 -0.00000 0.00000 -0.00031 -0.00026 -0.00050 0.00001 0.00000 -0.00008 -0.00062 0.00000 0.00078 0.00009 -0.00033 -0.00024 -0.00015 -0.00002 0.00234 -0.04738 -0.26789 0.00037 -0.00000 0.00103 -0.20432 -0.00000 0.00011 0.00022 0.00000 0.00000 -0.00005 0.00045 -0.00013 -0.00000 -0.00023 -0.01009 0.20510 -0.00079 -0.00135 -0.00026 0.03452 -0.00000 -0.00000 -0.00014 0.00000 0.00000 -0.00001 -0.00057 0.00000 -0.00000 -0.00000
0.00006 -0.00000 -0.00131 -0.00016 0.00000 -0.00062 0.00000 0.00098 -0.00068 -0.00112 0.00001 0.00006 0.00026 -0.00000 -0.00027 -0.00004 -0.00005 0.01858 -0.00073 -0.00031 0.00004 0.01451 0.03416 0.00018 -0.00002 -0.00040 0.00027 0.00015 -0.00000 -0.00033 0.00001 -0.00041 0.00029 -0.00003 -0.22111 0.00004 -0.00067 -0.00022 -0.00014 -0.00004 -0.05311 0.00024 -0.00000 -0.00070 0.00004 0.00000 -0.00072 -0.00009 -0.00000 0.00012
0.00011 -0.00000 0.00000 -0.00000 0.00000 -0.00023 0.00033 0.00000 -0.00005 -0.00037 -0.00061 0.00000 -0.00000 -0.00000 -0.00025 0.00020 -0.00011 0.00000 0.00083 0.00642 -0.00000 -0.00000 -0.00012 0.00000 -0.00000 -0.02048 0.00000 -0.00000 0.00000 0.00000 0.01002 0.00003 0.00050 0.00001 0.00010 -0.00126 -0.00010 -0.00000 0.00000 -0.00010 -0.00000 -0.00000 -0.00000 -0.00000 -0.00000 -0.00000 -0.00000 0.00000 0.00011 -0.00000
0.00003 -0.00000 -0.00039 -0.00012 0.00047 -0.00057 0.00007 0.00127 -0.00049 -0.00030 -0.00017 -0.00000 -0.00000 -0.00000 -0.00011 -0.00000 -0.00020 0.00000 0.25031 -0.00002 0.00006 0.00218 0.00089 0.00421 -0.00000 0.00000 0.00009 -0.00015 0.00000 0.00000 -0.00000 -0.00005 0.00037 0.00000 -0.00009 -0.00011 -0.00062 -0.00000 -0.00019 -0.00029 -0.01781 0.00014 0.00007 -0.00028 0.00004 -0.00014 -0.00010 0.00002 -0.00032 -0.00005
0.18758 -0.00000 -0.00014 -0.00019 0.00048 -0.00017 0.00000 0.00036 -0.00016 -0.00051 -0.00048 0.00000 0.02626 0.00172 -0.00028 -0.00000 -0.00021 0.00051 0.00000 -0.00018 0.00000 0.00053 0.01642 0.00111 -0.00141 0.00010 0.00009 0.00012 -0.00000 -0.00013 0.00016 -0.00000 0.00024 -0.00000 -0.00000 -0.00006 -0.00053 0.00096 -0.00000 0.00000 0.00000 0.01753 0.07193 -0.00034 0.00161 -0.00000 -0.00108 0.02666 -0.00049 0.00006
0.00004 -0.00000 -0.14922 -0.00012 0.00031 -0.00044 0.00004 0.00118 0.00000 -0.00079 0.00007 0.00074 0.00032 -0.00011 -0.00029 -0.00003 -0.00007 0.00940 -0.00025 0.00011 -0.00000 0.04565 0.03883 0.01403 0.00000 -0.00022 0.00000 0.00035 0.00000 -0.00015 0.00006 -0.00000 -0.00000 0.00001 -0.00030 0.00000 0.00000 -0.00623 -0.00017 0.00000 -0.02385 0.00125 -0.00014 -0.00027 0.00308 -0.00000 -0.00085 -0.00019 -0.00071 0.00031
0.00011 0.00000 -0.00771 -0.00017 0.11494 -0.00074 0.00013 0.00316 -0.00000 -0.00055 0.00000 0.00022 0.00000 0.00013 -0.00027 -0.00000 -0.00020 0.00000 -0.00808 -0.00002 0.00006 0.01264 0.04005 0.01256 -0.01589 -0.05323 0.00000 0.00005 -0.00015 -0.00034 0.00024 -0.00063 0.00035 -0.00000 0.00004 -0.00002 -0.00045 0.08474 -0.00002 -0.00018 -0.00100 0.00029 -0.00000 -0.00026 0.00520 -0.00000 -0.00066 0.00003 -0.00011 0.00023
0.00007 0.00001 -0.00004 -0.00000 0.00106 -0.00007 0.00000 0.00128 0.00000 -0.00000 -0.00019 -0.03229 -0.00011 0.00002 -0.00006 0.00037 -0.00022 0.00003 -0.00000 0.00000 -0.00006 0.00086 -0.00000 0.00000 -0.00113 -0.00001 0.00000 -0.00000 -0.00000 -0.00000 0.00019 0.00001 0.00094 0.00043 -0.00000 0.00000 -0.00048 0.00129 -0.00003 -0.00036 -0.00674 0.00101 0.00150 0.00000 -0.06837 0.00031 -0.00017 -0.00000 0.06959 0.00296
0.00014 -0.00000 -0.00020 -0.00000 -0.00026 -0.00015 0.00017 0.00010 0.00000 -0.00031 0.00000 0.02451 0.00002 -0.00049 -0.00025 -0.00000 -0.00000 0.00077 -0.00000 -0.14391 0.00053 -0.00000 -0.00000 -0.00000 0.00000 0.00000 0.00018 0.00000 -0.00027 -0.00018 0.00009 -0.00016 -0.00000 0.00000 -0.10354 0.00000 -0.00040 -0.00190 -0.00030 0.00007 -0.00000 0.00000 -0.00045 0.00000 0.00147 -0.00004 -0.00003 0.00000 -0.00336 0.00019
0.00000 0.00001 0.00008 -0.00012 0.00084 -0.00047 0.00019 0.00111 -0.00028 -0.00057 0.00000 0.00010 -0.00027 -0.00019 -0.00015 -0.00000 -0.00010 0.01024 -0.00078 0.00000 0.00003 0.00101 0.04163 0.00320 -0.00024 -0.00045 0.00008 0.00000 0.00000 0.00064 0.00013 -0.00022 -0.02196 0.00001 -0.00004 -0.00013 0.00000 0.00000 0.00000 0.00000 -0.01910 0.01150 -0.00012 -0.00056 0.00282 -0.00013 -0.00035 -0.00000 -0.00018 0.00012
0.00016 0.00000 -0.00000 -0.00003 0.00000 -0.00007 0.00026 0.00000 0.00008 0.00000 -0.00016 0.00000 0.04144 0.00000 -0.00018 0.00033 -0.00026 -0.00000 0.00180 -0.00000 -0.00029 -0.00000 -0.00005 0.00000 -0.00000 -0.38295 0.00005 -0.00010 -0.00000 0.04419 0.00882 0.00010 -0.00000 0.00000 -0.00000 -0.00024 -0.00000 0.00000 0.00000 -0.00000 0.00000 0.00000 0.00000 0.00000 0.00000 0.00000 -0.00000 0.00000 0.00006 -0.00000
0.00003 0.00000 -0.00105 -0.00018 0.28350 -0.00020 0.00000 0.00041 -0.00006 -0.00063 0.00000 0.00078 0.02771 -0.02147 -0.00016 -0.00000 -0.00012 0.00725 0.00000 -0.00000 0.00029 0.00842 0.02266 0.00331 0.00020 -0.00061 0.00010 0.00001 0.00000 -0.00030 0.00006 -0.00037 0.00050 0.00001 -0.00000 -0.00000 -0.00089 -0.03681 -0.00000 0.00000 -0.00992 0.00251 -0.00057 -0.00000 0.01318 -0.00000 -0.00016 -0.00052 -0.00011 0.00096
0.00000 0.00000 0.00000 -0.00032 -0.00000 -0.00071 0.00013 -0.00000 0.00000 -0.00046 0.00010 0.00057 0.00397 -0.00103 -0.00035 -0.00026 -0.00000 0.00144 -0.04473 -0.00301 0.00031 -0.00000 0.00171 -0.00060 0.00000 -0.00028 0.00023 -0.00000 0.00000 -0.00020 0.00012 -0.00030 -0.00000 0.00000 -0.00153 0.00029 -0.00077 -0.09914 -0.00014 0.00000 0.00000 0.00012 -0.00006 -0.00022 0.00000 -0.00011 -0.00068 -0.00017 -0.00004 -0.00000
0.00470 -0.00000 -0.00000 0.00000 -0.00022 0.00002 -0.00000 -0.00035 -0.00000 -0.00036 -0.00000 0.00000 0.00000 -0.00035 -0.00000 -0.00000 -0.00008 -0.00000 -0.00024 -0.00009 -0.00000 -0.50008 0.00000 -0.00098 0.00029 0.00031 0.00005 0.00973 -0.00000 -0.00017 -0.00000 -0.00032 0.00000 -0.00000 -0.00000 0.00032 0.00000 -0.00220 0.00000 0.04084 0.00000 0.00000 -0.02257 0.00002 0.00000 -0.00000 -0.00000 -0.00004 -0.00000 0.00003
0.01855 -0.00000 -0.00065 -0.00000 0.17717 -0.00038 0.00000 0.00000 0.00000 0.00000 -0.00000 0.00013 0.00000 0.14805 -0.00026 -0.00019 0.00000 0.01650 0.00000 -0.00014 -0.00000 0.00774 0.02655 0.00000 -0.00000 -0.00000 -0.00000 0.00000 -0.00014 0.05787 0.00015 0.00000 0.00024 0.00000 -0.00007 -0.00010 -0.00000 0.00013 -0.00021 0.00000 -0.01488 -0.00000 0.00016 -0.00021 0.00013 -0.00001 -0.00000 -0.00355 -0.00041 -0.00000
0.26676 -0.00000 -0.00012 -0.00037 0.00009 -0.00035 0.00010 0.09568 -0.00010 -0.00044 -0.00028 0.00000 -0.00000 0.08360 -0.00044 -0.00000 -0.00032 0.00135 0.00030 -0.00003 -0.00000 0.06224 -0.00011 0.00901 -0.04847 0.04569 0.00005 -0.00010 0.00000 0.00019 0.00030 0.00000 0.00041 -0.00000 -0.00006 -0.00041 -0.00059 0.10148 -0.00034 -0.00026 -0.00000 0.00023 -0.00000 -0.00071 0.00000 -0.00002 -0.00039 0.00000 0.00000 0.00000
0.00001 0.00000 -0.00559 -0.00020 0.00036 -0.00050 0.00022 0.00171 -0.00012 -0.00041 0.00000 0.00012 0.00018 0.00000 -0.00030 -0.00000 -0.00003 0.01808 -0.00009 -0.00007 0.00000 0.01014 0.03206 0.00637 -0.00041 -0.00052 0.00024 0.00000 -0.00003 -0.00029 0.00016 -0.00016 0.00015 0.00004 -0.00015 -0.00013 -0.00069 -0.00000 -0.00007 -0.00007 -0.00767 0.00048 -0.00009 -0.00000 0.00133 0.00013 -0.00071 -0.00000 -0.00030 0.00004
0.00000 0.00000 -0.02916 0.00000 -0.00017 -0.00032 0.00028 -0.00054 0.00000 -0.00050 0.00017 0.00000 0.01762 -0.00064 -0.00000 -0.00006 -0.00016 0.00123 -0.00003 -0.00000 0.00046 -0.07247 -0.00000 -0.00060 0.00028 0.00020 0.00012 0.00100 -0.00000 -0.00007 0.00020 -0.00034 -0.00000 -0.00000 -0.00000 0.00001 -0.00023 -0.05799 0.00000 0.01166 0.55457 0.00034 -0.04475 -0.00000 0.00000 -0.00012 -0.00081 -0.00007 -0.00000 0.00024
0.00005 0.00000 -0.00410 -0.02692 0.01891 -0.00068 -0.00041 0.00252 -0.00035 -0.00077 -0.00003 0.00002 -0.00017 0.00011 -0.00020 -0.00000 -0.00046 -0.23650 -0.00532 -0.00008 0.00030 0.00305 0.02871 0.00320 -0.00264 -0.03863 -0.00025 0.00000 -0.00006 -0.00049 0.00004 -0.00000 0.00062 0.07878 -0.00000 -0.00030 -0.00064 0.03692 -0.00022 -0.00021 -0.01199 0.00082 -0.00008 -0.00043 0.00009 -0.00000 -0.00028 0.00000 -0.00040 0.00011
0.00006 -0.00006 -0.00966 -0.00025 -0.00022 -0.00082 -0.00009 0.00027 -0.00000 -0.00052 0.00000 0.00000 -0.15473 -0.25153 -0.00030 0.00000 -0.00059 0.01763 -0.00008 -0.00002 0.14278 0.01523 0.04749 0.03847 -0.00048 -0.00064 0.00004 0.00000 0.00000 0.09010 0.00016 -0.00014 0.00027 0.00000 -0.00009 -0.00010 -0.00094 -0.00000 -0.00042 0.00000 -0.02430 -0.00159 -0.00079 -0.00023 0.00005 -0.00020 -0.00000 0.00000 -0.00008 0.00000
0.35136 0.00000 -0.00953 -0.00029 -0.00018 -0.00031 0.00007 -0.00054 -0.00034 -0.00036 -0.00065 0.00020 -0.09072 -0.05189 -0.00040 0.00003 -0.00047 0.00099 -0.00017 -0.00034 0.00230 -0.00003 0.00535 0.00109 -0.00099 0.00045 0.00039 0.00010 -0.00000 0.08680 0.00012 0.00000 0.00017 -0.00000 -0.00021 -0.00042 -0.00090 0.00000 -0.00050 0.00000 0.00000 -0.00010 0.09655 -0.00056 0.00118 -0.00000 0.03654 -0.00000 -0.00173 0.00044
0.00004 0.00000 -0.00781 -0.00002 0.00031 -0.00025 0.00000 0.03669 -0.00028 -0.00023 -0.00189 -0.02990 -0.00010 0.00000 -0.00039 0.00024 -0.00012 0.00057 0.00000 -0.00000 0.00000 0.07917 0.00000 -0.00007 -0.01445 -0.00031 0.00016 -0.00041 -0.00000 -0.00000 0.00035 0.00000 0.00069 -0.00000 -0.00000 0.00014 -0.00054 0.00016 -0.00010 -0.00054 -0.08881 -0.00000 0.00003 -0.00017 -0.14063 -0.00009 -0.00030 0.00009 -0.00000 0.00018
0.00003 -0.00000 0.24564 -0.00029 0.00048 -0.00075 0.00008 0.00004 -0.00029 -0.00062 -0.00019 0.00027 0.00029 0.00073 -0.00022 -0.00024 -0.00061 0.00080 0.00000 -0.00050 0.00018 0.12843 -0.00000 -0.00004 0.31733 -0.00000 0.00000 0.01068 0.00000 -0.00005 0.00090 -0.00036 0.00043 -0.00000 -0.00026 0.00000 -0.00062 0.00061 -0.00035 0.00000 -0.00410 0.00597 -0.00000 -0.00035 0.00012 0.00000 -0.00093 -0.00043 -0.00020 -0.00000
