1.000 -0.001 -0.001 -0.002 -0.001 -0.002 -0.001 -0.001 -0.001 -0.006 -0.003 -0.002 -0.001 -0.001 -0.001 -0.001 -0.002 -0.002 -0.001 -0.003 -0.001 -0.001 -0.002 -0.001 -0.002 -0.001 -0.007 -0.001 -0.002 -0.006
-0.001 1.000 -0.010 -0.011 -0.010 -0.011 -0.010 -0.011 -0.010 -0.012 -0.011 -0.011 -0.010 -0.010 -0.010 -0.010 -0.011 -0.011 -0.010 -0.011 -0.010 -0.010 -0.011 -0.010 -0.011 -0.010 -0.013 -0.010 -0.011 -0.012
-0.001 -0.010 1.000 -0.007 -0.007 -0.008 -0.007 -0.007 -0.007 -0.014 -0.010 -0.008 -0.007 -0.007 -0.007 -0.007 -0.008 -0.007 -0.007 -0.010 -0.007 -0.007 -0.009 -0.007 -0.009 -0.007 -0.015 -0.007 -0.007 -0.014
-0.002 -0.011 -0.007 1.000 0.000 0.001 0.000 0.000 0.000 0.004 0.002 0.001 0.000 0.000 0.000 0.000 0.001 0.000 0.000 0.002 0.000 0.000 0.001 0.000 0.001 0.000 0.004 0.000 0.000 0.003
-0.001 -0.010 -0.007 0.000 1.000 0.000 0.001 0.000 0.001 0.000 0.000 0.001 0.001 0.000 0.000 0.001 0.001 0.001 0.001 0.000 0.001 0.001 0.000 0.000 0.001 0.001 -0.000 0.001 0.000 -0.000
-0.002 -0.011 -0.008 0.001 0.000 1.000 -0.003 -0.003 -0.003 -0.007 -0.005 -0.004 -0.003 -0.003 -0.003 -0.003 -0.004 -0.004 -0.003 -0.005 -0.003 -0.003 -0.004 -0.003 -0.004 -0.004 -0.008 -0.003 -0.003 -0.007
-0.001 -0.010 -0.007 0.000 0.001 -0.003 1.000 -0.012 -0.012 -0.023 -0.017 -0.014 -0.012 -0.012 -0.012 -0.012 -0.014 -0.013 -0.012 -0.016 -0.012 -0.012 -0.014 -0.012 -0.015 -0.012 -0.025 -0.012 -0.012 -0.022
-0.001 -0.011 -0.007 0.000 0.000 -0.003 -0.012 1.000 0.001 0.001 0.001 0.001 0.001 0.001 0.001 0.001 0.001 0.001 0.001 0.001 0.001 0.001 0.001 0.001 0.001 0.001 0.001 0.001 0.001 0.001
-0.001 -0.010 -0.007 0.000 0.001 -0.003 -0.012 0.001 1.000 -0.002 -0.003 -0.003 -0.003 -0.003 -0.003 -0.003 -0.003 -0.003 -0.003 -0.003 -0.003 -0.003 -0.003 -0.003 -0.003 -0.003 -0.002 -0.003 -0.003 -0.002
-0.006 -0.012 -0.014 0.004 0.000 -0.007 -0.023 0.001 -0.002 1.001 0.006 0.004 0.003 0.003 0.003 0.003 0.004 0.003 0.003 0.006 0.003 0.003 0.004 0.003 0.005 0.003 0.012 0.003 0.003 0.010
-0.003 -0.011 -0.010 0.002 0.000 -0.005 -0.017 0.001 -0.003 0.006 1.001 0.013 0.012 0.012 0.012 0.012 0.013 0.012 0.012 0.015 0.012 0.012 0.014 0.012 0.014 0.012 0.021 0.012 0.012 0.019
-0.002 -0.011 -0.008 0.001 0.001 -0.004 -0.014 0.001 -0.003 0.004 0.013 1.001 0.019 0.019 0.019 0.019 0.019 0.019 0.019 0.021 0.019 0.019 0.020 0.019 0.020 0.019 0.025 0.019 0.019 0.024
-0.001 -0.010 -0.007 0.000 0.001 -0.003 -0.012 0.001 -0.003 0.003 0.012 0.019 1.001 0.001 0.001 0.001 0.001 0.001 0.001 0.001 0.001 0.001 0.001 0.001 0.001 0.001 0.002 0.001 0.001 0.002
-0.001 -0.010 -0.007 0.000 0.000 -0.003 -0.012 0.001 -0.003 0.003 0.012 0.019 0.001 1.001 -0.004 -0.004 -0.004 -0.004 -0.004 -0.004 -0.004 -0.004 -0.004 -0.004 -0.004 -0.004 -0.005 -0.004 -0.004 -0.004
-0.001 -0.010 -0.007 0.000 0.000 -0.003 -0.012 0.001 -0.003 0.003 0.012 0.019 0.001 -0.004 1.001 0.014 0.015 0.014 0.014 0.016 0.014 0.014 0.015 0.014 0.015 0.014 0.019 0.014 0.014 0.018
-0.001 -0.010 -0.007 0.000 0.001 -0.003 -0.012 0.001 -0.003 0.003 0.012 0.019 0.001 -0.004 0.014 1.001 0.001 0.001 0.001 0.001 0.001 0.001 0.001 0.001 0.000 0.001 -0.000 0.001 0.001 0.000
-0.002 -0.011 -0.008 0.001 0.001 -0.004 -0.014 0.001 -0.003 0.004 0.013 0.019 0.001 -0.004 0.015 0.001 1.001 0.002 0.002 -0.002 0.002 0.002 -0.000 0.002 -0.000 0.002 -0.011 0.002 0.002 -0.008
-0.002 -0.011 -0.007 0.000 0.001 -0.004 -0.013 0.001 -0.003 0.003 0.012 0.019 0.001 -0.004 0.014 0.001 0.002 1.001 0.001 0.001 0.001 0.001 0.001 0.001 0.001 0.001 -0.000 0.001 0.001 0.000
-0.001 -0.010 -0.007 0.000 0.001 -0.003 -0.012 0.001 -0.003 0.003 0.012 0.019 0.001 -0.004 0.014 0.001 0.002 0.001 1.001 -0.001 -0.001 -0.001 -0.001 -0.001 -0.001 -0.001 -0.002 -0.001 -0.001 -0.002
-0.003 -0.011 -0.010 0.002 0.000 -0.005 -0.016 0.001 -0.003 0.006 0.015 0.021 0.001 -0.004 0.016 0.001 -0.002 0.001 -0.001 1.001 0.007 0.007 0.008 0.007 0.008 0.007 0.014 0.007 0.007 0.012
-0.001 -0.010 -0.007 0.000 0.001 -0.003 -0.012 0.001 -0.003 0.003 0.012 0.019 0.001 -0.004 0.014 0.001 0.002 0.001 -0.001 0.007 1.001 0.024 0.025 0.024 0.025 0.024 0.031 0.024 0.024 0.030
-0.001 -0.010 -0.007 0.000 0.001 -0.003 -0.012 0.001 -0.003 0.003 0.012 0.019 0.001 -0.004 0.014 0.001 0.002 0.001 -0.001 0.007 0.024 1.002 0.002 0.001 0.002 0.001 0.004 0.001 0.001 0.004
-0.002 -0.011 -0.009 0.001 0.000 -0.004 -0.014 0.001 -0.003 0.004 0.014 0.020 0.001 -0.004 0.015 0.001 -0.000 0.001 -0.001 0.008 0.025 0.002 1.002 0.007 0.008 0.007 0.015 0.007 0.007 0.013
-0.001 -0.010 -0.007 0.000 0.000 -0.003 -0.012 0.001 -0.003 0.003 0.012 0.019 0.001 -0.004 0.014 0.001 0.002 0.001 -0.001 0.007 0.024 0.001 0.007 1.002 0.035 0.033 0.048 0.033 0.033 0.045
-0.002 -0.011 -0.009 0.001 0.001 -0.004 -0.015 0.001 -0.003 0.005 0.014 0.020 0.001 -0.004 0.015 0.000 -0.000 0.001 -0.001 0.008 0.025 0.002 0.008 0.035 1.003 0.019 0.038 0.018 0.019 0.033
-0.001 -0.010 -0.007 0.000 0.001 -0.004 -0.012 0.001 -0.003 0.003 0.012 0.019 0.001 -0.004 0.014 0.001 0.002 0.001 -0.001 0.007 0.024 0.001 0.007 0.033 0.019 1.003 0.003 0.003 0.003 0.003
-0.007 -0.013 -0.015 0.004 -0.000 -0.008 -0.025 0.001 -0.002 0.012 0.021 0.025 0.002 -0.005 0.019 -0.000 -0.011 -0.000 -0.002 0.014 0.031 0.004 0.015 0.048 0.038 0.003 1.007 0.018 0.018 0.043
-0.001 -0.010 -0.007 0.000 0.001 -0.003 -0.012 0.001 -0.003 0.003 0.012 0.019 0.001 -0.004 0.014 0.001 0.002 0.001 -0.001 0.007 0.024 0.001 0.007 0.033 0.018 0.003 0.018 1.003 0.019 0.023
-0.002 -0.011 -0.007 0.000 0.000 -0.003 -0.012 0.001 -0.003 0.003 0.012 0.019 0.001 -0.004 0.014 0.001 0.002 0.001 -0.001 0.007 0.024 0.001 0.007 0.033 0.019 0.003 0.018 0.019 1.003 0.030
-0.006 -0.012 -0.014 0.003 -0.000 -0.007 -0.022 0.001 -0.002 0.010 0.019 0.024 0.002 -0.004 0.018 0.000 -0.008 0.000 -0.002 0.012 0.030 0.004 0.013 0.045 0.033 0.003 0.043 0.023 0.030 1.008
