0.00000 0.00042 -0.00038 -0.00986 0.00026 0.05825 -0.00000 0.00048 -0.00042 -0.00000 0.08188 0.00001 -0.00007 -0.00001 -0.00078 0.00032 -0.00228 -0.00007 -0.00004 -0.00002 0.00049 0.00007 -0.21343 -0.00015 0.00188 -0.00019 -0.00085 -0.00000 0.00004 -0.00339
0.00051 -0.00000 0.17904 0.00020 0.00015 0.00003 -0.03520 -0.00013 0.00010 0.00063 0.11950 0.00507 -0.00017 -0.00000 -0.00021 -0.00228 -0.00020 0.10364 0.00012 -0.00678 0.00015 0.00033 0.50426 -0.00035 -0.00227 -0.00021 0.00000 0.00035 -0.00033 -0.00052
0.00007 0.00000 0.00000 0.01372 -0.00019 -0.02150 0.00007 -0.00028 0.00012 -0.00005 0.45560 0.00714 -0.00014 -0.00000 -0.03563 -0.02690 -0.01046 0.48395 0.00000 -0.00384 -0.00034 -0.00009 0.19211 -0.00109 -0.13980 -0.00000 -0.01344 -0.00013 -0.07026 -0.00066
-0.00039 0.00027 0.00000 0.00000 -0.00033 -0.05248 0.00032 0.00000 0.00017 0.00001 -0.17057 -0.00017 0.00009 -0.00000 0.00007 -0.00166 0.00001 0.00075 0.00000 -0.00020 -0.00011 -0.00002 -0.00010 -0.00015 -0.00377 0.00029 -0.00000 -0.00006 0.00168 0.00150
-0.00010 -0.00016 -0.00113 0.00009 -0.00000 0.00057 0.00001 0.00042 0.00019 -0.00003 -0.00056 0.00211 0.00000 -0.00021 0.00018 0.00015 0.00032 -0.00031 0.00072 -0.00095 -0.00004 -0.00000 0.00003 -0.00012 -0.00045 -0.00001 0.00029 -0.00070 -0.00223 0.00012
0.00000 0.00022 0.00015 -0.00000 0.00065 0.00000 -0.00000 0.00066 -0.00005 -0.00004 0.24143 0.00000 -0.00035 -0.00000 -0.00190 -0.00003 0.00095 -0.00017 0.00006 0.00000 -0.00033 -0.00026 -0.00000 0.00007 0.01207 -0.00012 -0.00004 -0.00409 0.00000 -0.02604
-0.31845 0.00000 -0.00000 0.00046 -0.00067 -0.03249 -0.00000 -0.00015 0.00038 0.00534 -0.05075 0.12481 0.00024 -0.00000 0.00011 -0.00002 0.00262 0.00002 0.00014 -0.07121 -0.00000 0.00000 0.29886 -0.00101 -0.00054 -0.00000 0.00052 -0.00033 -0.10259 0.00166
0.00104 0.00011 0.00005 0.00010 0.00000 0.00032 -0.00069 0.00000 -0.00014 -0.00078 0.00097 -0.00151 -0.00008 -0.00029 0.00040 0.00006 -0.00169 -0.00017 -0.00009 0.00080 0.00040 -0.00013 0.00020 0.00003 -0.00072 0.00001 0.00032 -0.00045 0.00099 -0.00086
-0.00100 -0.00014 -0.00016 -0.00019 -0.00000 0.00010 0.00116 0.00002 0.00000 0.00034 -0.00235 0.00071 0.00012 0.00093 -0.00000 -0.00025 -0.00028 0.00060 0.00000 -0.00062 0.00004 -0.00000 0.00025 -0.00005 -0.10660 -0.00044 -0.00077 0.00033 -0.00228 0.00055
-0.05448 -0.00000 0.00065 0.01234 0.00009 -0.08631 -0.00000 0.00026 -0.00014 0.00000 -0.08890 -0.00000 0.00176 0.01314 0.00333 0.00124 0.01410 0.01340 0.00435 0.00000 -0.00016 0.00039 0.06735 0.00168 0.00612 0.00240 0.00108 0.00242 -0.00001 0.03607
0.00001 0.00000 0.00000 -0.00000 -0.00086 0.00000 -0.00005 0.00020 -0.00083 -0.00005 0.00000 -0.00004 -0.00030 -0.00000 0.00003 -0.00001 0.10185 0.00000 -0.00011 0.00003 -0.01160 0.00010 -0.00019 -0.03914 -0.02076 -0.00011 -0.00000 -0.00032 0.00000 -1.04285
-0.02474 -0.00003 -0.00003 0.00011 -0.00022 -0.12461 -0.00000 -0.00006 0.00029 0.28499 -0.06144 0.00000 0.00031 -0.00006 0.00014 0.00006 0.00026 0.00067 -0.00004 -0.62346 -0.00007 -0.00011 0.02564 0.00012 -0.00033 0.00000 0.00000 -0.00000 -0.00000 0.00000
-0.00021 -0.00001 -0.00251 0.00025 -0.00000 -0.00007 0.00096 -0.00010 0.00045 0.00111 -0.00166 0.00150 -0.00000 0.00025 -0.00031 -0.00001 0.00035 -0.00186 -0.00013 -0.00117 -0.00001 -0.00012 0.00001 0.00112 -0.00163 -0.00007 -0.00011 0.00054 -0.00215 0.00089
-0.05387 0.02980 0.16912 0.37861 -0.00005 -0.10490 0.03281 -0.00003 0.00033 -0.00001 -0.38216 0.00069 0.00004 -0.00000 0.00058 -0.00022 -0.00476 0.00112 0.00000 -0.00080 -0.00018 -0.00011 0.04372 -0.00024 -0.01119 0.00019 0.00029 -0.00000 0.00176 -0.00023
-0.00003 0.00000 -0.00001 0.00006 0.00006 -0.00061 0.00030 0.00033 0.19211 -0.00002 -0.04915 0.00042 -0.00004 0.00037 -0.00000 -0.00003 -0.14528 0.11160 0.00019 -0.00020 -0.00012 0.00000 0.00024 -0.00006 -0.42814 -0.00000 -0.00001 -0.00001 -0.00153 0.00000
0.00088 -0.00000 -0.00000 -0.00096 0.00003 -0.00024 -0.00042 0.00005 -0.00039 0.00000 -0.04671 -0.00008 -0.00017 -0.00013 0.00005 -0.00000 -0.00071 -0.00000 -0.00025 0.00040 0.00046 -0.00018 -0.00004 -0.00000 -0.00079 -0.00013 0.00036 0.00019 0.00024 0.00776
-0.00007 0.00005 -0.00003 -0.00000 -0.00024 0.00056 -0.00000 0.00015 -0.01513 -0.00006 -0.00000 0.00041 -0.00057 -0.00006 0.00000 -0.00028 0.00000 0.00005 -0.00028 -0.00046 -0.00000 0.00026 -0.00012 -0.00000 0.10125 0.00003 1.21195 -0.00000 -0.00037 0.80292
0.00002 0.00000 0.00000 0.00197 -0.00000 -0.00165 0.00166 -0.00001 0.00050 -0.00026 0.21354 0.00100 -0.00000 0.00002 0.00000 -0.29763 0.05865 -0.00000 -0.00000 0.00005 -0.00035 -0.00001 0.07439 -0.00048 0.28242 -0.00023 -0.00162 -0.00000 -0.00522 -0.00134
-0.00003 -0.00088 -0.00071 0.00031 0.00000 -0.00020 0.00083 -0.00014 -0.00000 0.00019 -0.00127 0.00103 0.00000 0.00042 0.00001 -0.00011 -0.00030 -0.00030 -0.00000 -0.00070 0.00022 -0.00006 0.00011 0.00010 0.00014 0.00007 -0.00019 -0.00006 -0.00127 0.00003
0.02619 0.00012 -0.00007 -0.00026 -0.00010 0.04634 -0.00002 -0.00000 -0.00007 -1.18275 0.04070 -0.00000 -0.00116 -0.00064 0.00000 -0.00041 -0.00060 -0.00355 -0.00007 -0.00000 0.00005 -0.00024 -0.00095 0.00011 -0.00089 -0.00075 -0.00029 -0.00084 0.00000 -0.00081
0.00013 -0.00016 -0.00002 0.00004 -0.00002 0.00020 -0.00004 0.00033 -0.00001 -0.00000 -0.00018 0.00010 0.00016 -0.00023 0.00015 0.00050 -0.12749 -0.00015 0.00000 0.00008 -0.00000 -0.00023 -0.00085 -0.03955 -0.02939 -0.44450 0.00086 -0.02921 0.00008 0.00000
-0.00013 0.00017 -0.00000 -0.00024 -0.00010 -0.00062 -0.00000 -0.00006 -0.00012 0.00026 -0.00017 0.00063 -0.00008 0.00015 0.00012 -0.00017 0.00053 0.00000 -0.00015 -0.00057 -0.00000 -0.00000 0.00000 -0.00019 -0.00058 -0.00020 0.00043 0.00000 -0.00052 0.00020
-0.00000 -0.00000 0.00000 0.03105 -0.00044 -0.06036 -0.00000 -0.00022 0.00002 0.00000 -0.00016 -0.00013 0.00001 -0.00001 -0.00011 -0.01841 -0.01270 0.00003 -0.00000 0.00000 -0.00218 -0.00028 0.00000 -0.00239 -0.02263 0.00017 0.00041 0.00156 0.00003 -0.00007
0.00018 -0.00006 -0.00020 0.00011 0.00023 -0.00004 -0.00005 0.00042 -0.00019 -0.00026 -0.00007 0.00075 0.00084 0.00000 -0.00008 -0.00038 -0.41546 -0.00000 -0.00007 -0.00064 0.00000 -0.00000 -0.00019 -0.00000 -0.09232 -0.00011 -0.00034 -0.13848 0.00002 0.00005
0.00043 0.00017 -0.00000 -0.00058 -0.00066 0.00016 -0.00087 -0.00053 -0.00003 -0.00000 -0.00000 -0.00079 -0.00051 -0.00020 0.00000 -0.00889 0.00003 0.00000 -0.00016 0.00042 0.00004 0.00029 -0.00012 0.00001 0.00000 -0.00020 -1.32961 0.00000 0.00131 0.03393
0.00000 0.00127 0.00113 0.00037 -0.00015 -0.00004 -0.00000 0.00009 -0.00016 -0.00013 0.00152 -0.00045 -0.00009 0.00014 -0.00072 -0.00027 0.05206 0.00038 -0.00006 0.00056 -0.00000 -0.00004 -0.00005 0.00444 0.00075 0.00000 0.00046 0.00118 0.00003 -0.00147
-0.00046 0.00019 -0.00000 0.00039 0.00010 0.00012 0.00128 0.00089 -0.00002 -0.00002 0.00003 0.00008 0.00022 -0.00020 0.00000 0.00281 0.00000 -0.00000 -0.00000 -0.00006 0.00000 0.00040 -0.00000 -0.00000 -0.00000 0.00006 0.00000 -0.00000 -0.00129 0.07132
-0.00001 0.00037 0.00010 0.00004 -0.00000 -0.00032 0.00045 0.00003 0.00089 0.00066 -0.00135 0.00093 -0.00045 0.00018 0.07975 0.00000 -0.23568 -0.06859 -0.00034 -0.00120 0.00001 0.00004 0.00160 0.00000 0.17670 0.00003 -0.00019 0.00000 -0.00091 0.00062
0.07704 0.00021 -0.00000 -0.00009 0.00016 0.27168 -0.00000 0.00028 -0.00004 -0.04659 0.17827 -0.42706 -0.00035 0.00009 -0.00061 -0.00051 -0.00042 -0.00000 -0.00000 0.12756 -0.00003 -0.00016 -0.07283 -0.00000 0.00039 -0.00020 -0.00024 0.00000 -0.00000 -0.00097
-0.00000 -0.00000 -0.00000 0.00000 0.00006 -0.00003 0.00001 0.00013 -0.00027 0.00005 -0.00000 -0.00000 -0.00052 0.00000 -0.00007 -0.00007 0.00000 0.00000 -0.00079 -0.00009 -0.00000 0.00048 -0.00042 -0.00000 -0.00001 0.00003 -0.00000 -0.00001 -0.00003 0.00000
