0.00000 0.08317 0.00309 -0.00000 0.05139 -0.09501 0.00000 0.32624 0.00000 0.00000 -0.03974 -0.00000 -0.00000 -0.00000 0.00000 0.00000 0.00000 0.02739 0.00000 0.00000 -0.15852 0.00000 -0.44084 0.00000 0.00000 -0.00000 0.00000 -0.21933 -0.00000 -0.00000
0.00000 -0.00000 -0.00037 0.00004 -0.00200 0.00001 -0.00022 0.03151 0.00035 0.00008 -0.00048 0.00000 0.00000 -0.00004 0.00000 -0.00019 -0.00019 -0.00000 -0.00012 -0.00035 0.00056 -0.00000 0.00002 -0.00001 -0.00011 0.00000 0.00000 0.00000 0.00010 0.00000
-0.00026 0.00053 -0.00000 -0.00005 -0.00042 0.00141 -0.00000 -0.00000 0.00245 0.00067 0.00014 0.00000 0.00025 -0.00000 0.00073 -0.00005 0.00374 0.01092 -0.00021 0.00046 -0.00000 -0.00048 0.00000 -0.00018 0.00387 0.00111 -0.00008 0.00003 0.00042 0.01141
-0.06328 0.00477 -0.00010 -0.00000 -0.00053 -0.06096 -0.00113 0.13819 0.02743 0.01057 0.00016 0.28639 -0.00006 -0.00052 0.00080 -0.00063 0.00350 0.02918 0.00000 0.00022 0.13035 0.00025 0.00015 -0.00044 0.00104 0.00016 0.00093 0.03597 0.00019 0.05030
0.00001 -0.00022 0.00022 -0.00002 0.00000 -0.00000 0.00005 -0.02000 -0.00000 0.00280 0.00060 -0.00000 0.00000 0.00000 -0.00014 0.00000 0.00154 -0.00000 0.00000 0.00104 -0.00000 -0.00014 -0.00007 0.00016 -0.00000 -0.00009 0.00002 0.00007 0.00012 0.00009
0.00000 0.00191 0.00051 -0.00000 0.04052 -0.00000 -0.00007 -0.03779 0.00019 0.00069 0.00018 0.00000 -0.00004 -0.00000 -0.00033 -0.00007 0.00004 0.01909 0.00037 0.00027 -0.02610 -0.00077 -0.08221 -0.00026 0.00056 -0.00006 0.00000 0.29480 0.00005 0.00233
-0.07034 0.01060 -0.00008 -0.00041 -0.00073 0.00010 0.00000 0.04153 0.01386 0.00030 -0.01150 -0.05154 -0.16824 -0.00114 0.00022 0.51307 0.00063 -0.00045 -0.00143 0.00003 0.00024 -0.00059 -0.00005 -0.04577 -0.00000 -0.00138 0.00004 -0.00027 0.00017 0.05037
0.00000 -0.00000 -0.05137 -0.00000 -0.00005 -0.00002 0.00000 -0.00000 -0.00026 0.00000 -0.00000 0.00000 -0.00001 0.00000 -0.00000 0.00000 -0.00000 -0.00052 0.00005 -0.00006 0.00022 0.00000 -0.00000 -0.02318 0.00001 -0.00000 -0.00000 -0.00000 -0.00000 0.00000
-0.02758 0.00083 -0.00006 0.00000 0.18220 0.00075 -0.00000 -0.00036 0.00000 0.00019 -0.00885 -0.03689 0.00045 -0.00006 0.00000 -0.00053 -0.00012 0.00911 -0.00002 -0.00000 0.00000 -0.00002 -0.00281 -0.00192 -0.00000 0.00003 -0.00040 -0.00125 0.00029 0.02502
-0.00044 0.00174 0.00002 -0.00018 -0.00026 0.00038 -0.00085 -0.00166 0.01097 -0.00000 -0.00017 -0.01800 -0.00027 -0.00028 0.00018 0.00026 0.00051 0.00192 0.00010 0.00000 -0.00018 -0.00065 -0.00220 -0.00110 0.00093 -0.00012 -0.00137 -0.00149 -0.00003 0.02083
0.00000 0.00771 0.00569 -0.00002 -0.00027 0.00007 -0.00003 -0.18257 0.00012 0.00041 -0.00000 0.00000 0.00052 -0.00002 0.00000 -0.00003 0.00061 -0.00201 -0.00001 0.00040 0.00070 -0.00012 0.00000 0.43860 0.00114 0.00000 0.00008 0.00000 0.00000 0.00160
-1.52361 0.12786 -0.00037 0.00000 0.00173 0.02933 0.00000 0.27639 0.00000 0.00001 -0.05178 0.00000 -0.00000 0.00000 -0.00000 0.00000 -0.00000 0.00991 -0.00004 -0.00000 -0.00059 0.00000 -0.66458 -0.00522 -0.00000 -0.00000 0.00000 -0.43858 -0.00000 0.00000
-0.02919 0.00874 -0.00057 -0.00068 0.03058 0.00204 -0.00000 0.02209 0.00035 0.00050 0.00014 -0.04165 0.00000 0.00038 0.00000 -0.00000 0.00078 0.04488 -0.00000 0.00011 -0.00028 -0.00000 0.00010 -0.00005 0.00050 0.00000 0.00027 0.00119 0.00000 0.00000
-0.07451 0.00666 -0.00243 -0.00082 0.02596 0.15955 -0.00185 -0.28939 0.00888 0.00189 0.00027 0.13004 0.00004 -0.00000 -0.00011 -0.00030 -0.00010 0.00231 0.00020 0.00049 -0.08614 -0.00068 -0.01118 -0.01175 0.00086 -0.00228 -0.00049 -0.08706 -0.00056 0.02218
-0.02915 0.04830 -0.00041 0.00000 -0.00025 0.00099 -0.00135 0.05287 0.02751 0.00003 -0.07781 -0.05251 -0.06379 0.00007 0.00000 -0.40086 0.00001 -0.32289 -0.00000 -0.00011 -0.00008 -0.00055 0.00054 -0.19941 0.00060 0.17245 -0.00021 0.00068 -0.00009 0.02664
-0.04891 0.01532 0.00037 -0.00029 0.07158 0.00026 0.00000 -0.01994 0.00069 0.00124 0.01569 -0.04486 -0.21083 -0.00010 -0.00000 0.00000 -0.00047 0.05714 0.00000 0.00014 -0.00043 -0.00000 -0.11620 0.04349 0.00054 -0.00000 0.00023 -0.00198 0.00048 0.00000
-0.00396 0.00159 -0.00008 0.00033 -0.00095 0.00114 -0.00103 -0.00124 0.00585 0.00131 0.00073 -0.01828 0.00029 0.00043 -0.00026 -0.00160 -0.00000 0.00019 -0.00133 -0.00000 0.00000 -0.00071 -0.00107 -0.00000 0.00166 -0.00014 -0.00057 -0.00124 -0.00000 0.01569
0.00002 -0.44369 0.00005 -0.00001 0.08253 0.00000 0.00011 -0.00203 -0.00028 0.00039 0.00000 -0.00000 -0.00000 0.00000 -0.00000 0.00000 0.00000 0.00000 0.00000 -0.00007 -0.00019 0.00000 0.00000 -0.00000 0.00031 -0.00000 0.00002 0.00000 0.00000 -0.00000
-0.02079 0.00877 0.00019 -0.00479 0.37151 0.00224 -0.00064 -0.00093 0.03413 0.00142 0.00017 -0.02814 0.08823 -0.00133 -0.12892 0.11171 -0.00027 0.07959 -0.00000 -0.00000 -0.00075 -0.00594 -0.08859 -0.00149 0.00001 -0.14461 -0.00000 -0.01045 0.00014 0.03778
-0.00285 -0.00000 -0.00014 -0.00015 -0.00014 0.00218 -0.01075 -0.00078 0.02106 0.00092 -0.00027 -0.03078 -0.00052 0.00000 0.00018 -0.00489 0.00032 0.00788 -0.00102 -0.00000 -0.00067 -0.00003 -0.00074 -0.00109 0.00076 -0.00122 -0.00138 -0.00051 -0.00034 0.01434
0.00000 0.00091 0.00031 0.00000 -0.65809 0.00000 -0.00002 0.00280 -0.00006 0.00043 0.00022 0.00000 -0.00000 0.00000 0.00013 -0.00017 -0.00019 0.00005 -0.00012 -0.00007 0.00000 -0.00022 -0.00008 -0.00227 0.00032 0.00000 -0.00000 0.00065 0.00003 0.00009
-0.03719 0.00474 0.00017 -0.00262 -0.00053 0.00153 -0.00119 -0.00034 0.02585 0.00129 0.00021 -0.05631 -0.00138 0.00008 0.00000 -0.16581 0.00073 0.18040 0.00000 0.00050 0.00013 -0.00000 -0.08941 -0.00395 0.00012 -0.00022 -0.00132 -0.02378 -0.00036 -0.43515
0.00000 0.00054 0.04943 0.00000 -0.00603 0.00000 -0.00000 -0.30656 0.00001 0.00000 0.22910 0.00000 0.00000 -0.00000 0.00002 -0.00000 0.00016 -0.14545 -0.00000 -0.00009 0.00458 -0.00000 0.00000 -0.00239 -0.00004 0.00000 0.00000 0.00000 0.00000 0.00000
-0.00058 0.00084 0.01457 -0.00018 -0.00031 0.00331 0.00002 0.00000 -0.00037 0.00071 0.00000 -0.00004 0.01136 0.00000 -0.00000 0.00001 0.00370 0.13817 0.00002 0.00021 0.00014 -0.00023 0.00000 -0.00000 0.00171 -0.00000 0.00006 0.00006 0.00006 0.00003
-0.03633 0.00690 -0.00002 -0.00060 -0.23008 0.00107 -0.00882 -0.00108 -0.20885 0.00034 0.00012 -0.03322 0.00003 -0.00006 -0.00042 -0.00156 0.00098 0.00219 -0.02014 0.00027 0.00139 -0.00840 -0.00024 -0.00128 -0.00000 -0.00414 -0.00079 -0.00053 0.00019 0.03235
-0.08914 0.02537 -0.00032 0.00029 -0.00061 0.00493 -0.00078 0.02171 0.01380 0.00060 -0.03420 -0.05914 -0.06824 -0.00051 0.00000 -0.25810 0.00230 -0.17808 -0.00000 0.00013 0.00022 -0.00990 0.05085 -0.11815 -0.00011 0.00000 -0.00030 0.00030 -0.00116 0.02220
-0.13969 0.01183 0.00000 -0.00029 -0.00193 -0.06253 -0.00485 -0.04226 0.00507 0.00105 0.00019 -0.26415 -0.00012 -0.00000 0.00062 -0.00059 0.00060 0.00258 -0.02062 0.00006 0.05028 -0.00319 0.00004 -0.01627 0.00124 -0.00054 -0.00000 -0.00025 0.00029 0.02512
-0.00000 0.00156 0.01490 0.00000 -0.00047 0.00000 0.00001 -0.15073 0.00006 0.00023 0.02748 -0.00000 -0.00000 0.00000 -0.00006 0.00004 0.00009 0.16661 -0.00011 -0.00017 0.00004 -0.00000 1.29393 -0.00193 -0.00005 0.00000 0.00000 0.00000 0.00005 0.00002
-0.10014 0.00020 -0.00047 -0.00066 -0.00000 0.00059 -0.00235 0.09933 0.00232 0.00136 -0.07942 -0.05790 0.28875 -0.00074 0.00046 -0.00123 0.00098 0.02632 -0.00146 0.00001 -0.00033 -0.00199 0.18537 -0.00916 0.00113 0.00010 -0.00087 0.00354 -0.00000 0.01553
-0.03037 0.00890 -0.00016 0.00000 0.00029 0.00053 0.00000 -0.00058 -0.00000 0.00000 0.00007 -0.02053 0.11471 -0.00000 0.00000 0.21125 -0.00008 -0.25682 -0.00000 0.00003 -0.00000 -0.00000 0.01010 -0.03020 -0.00000 -0.00000 0.00000 0.01196 0.00003 0.00000
