-0.00000 -0.00000 0.05012 0.00000 -0.00000 0.00000 0.00000 -0.04152 0.15142 -0.00004 0.00000 0.00000 0.58303 0.39797 0.00001 0.00000 -0.03539 -0.00000 -0.00000 0.00000
-0.00000 -0.00000 -0.00000 -0.00000 0.00000 0.00000 0.00000 -0.00005 -0.00000 -0.00000 0.00002 -0.00000 -0.00000 0.00000 0.00000 -0.00000 -0.00000 -0.00004 0.00000 -0.00000
0.00000 -0.00014 0.00000 -0.00000 0.00000 0.00000 0.00000 0.00000 -0.00049 -0.00000 -0.00000 0.00000 -0.00000 0.00000 0.00068 1.45948 -0.00000 -0.00000 0.00037 0.00009
-0.00000 0.00000 0.14147 -0.00000 -0.00010 0.00004 0.00002 -0.00000 -0.00004 0.00000 -0.00000 -0.00000 0.00000 -0.00000 0.00000 0.00000 0.00015 -0.00000 0.00000 -0.00000
-0.00000 0.00000 0.17435 -0.00006 0.00000 0.00000 0.00000 -0.00000 -0.00042 -0.00000 -0.00003 0.00000 -0.00000 -0.00000 -0.00000 0.00011 0.00000 -0.00006 -0.00000 -0.00000
-0.00000 0.00000 -0.19275 0.00000 0.00000 0.00000 0.00000 -0.00000 -0.00000 0.00002 -0.17612 0.00000 0.00031 -0.00000 0.00000 -0.00000 0.00013 0.00000 0.00000 -0.00000
0.00000 0.00036 0.00164 -0.00017 -0.00011 0.00000 0.00000 0.00002 0.00000 -0.00004 -0.00005 -0.00000 -0.00000 -0.04975 -0.00000 0.00000 -0.00000 0.19346 0.00000 -0.00000
-0.00000 -0.00004 -0.04100 -0.00007 -0.00005 -0.00011 -0.00000 -0.00000 -0.00050 0.00013 0.00000 0.00000 -0.00009 0.61174 0.00000 0.40690 0.00039 0.00017 -0.00000 0.00000
-0.00000 0.06878 -0.00821 -0.00000 -0.00054 0.00059 -0.12326 -0.00018 -0.00000 -0.04776 -0.00047 0.00032 -0.90116 0.03397 0.00000 -0.00096 0.00000 -0.09578 0.00002 0.00010
-0.00000 -0.00000 -0.06397 -0.00006 -0.00000 0.00003 -0.00015 0.00000 -0.00000 -0.00000 0.00000 -0.00004 0.00000 0.00000 -0.00000 -0.00000 0.00000 -0.00000 -0.00002 -0.00001
-0.00039 -0.00000 0.09813 -0.00003 -0.00000 0.00000 -0.00000 -0.00000 0.00000 0.00000 -0.00000 -0.00023 -0.00003 -0.00000 0.00000 -0.00000 -0.00000 -0.00030 0.00000 0.00000
-0.00000 0.00000 0.00121 -0.00014 -0.00015 0.00000 -0.00000 0.00000 0.00026 0.00000 -0.00000 0.00000 0.00000 0.00005 0.00000 0.00022 -0.00020 0.42591 0.00007 -0.00000
0.00000 -0.02727 0.00099 0.00000 0.00050 -0.00022 0.00563 -0.00000 0.00000 0.03191 0.00021 -0.00041 -0.00000 0.00000 0.00001 -0.00428 -0.00000 0.04637 -0.00005 -0.00000
-0.00000 0.00000 -0.09160 -0.00022 0.00000 -0.00009 -0.00002 -0.00000 -0.00000 -0.00002 -0.00034 0.00013 0.12986 -0.00000 -0.00004 0.21467 -0.00008 -0.03808 0.00000 0.00009
0.00000 0.00000 0.00006 -0.00001 0.00000 0.00001 -0.00000 0.00000 0.00000 -0.00000 -0.00000 -0.00011 0.00000 0.00000 -0.00000 -0.00000 -0.00000 0.00000 0.00000 -0.00000
0.00000 -0.00008 0.00000 0.00000 -0.00000 0.00000 -0.00000 -0.00000 -0.00104 -0.00000 -0.00000 -0.00000 -0.00216 0.00000 0.00080 -0.00000 0.00050 -0.00000 0.00059 0.00014
-0.00000 -0.00000 0.00006 -0.00003 0.00000 -0.00000 0.00002 -0.00015 -0.65935 0.00012 -0.00000 -0.00007 0.13189 -0.00038 -0.00000 0.00000 -0.00000 0.00006 0.00000 0.00000
-0.00000 0.00580 0.32212 -0.00795 -0.01155 0.03744 0.00000 0.00000 -0.00000 -0.00000 -0.00126 0.00000 0.00000 -0.00006 0.00000 0.00395 -0.00000 0.00000 -0.00000 -0.00003
-0.00009 0.00000 0.00048 -0.00002 -0.00001 0.00022 -0.00000 0.00000 0.00025 -0.00000 0.00000 0.00000 -0.00040 -0.00011 0.00000 -0.00000 -0.00026 0.00000 -0.00000 -0.00000
0.00006 0.00000 -0.00000 -0.00000 0.00014 -0.00008 0.00000 0.00000 -0.00000 0.00000 -0.00000 0.00000 0.00013 -0.00000 -0.00000 0.00000 -0.00003 0.00000 -0.00005 -0.00000
