0.00008 0.14887 0.36787 0.01386 -0.19200 -0.11770 -0.05218 0.06648 -0.16115 -0.19139 0.17668 -0.03604 -0.07651 -0.04160 -0.01293 -0.03473 -0.09546 -0.14406 -0.13773 0.05988
-0.06617 -0.00003 -0.05378 -0.19557 -0.35971 -0.06937 -0.12837 -0.04576 0.01766 -0.14607 -0.11003 0.07297 -0.15501 0.00514 -0.02620 0.04914 -0.04355 -0.02082 -0.11701 -0.18046
-0.07642 -0.06194 0.00035 -0.02741 -0.27315 -0.00702 -0.31561 -0.07137 -0.01022 -0.11829 -0.40739 -0.03933 -0.11141 0.03668 -0.15982 -0.00618 -0.03864 -0.04353 -0.00796 -0.25698
-0.17855 -0.11484 -0.24963 -0.00004 -0.04339 -0.21606 -0.20366 -0.16769 -0.03631 -0.12756 0.02339 0.05229 -0.08455 -0.08058 -0.26027 0.03911 -0.29756 -0.17886 0.01644 -0.01170
0.12349 0.06728 0.12996 -0.31233 0.00191 -0.37111 -0.05148 -0.00905 -0.16272 -0.19884 -0.11224 0.00076 -0.06293 0.02087 0.08874 -0.01725 -0.01797 0.04263 0.04069 0.02551
-0.26346 -0.25445 -0.39728 0.07675 0.10225 0.00049 0.06347 -0.05395 0.10786 0.25442 -0.00497 0.03390 -0.20700 -0.08497 0.01861 0.06510 -0.07962 -0.15985 0.00285 -0.02210
-0.11866 -0.11667 -0.09710 0.03602 -0.08547 -0.21943 -0.00005 -0.01198 -0.35732 -0.16320 -0.02404 -0.37354 -0.03843 -0.29508 -0.14479 -0.32012 -0.03370 -0.15714 -0.10941 0.00351
-0.35469 -0.35609 -0.32560 0.03278 -0.32871 -0.40117 -0.44137 -0.00013 -0.37746 -0.33243 -0.01638 -0.03296 -0.03637 -0.34098 -0.30321 -0.36094 -0.38934 -0.22058 -0.15813 -0.08062
-0.09464 -0.26415 -0.24737 -0.16809 -0.04851 0.11050 0.03020 -0.06159 0.00024 0.06683 -0.00341 -0.26598 -0.11237 -0.14779 -0.13765 -0.12415 -0.12721 -0.25286 -0.14326 -0.09383
-0.07249 -0.20567 -0.26706 -0.07718 0.01026 -0.06105 0.09986 0.00652 -0.34126 -0.00214 0.06731 -0.33034 -0.10651 -0.25827 -0.24560 -0.17465 -0.20180 -0.25213 -0.14196 0.00609
-0.02570 -0.11293 -0.13811 -0.24892 -0.11677 -0.10499 -0.16277 -0.24897 -0.09247 -0.15289 -0.00028 -0.09850 -0.17096 -0.10167 -0.01395 -0.10069 -0.02108 -0.13975 -0.22396 0.01359
-0.22779 -0.14831 -0.18382 -0.22155 -0.17475 -0.13319 -0.10827 -0.33369 -0.03896 -0.04223 0.00536 0.00042 -0.06405 -0.02778 -0.15442 -0.05356 -0.05876 -0.14725 -0.30206 -0.20985
-0.29398 -0.24652 -0.27326 -0.34841 -0.20602 -0.18953 -0.26637 -0.56678 -0.26005 -0.34116 -0.03412 -1.04077 0.00051 -0.25501 -0.27272 -0.35495 -0.13833 0.12803 -0.13390 -0.33422
-0.13949 -0.15816 -0.23348 -0.15964 -0.20407 -0.02094 -0.02117 -0.08201 0.06081 0.01875 -0.04210 -0.04396 -0.20268 -0.00083 -0.13531 -0.05566 -0.14210 -0.23423 -0.27919 -0.20543
-0.03604 -0.06343 0.07668 0.09022 -0.16516 0.08121 -0.01601 0.02697 -0.08338 -0.06161 -0.61190 -0.17039 -0.18104 -0.19786 -0.00019 -0.11990 -0.63250 -0.19914 -0.15089 -0.14850
-0.13647 -0.22148 -0.22326 -0.22632 -0.14627 -0.08462 0.03721 -0.02136 0.09843 0.05266 -0.05064 -0.11047 -0.10762 -0.11981 -0.13592 0.00004 -0.01226 -0.26562 -0.10208 -0.11241
-0.24468 -0.23576 -0.30053 -0.23137 -0.15857 -0.24405 -0.31700 -0.31948 -0.22739 -0.25215 -0.06621 -0.13892 -0.17258 -0.23536 -0.04914 -0.32445 0.00037 -0.19114 -0.25840 -0.20806
-0.03300 0.01868 0.04508 0.12874 0.27898 0.14428 -0.10007 -0.04550 0.00181 -0.07297 0.02532 0.13309 -0.21180 -0.04065 -0.08329 -0.02509 -0.08474 0.00012 -0.19667 -0.36561
-0.08716 -0.00600 -0.12471 -0.10298 -0.02985 -0.17384 -0.17036 -0.10100 -0.19866 -0.20553 0.13539 0.12552 -0.16725 -0.04432 -0.26541 -0.23018 0.01127 0.00144 0.00034 -0.31313
-0.11681 -0.12099 0.06304 -0.50668 -0.27929 -0.37595 -0.32293 -0.40806 -0.37956 -0.48273 -1.39040 -0.17867 -0.16947 -0.26412 -0.15396 -0.30336 -0.02770 0.00190 -0.02749 -0.00077
