0.00000 -0.00000 0.00000 0.00000 -0.00000 -0.00000 0.00000 -0.00000 0.00000 0.00000 -0.00000 -0.00000 -0.00000 -0.00000 0.00000 -0.00000 -0.00000 -0.00000 -0.00000 0.00000
-0.06769 0.00000 0.00000 0.00000 -0.00000 0.00000 0.00000 -0.00001 -0.02348 -0.00674 0.00000 -0.00000 -0.00000 0.00000 -0.00000 0.00000 -0.00000 -0.00003 -0.00000 -0.00000
-0.04730 -0.11589 0.00000 0.00000 0.91550 0.00000 0.00000 -0.03115 -0.11937 -0.02247 -0.04243 -0.00001 -0.00000 0.00000 0.00000 0.00000 0.13666 -0.03198 -0.00000 0.00000
1.19574 -0.05035 -0.07960 0.00000 -0.11272 0.00000 0.00000 -0.01736 -0.08737 -0.12136 -0.08567 -0.22141 -0.00000 0.00012 0.00204 -0.00000 -0.08147 -0.23394 0.00000 0.39790
-0.02090 -0.00363 0.00000 0.00000 0.00000 0.00000 0.00000 -0.00274 0.01098 -0.00610 -0.01708 -0.00000 -0.00000 0.00000 0.00000 0.00000 0.28065 0.06530 -0.00000 0.00000
-0.02356 -0.02671 0.37631 0.00015 -0.43422 0.00000 -0.44411 -0.01278 -0.04550 -0.06091 -0.05814 -0.00005 0.00143 0.00000 0.00000 0.00390 -0.09710 -0.10699 -0.00029 0.01151
-0.03284 -0.03091 -0.04789 0.00535 -0.03933 0.00000 0.00000 -0.07545 -0.08799 -0.14984 -0.06978 -0.00113 -0.44750 0.00000 0.00000 0.04176 -0.02086 0.41489 -0.00250 0.07861
-0.07250 -0.03875 0.00000 -0.00000 0.00000 0.00000 0.00000 0.00000 -0.06594 -0.00836 -0.00000 -0.00000 0.00000 0.00000 0.00000 0.00000 0.00000 0.00000 0.00000 -0.00000
1.13216 -0.00001 0.00000 0.00000 -0.00000 0.00000 0.00000 -0.00000 0.00000 1.34119 -0.00000 -0.00000 -0.00000 0.00000 0.00000 -0.00000 -0.00000 -0.00000 -0.00000 0.00000
0.02063 -0.00001 0.00000 0.00000 0.00000 0.00000 0.00000 -0.00000 0.00000 0.00000 0.00000 -0.00000 -0.00000 0.00000 0.00000 -0.00000 0.00000 0.00000 -0.00000 0.00000
-1.38015 1.10068 0.00000 0.00000 -0.00000 0.00000 0.00000 -0.07749 -0.01774 -0.07434 0.00000 -0.00000 -0.00000 0.00000 -0.00000 0.00000 -0.00000 -0.00001 -0.00000 -0.00000
-0.08389 -0.72634 -0.07197 0.00000 -0.11353 0.00007 0.00000 1.10291 -0.07996 1.36476 -0.10982 -0.00000 -0.00000 0.00302 -0.44695 0.00000 -0.09823 1.66811 -0.00000 0.00169
-0.44359 -0.21710 -0.29244 -0.12439 -0.31588 0.00000 0.00000 -0.01282 -0.49730 -1.18740 -0.43949 -0.04135 0.00000 0.00000 0.00003 1.26100 -0.31469 -0.79984 -0.44327 -1.28376
-0.16920 -0.02086 -0.07022 0.00001 -0.07117 -0.44152 0.00027 -0.05716 -0.07230 -0.14879 0.92740 -0.00000 -0.00005 0.00000 -0.00000 0.00011 -0.02369 -0.29595 -0.00001 0.09963
-0.04687 -0.08190 -0.04719 0.00000 -0.03484 -0.00336 0.00003 -0.03354 -0.09039 -0.13155 -0.13843 -0.00000 -0.00000 -0.44902 0.00000 0.00000 -0.01342 -0.20139 -0.00000 0.02228
-0.16972 -0.04673 -0.03898 -0.56579 -0.06339 0.00000 0.00000 -0.00889 -0.07473 -0.10014 -0.06178 -0.01797 0.00000 0.00001 0.00006 0.00000 -0.06294 -0.17903 -0.00000 0.22439
-0.06341 -0.04901 0.00000 0.00000 0.00000 0.00000 0.00000 -0.06823 -0.14990 -0.10465 -0.10738 -0.00000 -0.00000 0.00000 0.00000 0.00000 0.00000 -0.32698 -0.00000 0.00000
-0.01602 -0.00473 0.00000 0.00000 0.00000 0.00000 0.00000 0.05100 0.03139 0.13717 0.01579 -0.00000 0.00000 0.00000 0.00000 0.00000 0.00000 0.00000 -0.00000 0.00000
0.03369 -0.03148 -0.04426 0.25287 -0.02848 0.00000 0.00000 -0.01194 -0.05220 -0.08290 -0.05160 -0.14434 -0.00000 0.00006 0.00114 -1.74295 -0.02175 -0.06076 0.00000 0.00293
-0.17065 -0.09410 -0.12366 0.00000 -0.13768 0.00000 0.00000 -1.17062 0.98629 -1.07201 -0.20095 -0.00042 -0.00000 0.00000 -0.00001 -0.00000 -0.12808 -0.34234 -0.00000 0.00000
