-0.00000 0.00018 0.03057 -0.00000 -0.00000 -0.00000 0.18953 0.00027 -0.03784 -0.00060 1.14798 0.24664 0.00062 1.06646 0.00000 0.00000 -0.00012 0.00658 1.11447 0.00000
0.00054 -0.00000 -0.08425 -0.00022 0.00228 -0.00045 0.04874 0.00000 -0.02214 -0.00937 0.00015 -0.01806 0.00304 0.00034 0.00206 0.00334 -0.00151 -0.00018 0.00045 0.00050
0.00000 0.00000 -0.00000 0.00000 0.00000 -0.00012 -0.00000 -0.00000 -0.00000 -0.00000 -0.00000 0.24168 0.00000 0.00000 0.00000 0.00000 -0.00018 0.00000 -0.00000 0.00000
0.00000 0.00002 -0.01708 -0.00000 0.00013 -0.00031 0.00152 0.00000 -0.02671 -0.00840 0.00158 -0.00924 0.00027 0.00000 0.00023 0.00063 -0.00597 0.00000 0.00311 0.00000
0.08380 0.00000 -0.03668 -0.00068 0.00000 -0.00048 0.01083 -0.00000 0.00000 -0.01029 0.31103 -0.00014 0.04366 0.20484 0.01599 0.00762 -0.00495 -0.00029 0.09004 0.03949
0.00012 0.00001 -0.01686 -0.00033 0.00091 -0.00000 0.00000 -0.00017 -0.03886 -0.00075 0.03733 -0.00362 0.00000 0.00014 0.00000 0.00257 -0.00012 0.00004 0.00847 0.00032
-0.00000 0.00027 -0.09807 0.00008 0.00000 0.00359 -0.00000 0.04226 -0.02629 0.04479 0.00000 -0.03951 0.00000 0.00000 0.00007 0.00013 0.01579 0.00130 -0.00000 0.00000
0.00000 0.00008 -0.09320 -0.00041 0.00000 -0.00030 0.00000 -0.00000 -0.06339 -0.00157 0.00000 -0.11143 0.00000 -0.00000 0.00000 0.00000 -0.00082 0.00000 0.00000 0.00000
0.00000 0.00000 0.30771 0.00000 0.00000 -0.00000 -0.00002 -0.00000 -0.00000 -0.00000 -0.00000 0.06376 0.00000 0.00000 0.00000 0.00000 -0.00000 0.00000 -0.00000 0.00000
0.00007 0.00000 -0.01974 -0.00032 0.00036 -0.00812 0.00000 0.00002 -0.04209 -0.00000 0.00383 -0.02087 0.00000 0.00003 0.00000 0.00000 -0.02833 0.00000 0.00023 0.00000
-0.00000 -0.03890 -0.53964 -0.00111 -0.00000 0.00000 0.16922 0.09764 -0.80890 0.00219 0.00000 -0.28523 -0.00000 -0.00000 0.00000 0.00000 0.00019 -0.07618 -0.00000 0.00000
0.00000 0.00012 -0.00000 0.00000 0.00000 -0.00004 0.00000 0.00000 -0.00000 -0.00015 0.00000 -0.00000 0.00000 0.00000 0.00000 0.00000 -0.00042 -0.00000 -0.00000 0.00000
-0.00554 0.00002 0.00003 -0.00015 -0.00000 -0.06306 -0.00051 -0.01293 0.00002 -0.05109 0.21643 -0.01215 -0.00000 0.18010 0.00005 0.00694 -0.02275 -0.00002 0.10920 0.00750
-0.00000 0.00093 -0.04057 0.10009 0.00000 0.06252 0.51590 0.00012 -0.05067 0.06551 -1.20281 -0.00729 0.00000 0.00000 0.00000 0.00000 0.07780 0.09922 -0.56111 0.00000
-0.01423 0.00005 -0.00001 -0.00015 -0.00000 -0.06527 -0.00027 -0.00860 0.00000 -0.04266 0.19380 -0.01708 0.00089 0.11126 -0.00000 0.00205 -0.03420 -0.00047 0.07591 0.00053
-0.01949 0.00000 -0.00000 -0.00009 -0.00011 -0.00034 -0.00038 -0.01530 0.00000 -0.06195 0.18647 -0.00797 0.00078 0.11279 -0.00000 -0.00000 -0.03681 -0.00063 0.06736 0.00099
0.00004 0.00000 -0.00940 -0.00032 0.00039 -0.01293 0.00000 -0.00020 -0.02625 -0.00004 0.00902 -0.01093 0.00003 0.00000 0.00000 0.00000 -0.00000 0.00000 0.01087 0.00000
0.00000 0.00005 -0.00013 -0.29719 0.00022 -0.00812 -0.00004 -0.12151 -0.07060 -0.06036 -0.00000 0.00020 0.00051 0.00003 0.00013 0.00027 -0.06596 -0.00000 -0.00000 -0.00000
-0.00000 0.00000 0.81115 -0.00027 -0.00000 -0.00024 0.18301 0.00587 1.33961 -0.00076 1.03100 0.08077 0.00000 0.00000 0.00000 0.00000 -0.00034 0.00034 -0.00000 0.00000
-0.05217 0.00000 -0.00000 0.02539 0.00000 -0.00614 -0.24110 -0.02129 -0.00000 -0.02472 0.10790 -0.00000 0.00096 0.07717 0.00019 0.00117 -0.02149 -0.16341 0.05139 0.00000
