-0.00000 -0.13525 -0.34474 0.00003 -0.06762 0.00239 0.00000 -0.06329 -0.00000 0.00003
-0.00000 0.00000 0.00000 -0.00000 0.00000 0.00000 0.00000 0.00000 -0.00000 -0.00000
-0.00000 -0.14445 0.00000 0.00173 -0.08156 -0.34670 0.00007 -0.01632 -0.00000 0.00100
-0.00006 -0.73586 0.00000 0.00000 -0.10443 0.00000 -0.34991 -0.01627 -0.00600 0.92872
-0.00000 1.14320 0.00000 0.00000 0.00000 0.00000 0.00000 0.00000 -0.00000 0.00000
-0.00000 -0.18271 0.00000 -0.34555 -0.92780 0.00000 0.00406 -0.01364 -0.00010 0.04597
-0.00312 -1.83141 0.00001 0.00000 -0.05544 0.00000 0.00000 0.01094 -0.28779 -1.31960
-0.00000 2.03326 0.00001 0.00000 1.09397 0.00001 0.00000 0.00000 -0.00002 0.00000
-0.33744 -0.10039 0.00111 0.00000 -0.05019 0.00004 0.00000 -0.02319 -0.00000 0.00000
-0.00038 -0.38938 0.00000 0.00000 -0.15019 0.00000 -0.00000 -0.22154 -0.04522 0.00000
