1.000 0.000 0.000 0.000 0.542 0.000 0.000 0.000 0.000 0.000 0.000 0.000 0.000 0.000 0.000 0.220 0.000 0.000 0.000 0.000
0.000 1.000 0.000 0.000 0.000 0.000 0.000 0.000 0.000 0.000 0.229 0.000 0.336 0.000 -0.593 0.000 0.000 0.000 0.000 0.000
0.000 0.000 1.000 0.000 0.000 0.000 0.000 0.000 0.000 0.000 0.000 0.000 0.000 0.000 0.000 0.000 0.000 0.000 0.000 0.000
0.000 0.000 0.000 1.000 0.000 0.000 0.000 0.000 0.000 0.000 0.000 0.000 0.000 0.000 0.000 0.000 0.000 0.000 0.000 0.000
0.542 0.000 0.000 0.000 1.000 0.000 0.000 0.000 0.000 0.000 0.000 0.000 0.000 0.000 0.000 0.000 0.000 0.000 0.000 0.000
0.000 0.000 0.000 0.000 0.000 1.000 0.000 0.000 0.000 0.000 0.000 0.000 0.000 0.000 0.000 0.000 0.000 0.000 0.000 0.000
0.000 0.000 0.000 0.000 0.000 0.000 1.000 0.000 0.589 0.000 0.000 0.000 0.000 0.000 -0.176 0.000 0.000 0.000 0.000 0.076
0.000 0.000 0.000 0.000 0.000 0.000 0.000 1.000 0.000 0.000 -0.488 0.000 0.000 0.000 0.000 0.000 -0.500 0.000 0.000 0.000
0.000 0.000 0.000 0.000 0.000 0.000 0.589 0.000 1.000 0.000 0.000 0.000 0.000 0.000 -0.336 0.000 0.000 0.000 0.000 0.000
0.000 0.000 0.000 0.000 0.000 0.000 0.000 0.000 0.000 1.000 0.000 0.000 0.000 0.000 0.378 0.000 0.000 0.000 0.000 0.000
0.000 0.229 0.000 0.000 0.000 0.000 0.000 -0.488 0.000 0.000 1.000 0.000 0.000 0.000 0.000 0.000 0.000 -0.107 0.000 0.000
0.000 0.000 0.000 0.000 0.000 0.000 0.000 0.000 0.000 0.000 0.000 1.000 0.000 0.000 0.000 0.000 0.000 0.000 -0.444 -0.049
0.000 0.336 0.000 0.000 0.000 0.000 0.000 0.000 0.000 0.000 0.000 0.000 1.000 0.000 0.000 0.000 0.000 0.000 0.000 0.000
0.000 0.000 0.000 0.000 0.000 0.000 0.000 0.000 0.000 0.000 0.000 0.000 0.000 1.000 0.000 0.000 0.000 0.000 0.000 -0.066
0.000 -0.593 0.000 0.000 0.000 0.000 -0.176 0.000 -0.336 0.378 0.000 0.000 0.000 0.000 1.000 0.000 0.000 0.000 0.000 0.000
0.220 0.000 0.000 0.000 0.000 0.000 0.000 0.000 0.000 0.000 0.000 0.000 0.000 0.000 0.000 1.000 0.000 0.000 0.000 0.000
0.000 0.000 0.000 0.000 0.000 0.000 0.000 -0.500 0.000 0.000 0.000 0.000 0.000 0.000 0.000 0.000 1.000 0.000 0.000 0.000
0.000 0.000 0.000 0.000 0.000 0.000 0.000 0.000 0.000 0.000 -0.107 0.000 0.000 0.000 0.000 0.000 0.000 1.000 0.000 0.000
0.000 0.000 0.000 0.000 0.000 0.000 0.000 0.000 0.000 0.000 0.000 -0.444 0.000 0.000 0.000 0.000 0.000 0.000 1.000 0.000
0.000 0.000 0.000 0.000 0.000 0.000 0.076 0.000 0.000 0.000 0.000 -0.049 0.000 -0.066 0.000 0.000 0.000 0.000 0.000 1.000
