-0.00000 0.00000 0.00000 -0.00000 1.19610 0.00011 0.00016 0.00000 0.00002 -0.00038 0.00016 -0.00005 0.00008 -0.00009 -0.00004 -0.00000 0.00000 0.00003 0.00000 0.00103
-0.00002 0.00000 0.00017 0.00000 -0.00000 -0.00000 0.00058 -0.00002 -0.01667 -0.00035 -0.00000 0.00018 0.00000 0.00000 -0.47045 0.00003 0.00002 -0.00022 -0.00001 0.00026
-0.00000 0.00014 -0.00000 -0.00000 0.00001 0.00000 0.00000 -0.00000 -0.00044 0.00003 -0.00011 -0.00033 -0.00011 0.00002 -0.00014 -0.00000 0.00000 0.00000 0.00000 -0.00020
0.00004 -0.00005 0.00000 0.00000 0.00000 -0.00000 -0.00017 -0.00015 -0.00004 0.00003 -0.00000 -0.00002 -0.00000 0.00000 -0.00000 0.00000 0.00008 0.00000 -0.00008 -0.00008
-0.00000 0.00000 0.00000 0.00006 0.00000 -0.00000 0.00012 -0.00010 -0.00008 -0.00038 0.00000 -0.00035 0.00000 -0.00013 -0.00000 -0.00000 -0.00002 -0.00000 -0.00026 0.00000
-0.00020 0.00010 -0.00000 -0.00000 -0.00000 -0.00000 -0.00000 -0.00025 0.33735 0.00000 0.00000 -0.00000 -0.00000 0.00000 -0.00037 0.00000 0.00013 0.00000 -0.00000 -0.00024
0.00000 0.00023 -0.00001 -0.00001 -0.00000 -0.00000 -0.00000 0.00000 0.40303 0.00000 -0.00000 0.06388 -0.00012 0.03293 -0.00110 -0.00000 0.00000 0.00010 -0.00000 0.15576
-0.00003 -0.02485 -0.00000 -0.00014 -0.00018 -0.00011 -0.00021 0.00000 -0.00000 0.00000 0.00000 -0.00107 0.00000 0.00000 -0.00129 0.00000 0.00000 0.03480 -0.00000 -0.00267
0.00238 -0.00000 -0.00027 -0.00000 -0.00010 -0.00000 -0.00000 -0.00007 0.00000 -0.00000 -0.00073 0.00003 -0.00032 0.00026 0.00000 -0.00102 0.00000 -0.00029 -0.00031 0.00000
-0.00028 -0.00000 0.00000 0.00000 -0.00000 -0.00000 0.00000 0.00000 -0.00025 0.00000 -0.00003 -0.00004 -0.00005 -0.00000 -0.28989 -0.00000 -0.00000 -0.00000 -0.00000 0.00000
0.00010 -0.09672 -0.00000 0.00000 0.00009 0.00000 -0.00000 0.51252 0.00000 -0.00003 -0.00000 0.00000 -0.00000 -0.00009 0.00002 0.00013 0.08009 0.08481 0.00000 -0.00122
-0.00009 0.04018 -0.00033 -0.00015 -0.00014 -0.00007 0.00023 -0.00203 0.18552 0.02633 -0.00162 0.00000 -0.02822 -0.09419 0.32910 -0.00113 0.00003 -0.00021 -0.00000 0.00000
0.00003 -0.46765 -0.00005 -0.00000 0.00002 -0.00000 -0.00010 -0.00002 -0.00005 -0.00003 -0.00010 0.00000 -0.00000 0.00006 -0.00021 -0.00006 0.00013 0.00000 0.00007 -0.00050
0.00014 -0.00000 0.00003 0.00007 0.00000 -0.00000 0.00060 -0.00000 0.00196 0.00001 -0.00005 -0.00000 -0.00000 -0.00000 -0.16302 -0.00000 -0.00009 -0.00000 -0.00000 -0.00000
0.00005 -0.00000 -0.00045 -0.00002 -0.00043 -0.02432 0.00000 -0.00000 0.81527 -0.00000 -0.00037 0.00000 -0.00000 -0.00000 0.00000 -0.00049 0.00007 0.00020 -0.00007 0.00000
0.32848 0.00029 -0.00000 0.00000 0.00002 -0.00000 -0.00019 0.00000 -0.00011 0.00000 -0.00000 -0.00000 0.00000 0.00000 -0.00015 -0.00000 0.00000 -0.00000 0.00000 -0.00016
0.00027 -0.00000 -0.00001 0.00017 -0.00002 0.00002 0.00000 -0.66578 -0.00000 -0.00000 0.00000 0.00000 0.00000 -0.00000 0.00000 0.00000 -0.00000 -0.00000 -0.00000 0.00000
0.00000 -0.00013 -0.00000 0.00000 0.00006 0.00000 0.00000 0.00000 0.00010 -0.00000 -0.00000 -0.00000 0.00000 -0.00000 0.00000 0.00001 0.00000 0.00000 0.00000 -0.00004
0.00000 0.00001 -0.00000 0.00000 -0.00005 -0.00007 -0.00027 -0.00002 -0.00086 0.00000 -0.00005 0.37347 0.00000 0.00026 -0.06152 0.00003 0.00000 0.00001 -0.00000 -0.10736
0.00008 0.05490 -0.00037 -0.00021 -0.00000 -0.00028 0.00000 -0.00000 0.09475 0.00033 -0.00044 1.19769 -0.00023 -0.00022 0.52696 -0.00042 0.00000 0.00004 -0.00000 0.00000
