0.00000 -1.11132 0.00000 0.00000 0.00000 0.00000 0.00000 0.00000 0.88142 0.00000
0.00000 0.00000 0.00000 0.00000 0.00000 0.00000 0.00000 0.00000 0.00000 0.00000
0.42607 -0.89625 0.00000 0.00000 0.00000 0.00000 -0.30864 -0.45266 0.00000 0.00000
0.00000 0.00000 0.00000 0.00000 0.00000 -0.30448 0.00000 0.00000 0.00000 0.00000
0.00000 0.00000 0.00000 0.00000 0.00000 0.00000 0.00000 0.00000 0.00000 -0.32256
-0.87797 0.82373 0.00000 0.00000 -0.30599 0.00000 0.00000 0.00000 -1.38373 0.00000
0.00000 0.00000 0.00000 0.00000 0.00000 0.00000 0.00000 0.33056 0.00000 0.00000
0.00000 0.00000 0.00000 0.00000 0.00000 0.00000 0.00000 0.00000 0.00000 0.00000
0.00000 0.00000 0.00000 0.00000 0.00000 0.00000 0.00000 0.00000 0.00000 0.00000
0.00000 0.36224 -0.32773 0.00000 0.00000 0.00000 0.00000 0.00000 0.00000 0.00000
