0.00000 -1.11131 -0.00000 -0.00000 -0.00005 -0.00000 -0.00001 -0.00030 0.88144 -0.00000
-0.00000 0.00000 -0.00000 -0.00000 -0.00000 -0.00000 -0.00001 -0.00000 -0.00000 0.00000
0.42613 -0.89626 -0.00000 -0.01273 -0.00000 -0.00028 -0.30891 -0.45264 0.00869 -0.00000
0.01322 0.09195 -0.00000 -0.00000 -0.01422 -0.30479 -0.00000 0.00000 0.04838 -0.00017
0.01674 0.07255 -0.00408 -0.00001 -0.00000 -0.00000 -0.00021 0.00140 0.01275 -0.32335
-0.87796 0.82377 -0.00014 -0.00000 -0.30632 -0.00000 -0.00001 0.00020 -1.38373 -0.00977
0.05059 -0.02213 -0.00000 -0.29187 -0.00024 -0.01568 0.00000 0.33060 0.04486 -0.00000
0.00327 0.19930 -0.00000 -0.02220 -0.00001 -0.00060 -0.00000 0.00000 0.00740 -0.00000
0.00000 0.13571 -0.00000 -0.00000 -0.00009 -0.00000 -0.00000 0.00000 0.00000 -0.00001
0.02491 0.36234 -0.32794 -0.00023 -0.00000 -0.00001 -0.01897 -0.21896 0.03681 0.00000
