0.17512 -0.34876 -0.70159 -0.14373 0.02172 -0.35481 -0.00779 0.07320 -0.09723 0.35502
0.06198 0.84852 0.04793 0.12530 0.12410 0.02743 0.17172 0.13435 0.24579 0.09022
-0.04366 0.18163 0.47392 0.43687 -0.06937 -0.12792 -0.00530 -0.16311 -0.24225 0.36923
-0.11919 -0.57413 -0.24998 0.19142 -0.04395 0.34334 0.23083 0.33018 0.32872 0.05997
-0.14746 -0.09743 0.27476 0.01590 0.64187 0.01015 -0.08856 -0.21502 -0.04356 -0.07297
0.16371 -0.34175 0.12796 0.06813 -0.12270 0.42418 -0.38141 -0.14787 -0.25943 -0.33165
-0.57603 -0.02087 -0.15022 -0.26707 -0.30651 0.00703 0.46595 -0.90111 -0.92210 -0.56212
0.12360 -0.08029 -0.18982 -0.01247 0.05827 -0.31355 -0.21738 0.50501 0.22041 -0.04955
0.03626 0.13278 -0.04005 -0.01005 -0.22322 -0.30978 -0.27044 -0.35236 0.48495 -0.24863
-0.29173 -0.32101 -0.21401 -1.02147 -0.70179 -0.32558 -0.51586 0.11695 -0.33489 -0.22933
