-0.00000 0.00038 -0.00019 0.00005 0.00000 -0.00034 -0.00000 0.00000 0.00000 -0.00000 0.00000 0.00000 0.00000 -0.00000 -0.00000 -0.00000 -0.00000 0.00000 -0.00000 -0.00000 -0.00000 -0.00000 -0.00001 -0.00000 0.00000 -0.00000 0.00000 0.00000 -0.00000 0.00000
-0.00016 -0.00000 -0.00000 0.00000 0.00000 0.00057 0.00000 0.00000 -0.00008 -0.00008 -0.00000 -0.00000 0.00000 -0.00013 -0.00000 -0.00020 -0.00003 0.00000 -0.00000 -0.00013 -0.00000 0.00000 -0.00000 -0.00000 0.00000 -0.00000 0.00003 0.00000 0.00012 -0.00000
-0.00016 0.00045 -0.00000 0.00039 0.19200 0.09161 0.00006 0.00000 0.00000 0.00007 -0.00000 -0.00096 0.00062 -0.00056 -0.00000 -0.00000 -0.00000 -0.00000 0.00000 -0.00000 -0.00088 -0.00000 -0.00020 0.00000 -0.00042 0.00000 0.00000 -0.02468 0.00000 0.00000
0.00013 0.00057 -0.00009 -0.00000 0.19606 0.13210 -0.00000 -0.00000 0.00000 -0.00000 -0.00143 -0.01724 0.00040 0.00000 0.00050 -0.00063 -0.00012 -0.00048 0.00000 -0.00031 -0.00040 -0.00000 -0.00022 -0.00000 -0.00027 -0.02354 0.00000 -0.03045 -0.00000 -0.00000
-0.00015 0.03821 -0.00000 -0.00000 -0.00000 -0.00000 -0.00000 -0.00000 -0.00000 0.00000 -0.00000 0.00000 0.00013 -0.20745 0.00000 -0.00000 -0.00000 -0.00000 0.00000 -0.00000 -0.10454 -0.00000 -0.00000 -0.00000 -0.00000 -0.00000 -0.00000 -0.02322 -0.00000 0.00000
0.00008 -0.00000 0.00000 -0.00000 0.00008 -0.00000 -0.00000 0.00000 0.00000 -0.00000 0.00000 0.47030 -0.00000 -0.00028 0.00008 -0.00000 -0.00000 -0.00000 -0.00000 -0.00004 -0.00032 -0.00000 -0.00000 -0.00000 -0.00000 -0.00003 0.00000 -0.00286 -0.00000 0.00000
0.45866 0.02688 -0.00018 0.10893 0.03291 0.29646 -0.00000 0.00000 -0.00000 -0.00000 -0.01115 -0.16339 -0.00000 0.04403 0.00010 0.00000 -0.00004 0.00025 -0.00000 -0.00005 -0.00186 -0.04700 -0.00000 -0.00000 -0.00000 -0.00276 0.00000 -0.00092 -0.00000 0.00000
-0.12006 -0.00022 0.00005 0.00270 0.01893 0.12341 0.10281 0.00000 -0.00000 0.00036 -0.00054 -0.00031 0.00000 -0.01902 0.05131 -0.00002 -0.00020 -0.00254 0.00000 0.00000 0.00059 -0.00032 -0.00053 0.00000 -0.00024 0.00000 -0.29560 0.00000 0.00675 0.00000
0.00600 0.00059 -0.06365 -0.09266 0.02752 0.00016 -0.00060 -0.06284 -0.00000 0.11887 -0.00162 0.00224 0.00000 -0.00000 0.00072 -0.00545 -0.00491 -0.00528 0.00035 0.00000 0.00305 0.00163 -0.01023 -0.00060 0.00000 -0.00000 0.03438 0.00056 0.00001 -0.07793
-0.39026 0.00010 -0.00007 0.00036 0.21339 0.08446 -0.29436 0.00000 0.00000 -0.00000 -0.04397 -0.00000 0.00074 -0.00268 0.00000 -0.00104 -0.00218 -0.00425 0.30058 -0.00000 0.00267 -0.00016 -0.00055 -0.00059 -0.00068 -0.00012 0.00000 -0.00011 0.00000 0.00000
-0.00309 0.03100 -0.00741 -0.00000 0.00020 0.00545 0.00001 0.00000 -0.00000 -0.00000 0.00000 0.15705 0.00000 -0.01690 -0.00000 0.00000 -0.00021 -0.00000 0.00009 -0.00000 -0.00051 -0.00000 -0.00000 -0.00006 0.00000 0.00000 -0.00000 0.00028 0.00008 -0.00013
-0.00013 -0.00012 -0.00000 -0.00000 -1.62364 -0.00000 0.00000 0.00000 -0.00000 -0.00000 0.00000 -0.00000 -0.00001 0.20737 -0.00000 -0.00000 -0.00000 0.00000 -0.00000 0.00000 0.02949 -0.00000 0.00000 0.00000 0.00000 0.00000 0.00000 0.00135 -0.00000 0.00000
-0.00107 -0.10544 0.00038 0.00098 0.00048 -0.00000 0.02967 -0.05603 -0.01525 0.00002 -0.03758 -0.00131 -0.00000 -0.00038 -0.04939 0.00000 -0.00000 0.00000 -0.00000 -0.04963 0.00000 -0.00042 -0.00000 0.00000 -0.00000 -0.00000 0.00177 0.00000 0.00024 0.00019
0.02955 -0.00000 -0.00000 0.00000 0.00000 -0.00000 0.00000 -0.00000 -0.00018 -0.00000 0.00000 -0.00000 0.00054 -0.00000 -0.00000 -0.00000 -0.00006 0.00032 -0.00000 -0.00000 0.00007 -0.00001 0.00000 0.00000 0.00005 0.00000 -0.00000 -0.04187 -0.00010 -0.00000
0.02137 -0.00034 -0.02362 -0.00000 0.00153 -0.00000 -0.00000 -0.00000 -0.00000 -0.00168 -0.15559 0.12051 0.00000 -0.00460 0.00000 -0.00000 -0.00000 -0.00575 0.00000 -0.00000 0.00122 0.00000 -0.00000 0.00000 -0.00014 -0.00003 0.00025 0.00038 -0.00884 0.00011
-0.00016 -0.00005 -0.01055 0.00002 0.06644 0.05813 0.00000 0.00011 -0.00004 -0.00000 0.00000 0.00086 0.02470 0.00019 -0.21304 -0.00000 -0.01537 0.00000 -0.02594 -0.00105 0.00000 -0.00000 0.00000 0.00844 -0.00787 -0.00000 0.02761 -0.00230 0.00007 -0.00000
-0.00011 0.00000 -0.00025 0.00024 0.06266 0.05273 0.00034 0.00031 -0.00004 -0.00015 -0.00110 0.00099 0.02378 -0.00009 0.00101 0.00000 -0.00000 0.00000 -0.00004 -0.00080 0.01045 0.00006 0.00000 0.03664 -0.00000 0.00000 0.03061 -0.00088 0.00022 0.00012
-0.00037 0.00077 -0.00053 0.00025 0.01631 0.05125 0.00000 0.00011 -0.00000 -0.00000 0.27921 0.00222 0.01130 -0.00013 0.00000 -0.00027 -0.01459 -0.00000 -0.03605 0.00000 -0.08450 -0.00000 -0.03613 0.00073 -0.05039 -0.01727 -0.00000 -0.17371 0.00007 0.00000
-0.16445 -0.00000 -0.00038 -0.01859 0.05106 -0.01616 -0.00031 0.00467 0.00000 0.00000 -0.00408 0.01354 0.01150 -0.11137 0.00031 -0.00000 -0.00073 -0.00000 0.00000 -0.00000 -0.00021 0.00034 -0.00000 -0.19994 -0.00000 -0.00000 -0.00000 -0.06700 0.00000 0.00000
0.00956 -0.00025 -0.04553 -0.00002 0.00057 0.00005 -0.00013 0.06574 -0.04271 -0.00000 0.00014 0.06776 0.00000 -0.00003 0.12286 -0.00065 -0.00012 -0.00429 -0.00531 -0.00000 0.00098 -0.00000 -0.00021 -0.00025 0.00000 0.00000 0.00808 0.00000 -0.00198 -0.00000
0.00002 -0.15330 0.00000 0.00000 -0.00000 -0.00000 0.00000 0.00015 -0.00010 -0.00000 -0.00000 0.00000 0.00246 0.00058 0.00000 -0.00000 0.00000 0.00000 -0.00020 0.00000 0.00000 0.00000 -0.00000 0.00000 0.00000 -0.00000 0.00000 1.07287 -0.00007 0.00000
-0.00045 -0.00004 -0.02704 -0.33716 0.08799 0.00039 0.00000 -0.00001 0.00006 -0.00000 -0.00181 0.01373 0.00077 -0.00013 0.00030 -0.00872 -0.00149 -0.01614 0.00004 -0.01060 0.02818 -0.00000 -0.00383 -0.00000 -0.00062 -0.00000 -0.00022 -0.00029 0.00004 -0.00122
0.00000 -0.00001 -0.00036 0.00000 0.07985 0.06067 0.00022 -0.00000 0.00000 -0.00016 -0.00000 0.00035 0.01971 -0.00000 -0.00000 -0.02191 -0.01854 0.00000 -0.04386 -0.00147 0.00054 0.00000 -0.00000 0.02173 -0.00014 -0.00000 0.03618 -0.00014 -0.00000 0.00000
0.05385 0.00198 -0.10342 0.14262 0.14832 0.28754 0.14824 -0.14209 -0.00051 0.00000 -0.00038 -0.04275 0.02428 0.11179 0.03247 -0.00000 -0.00000 -0.00000 -0.00000 0.00000 0.02958 -0.02039 -0.00000 -0.00000 0.00000 -0.00047 0.01025 -0.21176 -0.00000 -0.00000
-0.00028 -0.00000 -0.00093 -0.00000 0.08715 0.04884 -0.00002 -0.00099 -0.01558 0.00002 -0.02274 0.00014 0.02967 0.00021 0.00055 -0.00000 -0.01678 0.00000 -0.04909 -0.01102 0.13339 -0.00000 -0.00569 0.04807 -0.00000 -0.00000 0.04303 -0.20408 -0.00000 0.00002
-0.00047 0.00076 -0.03351 -0.00000 0.05441 0.00262 0.00000 -0.00437 -0.00000 0.00206 -0.00081 0.00272 0.02312 0.00000 0.00077 -0.01670 -0.00891 0.00000 -0.00086 -0.00203 0.04151 -0.00001 -0.01133 -0.00014 -0.02226 -0.00000 0.02991 -0.00068 0.00000 0.00000
0.11965 0.00267 -0.07049 -0.00025 0.04519 -0.01667 -0.02778 -0.00000 -0.00000 -0.02750 -0.02785 0.00031 0.00000 0.03372 0.00014 -0.00000 -0.00000 -0.00008 -0.00084 0.00000 -0.02037 0.00019 0.00000 0.00000 -0.00000 0.00000 -0.00000 -0.00416 -0.06952 -0.00000
0.03093 0.01507 0.00000 -0.00000 -0.00000 0.00015 -0.00022 0.00082 0.00008 0.00002 0.00068 -0.00000 -0.20353 0.00000 0.00112 -0.00047 -0.00000 0.00000 -0.00000 0.00071 -0.00000 -0.00000 -0.00000 0.00000 0.00000 0.00000 -0.00000 0.00000 -0.00000 0.00000
0.00003 0.00042 0.28197 0.06155 0.00052 0.04004 0.04077 0.00000 -0.00090 0.08044 -0.00349 -0.00121 0.00237 -0.00233 -0.00000 -0.00038 -0.00025 -0.00537 0.02691 -0.00005 0.00023 -0.00346 -0.00068 -0.00011 -0.00061 -0.00015 0.00000 -0.05638 0.00000 0.00019
-0.06170 0.00001 -0.00000 0.04004 0.07790 0.26864 0.03095 0.17190 0.00000 -0.10985 -0.00225 -0.11853 0.00084 -0.00000 0.00023 -0.01664 -0.00842 -0.01178 -0.13361 -0.00039 0.00000 -0.00027 -0.00970 0.05648 -0.00019 -0.04220 0.00910 -0.06786 0.00007 -0.00000
