1.000 -0.003 -0.004 -0.003 -0.003 -0.006 -0.006 0.001 -0.001 -0.000 -0.005 -0.006 -0.006 -0.006 -0.006 -0.000 -0.006 -0.003 -0.006 -0.004
-0.003 1.000 -0.004 -0.004 -0.003 -0.005 -0.005 -0.001 -0.002 -0.002 -0.004 -0.005 -0.005 -0.005 -0.005 -0.002 -0.005 -0.003 -0.005 -0.004
-0.004 -0.004 1.000 -0.006 -0.006 -0.006 -0.006 -0.008 -0.007 -0.007 -0.006 -0.006 -0.006 -0.006 -0.006 -0.007 -0.006 -0.006 -0.006 -0.006
-0.003 -0.004 -0.006 1.000 0.005 -0.000 -0.000 0.007 0.006 0.007 0.002 -0.000 -0.000 -0.000 0.001 0.006 -0.000 0.005 -0.000 0.003
-0.003 -0.003 -0.006 0.005 1.000 -0.003 -0.003 0.000 -0.001 -0.000 -0.002 -0.003 -0.003 -0.003 -0.002 -0.000 -0.003 -0.000 -0.003 -0.002
-0.006 -0.005 -0.006 -0.000 -0.003 1.000 0.003 0.003 0.003 0.003 0.003 0.003 0.003 0.003 0.003 0.003 0.003 0.003 0.003 0.003
-0.006 -0.005 -0.006 -0.000 -0.003 0.003 1.000 -0.005 -0.004 -0.005 -0.003 -0.002 -0.002 -0.002 -0.002 -0.005 -0.002 -0.004 -0.002 -0.004
0.001 -0.001 -0.008 0.007 0.000 0.003 -0.005 1.000 0.000 -0.000 0.004 0.004 0.004 0.004 0.004 0.000 0.004 0.002 0.004 0.003
-0.001 -0.002 -0.007 0.006 -0.001 0.003 -0.004 0.000 1.000 -0.004 0.003 0.006 0.006 0.006 0.004 -0.003 0.006 -0.001 0.006 0.002
-0.000 -0.002 -0.007 0.007 -0.000 0.003 -0.005 -0.000 -0.004 1.000 0.003 -0.000 0.000 -0.000 0.001 0.011 0.000 0.009 0.000 0.006
-0.005 -0.004 -0.006 0.002 -0.002 0.003 -0.003 0.004 0.003 0.003 1.000 -0.014 -0.014 -0.014 -0.013 -0.007 -0.014 -0.009 -0.014 -0.011
-0.006 -0.005 -0.006 -0.000 -0.003 0.003 -0.002 0.004 0.006 -0.000 -0.014 1.000 -0.029 -0.029 -0.035 -0.069 -0.029 -0.059 -0.029 -0.047
-0.006 -0.005 -0.006 -0.000 -0.003 0.003 -0.002 0.004 0.006 0.000 -0.014 -0.029 1.001 -0.002 -0.003 -0.008 -0.002 -0.006 -0.002 -0.004
-0.006 -0.005 -0.006 -0.000 -0.003 0.003 -0.002 0.004 0.006 -0.000 -0.014 -0.029 -0.002 1.001 0.024 0.024 0.022 0.025 0.022 0.024
-0.006 -0.005 -0.006 0.001 -0.002 0.003 -0.002 0.004 0.004 0.001 -0.013 -0.035 -0.003 0.024 1.002 0.006 0.004 0.006 0.004 0.006
-0.000 -0.002 -0.007 0.006 -0.000 0.003 -0.005 0.000 -0.003 0.011 -0.007 -0.069 -0.008 0.024 0.006 1.006 0.011 0.006 0.010 0.008
-0.006 -0.005 -0.006 -0.000 -0.003 0.003 -0.002 0.004 0.006 0.000 -0.014 -0.029 -0.002 0.022 0.004 0.011 1.002 0.012 0.012 0.013
-0.003 -0.003 -0.006 0.005 -0.000 0.003 -0.004 0.002 -0.001 0.009 -0.009 -0.059 -0.006 0.025 0.006 0.006 0.012 1.005 0.005 0.015
-0.006 -0.005 -0.006 -0.000 -0.003 0.003 -0.002 0.004 0.006 0.000 -0.014 -0.029 -0.002 0.022 0.004 0.010 0.012 0.005 1.002 0.076
-0.004 -0.004 -0.006 0.003 -0.002 0.003 -0.004 0.003 0.002 0.006 -0.011 -0.047 -0.004 0.024 0.006 0.008 0.013 0.015 0.076 1.009
