0.00000 -0.00000 -0.00014 -0.00000 0.00078 -0.00011 0.00018 -0.05774 0.00000 0.04314 0.00000 -0.00071 0.00000 0.00000 0.00704 -0.00002 -0.00159 -0.00003 -0.00000 0.06588
-0.23864 0.00000 0.00511 0.00297 -0.00106 0.00039 0.00001 -0.07458 0.00568 -0.00086 -0.00000 0.00000 -0.01480 -0.00000 -0.03933 -0.00002 -0.00104 -0.00003 0.00140 0.03147
0.00106 -0.00005 0.00000 0.00126 0.42227 -0.00000 0.00099 -0.00722 -0.00020 0.00083 0.00285 0.00178 -0.00028 -0.00020 -0.00035 -0.00018 -0.00000 0.00215 -0.00004 -0.00150
0.97907 0.00017 0.00016 -0.00000 0.00008 0.00090 0.00000 0.02303 -0.00872 -0.00232 -0.00000 -0.00004 -0.00001 -0.00000 0.00048 -0.72933 0.00011 0.00118 -0.00000 0.00005
0.00256 -0.00174 0.00000 -0.00041 0.00000 -0.00000 0.00018 0.00001 -0.00104 0.00050 -0.00036 0.00046 -0.00405 -0.00098 0.00074 0.00123 -0.00000 0.00024 -0.00103 -0.00210
0.00003 -0.00006 0.21108 0.00165 -0.10466 -0.00000 -0.00079 0.00000 0.00001 -0.00016 0.00000 -0.00024 0.00006 -0.00041 0.00035 -0.00137 -0.00000 -0.00009 0.00078 -0.00032
0.00156 0.02651 0.00053 0.00317 0.00022 -0.00061 -0.00000 -0.13255 0.00015 -0.13529 -0.00047 0.00000 0.00051 0.00070 -0.00185 0.00046 0.00037 0.50919 0.00004 -0.00085
-0.00009 -0.00007 0.00002 0.00030 0.00082 0.00031 -0.00000 0.00000 -0.00001 0.22210 0.00001 -0.00000 -0.00008 -0.00047 0.00145 -0.00010 -0.00015 0.00000 0.00000 0.00000
1.25428 0.00021 -0.00094 -0.00001 -0.00038 -0.00061 -0.00050 -0.34942 0.00000 0.71065 -0.00000 -0.00800 0.00000 0.00000 -0.00131 -0.00003 -0.00087 0.00015 0.00000 0.38897
0.00029 -0.00127 0.00042 0.00009 0.00249 -0.00108 -0.00000 0.00000 0.00000 0.00000 -0.00000 -0.00001 0.00000 0.00015 -0.00139 -0.00015 -0.00055 0.00000 -0.00000 0.00002
-1.13572 0.69697 0.00036 0.22659 0.00033 -0.00078 -0.00067 0.00034 0.23911 -0.00043 -0.00000 0.00054 -0.04340 -0.00000 -0.10776 0.00556 -0.00047 0.01078 0.09598 0.00486
-0.00105 -0.06112 0.00012 0.00007 0.00025 0.00001 -0.16640 0.19161 -0.00090 0.24445 0.00417 -0.00000 0.00000 0.00060 0.00051 0.00092 0.00017 0.74750 -0.00015 0.11754
-0.02667 0.00011 0.00029 -0.00104 -0.00006 0.00059 -0.00016 -0.00150 -0.38366 -0.13878 0.00010 0.03099 -0.00000 0.00106 -0.00002 0.04361 0.00012 0.00010 0.03178 -0.02543
-0.04209 0.13716 0.00020 -0.00030 0.00000 0.00008 0.00031 -0.00007 -0.00100 0.00196 0.26411 0.00031 -0.00058 -0.00000 -0.26379 -0.00088 -0.00151 0.00041 -0.00014 0.00155
0.00076 0.00001 0.00007 0.00049 0.00114 0.00006 -0.00060 0.00043 -0.00069 -0.00054 0.00000 -0.00045 0.00073 0.00000 0.00000 0.00023 0.00172 -0.00036 0.00018 -0.00220
-0.17676 -0.00708 0.00016 -0.00000 -0.00055 -0.00149 0.00022 -0.00674 -0.07559 0.02697 0.00003 0.00086 -0.00001 0.00012 0.00209 0.00000 0.00082 -0.00040 0.00000 0.00092
-0.00046 -0.00062 0.54981 -0.00064 0.48590 -0.04547 0.00012 -0.00000 -0.00115 0.00061 0.00037 0.00022 0.00045 -0.00067 0.00009 -0.00017 -0.00000 0.00005 -0.00053 -0.00113
-0.01524 -0.08276 0.00345 0.00410 0.00002 -0.00037 -0.00000 0.26051 0.00017 0.27081 0.00017 -0.00000 -0.00102 -0.00111 -0.00038 -0.00946 -0.00094 0.00000 -0.00005 0.00066
0.33274 0.00038 0.00031 0.33367 0.00049 0.00007 0.00008 0.00024 -0.27037 0.02870 -0.00000 -0.00080 0.00000 -0.00005 0.00052 -0.13847 -0.00075 0.00007 -0.00000 -0.02245
0.00006 0.00003 -0.00213 -0.00006 -0.00209 -0.00096 -0.00097 -0.42756 0.00000 0.03192 -0.00000 -0.00000 0.00001 0.00029 -0.00131 -0.00002 -0.00290 0.00094 -0.00000 -0.00000
