-0.00000 -0.00125 2.10693 -0.42661 -0.56301 0.00000 -0.40350 -0.10856 0.14133 -1.69967
-0.00220 -0.00000 0.11047 -0.09062 -0.13297 -0.10909 -0.06071 0.00000 0.09812 0.55343
-0.00000 -0.00001 0.00000 -0.00000 -0.00000 -0.00000 -0.05805 0.00002 0.29251 -0.00003
-0.00000 -0.00009 -1.20967 -0.00000 -0.02077 -0.00000 -0.00480 0.00006 0.45547 -0.00003
-0.00000 -0.00004 -1.85441 0.00111 -0.00000 -0.00000 -0.22427 0.00005 -1.02420 -0.00001
-0.10830 0.00001 0.50828 0.68155 0.96616 0.00000 1.08403 -0.00161 -0.42597 0.51519
-0.00000 -0.00007 0.00017 -0.00008 -0.00001 -0.00000 -0.00000 0.00002 -0.00000 -0.00001
-0.00003 -0.10957 0.13536 -0.10187 -0.13317 -0.00179 -0.07606 0.00000 0.08089 0.51853
-0.00000 -0.00004 -0.00004 -0.00000 -0.00000 -0.00000 -0.15887 0.00001 -0.00000 -0.00004
-0.00000 -0.00000 0.09131 -0.17269 -0.22789 -0.00000 -0.20799 -0.00000 0.27300 -0.00000
