0.00000 -0.30982 0.00000 0.00000 0.00000 0.00000 0.00000 0.00000 0.00000 0.00000 0.00000 0.00000 0.00000 0.00000 0.00000 0.00000 0.00000 0.00000 0.00000 0.00000
0.00000 0.00000 0.00000 0.00000 0.00000 -0.97274 0.00000 0.00000 0.00000 0.00000 0.00000 0.54253 0.00000 0.00000 0.36270 0.00000 0.00000 0.33034 0.00000 0.00000
0.00000 0.00000 0.00000 0.00000 0.00000 -0.35967 0.00000 0.00000 0.00000 0.00000 -0.74749 0.00000 0.00000 -0.61204 -0.49535 0.00000 0.00000 0.00000 -0.38715 0.00000
0.00000 0.00000 0.00000 0.00000 0.00000 0.00000 0.00000 0.00000 0.00000 0.00000 0.00000 0.00000 0.00000 0.00000 0.00000 0.00000 0.00000 0.00000 0.00000 0.00000
0.00000 0.00000 0.00000 0.00000 0.00000 0.00000 0.00000 0.00000 0.00000 0.00000 0.00000 0.00000 0.00000 0.00000 0.00000 0.00000 0.00000 0.00000 0.00000 0.00000
0.00000 0.00000 0.00000 0.00000 0.00000 0.00000 0.00000 0.00000 0.00000 0.00000 0.00000 0.00000 0.00000 0.47630 0.00000 0.00000 0.00000 0.00000 0.00000 0.00000
0.00000 0.00000 0.00000 0.00000 0.00000 0.00000 0.00000 0.00000 0.00000 0.00000 0.00000 0.00000 0.00000 0.00000 0.00000 0.00000 0.00000 0.00000 0.00000 0.00000
0.00000 0.00000 0.71991 0.00000 0.76184 0.00000 0.00000 0.00000 0.00000 0.00000 -0.47088 0.00000 0.00000 0.00000 0.00000 0.00000 0.00000 0.00000 -0.57640 -0.76398
0.00000 1.02976 0.00000 0.00000 0.00000 -0.30209 0.00000 0.00000 0.00000 0.00000 0.00000 0.00000 0.00000 0.00000 0.00000 0.00000 0.00000 0.00000 0.00000 0.00000
0.00000 0.00000 0.00000 0.00000 0.00000 0.00000 0.00000 0.00000 0.00000 0.00000 0.00000 0.00000 0.00000 0.00000 0.00000 0.00000 0.00000 0.00000 0.00000 0.00000
0.00000 0.00000 0.00000 0.00000 0.00000 0.00000 0.00000 0.00000 0.00000 0.00000 0.00000 -1.07988 0.00000 0.79360 0.76197 0.00000 0.00000 0.00000 0.40723 0.00000
0.00000 0.00000 0.00000 0.00000 0.00000 0.00000 0.00000 0.00000 0.00000 0.00000 0.00000 0.00000 0.00000 0.00000 0.00000 0.00000 0.00000 0.00000 0.00000 0.00000
0.00000 0.00000 0.00000 0.00000 0.00000 0.00000 0.00000 -0.50703 -0.59804 0.00000 0.00000 0.00000 0.00000 0.00000 0.00000 0.00000 0.60386 0.00000 0.00000 0.43317
0.00000 0.00000 0.00000 0.00000 0.00000 0.00000 0.00000 0.00000 0.00000 0.00000 0.00000 0.00000 0.00000 0.00000 0.45884 0.00000 0.00000 0.00000 0.00000 0.00000
0.00000 0.00000 0.00000 0.00000 0.00000 0.00000 0.00000 0.00000 0.00000 0.00000 0.00000 0.00000 0.00000 0.00000 0.00000 0.00000 0.00000 0.00000 1.32032 0.00000
0.00000 0.00000 0.00000 0.00000 0.00000 0.00000 0.00000 0.00000 -0.62557 0.00000 0.00000 0.00000 0.00000 -0.69930 -0.54500 0.00000 0.00000 -0.38147 0.00000 0.00000
0.00000 0.00000 0.00000 0.00000 0.00000 0.00000 0.00000 0.00000 -0.38430 0.00000 -0.31701 0.00000 0.00000 0.00000 0.00000 0.39748 0.00000 0.00000 0.00000 0.47586
0.00000 0.00000 0.00000 0.00000 0.00000 0.00000 0.00000 0.50722 0.00000 0.00000 0.00000 0.00000 0.00000 0.00000 0.00000 0.00000 0.43574 0.00000 0.00000 0.00000
0.00000 0.00000 0.00000 0.00000 0.00000 0.00000 0.00000 0.00000 0.00000 -1.07451 0.00000 0.00000 0.00000 0.00000 0.00000 0.00000 0.00000 0.00000 0.00000 0.00000
0.00000 0.00000 -0.66906 0.00000 0.00000 0.00000 0.00000 0.00000 0.00000 -0.88745 0.00000 0.00000 0.00000 0.00000 0.00000 0.00000 0.00000 0.00000 0.00000 0.00000
