1.000 0.002 0.002 0.002 0.002 0.002 0.001 0.002 0.011 0.003
0.002 1.000 -0.015 -0.015 -0.015 -0.015 -0.012 -0.013 -0.044 -0.015
0.002 -0.015 1.000 -0.015 -0.015 -0.015 -0.020 -0.031 -0.077 -0.015
0.002 -0.015 -0.015 1.000 -0.002 -0.002 -0.004 -0.008 -0.031 -0.002
0.002 -0.015 -0.015 -0.002 1.000 0.002 0.001 0.002 0.003 0.002
0.002 -0.015 -0.015 -0.002 0.002 1.000 0.002 0.002 0.003 0.001
0.001 -0.012 -0.020 -0.004 0.001 0.002 1.001 0.012 0.008 0.012
0.002 -0.013 -0.031 -0.008 0.002 0.002 0.012 1.001 -0.215 -0.099
0.011 -0.044 -0.077 -0.031 0.003 0.003 0.008 -0.215 1.057 0.061
0.003 -0.015 -0.015 -0.002 0.002 0.001 0.012 -0.099 0.061 1.012
