-0.00001 -0.20208 -0.23327 -0.26169 -0.10191 -0.15968 0.00134 -0.10496 -0.02834 0.03951 0.09185 0.01074 0.03508 -0.00191 0.01090 -0.00595 -0.14325 -0.00732 0.02538 0.05840
-0.00009 -0.00110 0.00085 0.00178 -0.00317 -0.00011 -0.00051 -0.00004 -0.00133 0.01659 0.00008 -0.00003 -0.00007 0.00011 -0.00033 -0.00056 0.00063 0.00020 0.00075 0.00199
0.00007 0.00731 -0.00001 0.02258 0.05115 0.01186 -0.00006 0.00161 -0.00661 -0.07441 0.00011 0.00031 -0.00042 -0.00042 0.00005 0.00002 0.35710 0.00023 -0.00557 -0.01482
0.00003 0.00434 0.00553 -0.00003 0.04857 -0.00903 0.00019 0.00216 0.00035 0.00006 0.00002 -0.03456 -0.00001 -0.00043 0.00000 -0.00006 0.19687 -0.00075 0.00074 -0.00011
-0.00002 -0.00868 0.00034 0.00074 -0.00002 -0.00052 -0.00033 0.00447 -0.00126 -0.00021 -0.00003 -0.00001 -0.00093 0.00005 0.00043 -0.00036 0.03780 -0.00234 -0.00159 -0.00000
-0.00000 -0.02828 0.00162 0.00271 -0.00010 -0.00002 0.00004 0.00076 0.00890 0.00733 -0.00412 0.00044 0.00073 -0.00008 -0.00748 0.00005 -0.00102 0.00008 0.00511 0.00489
0.00303 -0.00723 -0.18234 -0.23404 -0.03844 -0.10761 0.00000 -0.07389 -0.01683 0.02255 0.16940 -0.01058 0.03752 0.01281 0.08213 0.15756 -0.37724 -0.01287 0.13846 0.13375
-0.00007 0.01536 0.03679 0.00890 -0.00056 -0.02293 -0.00004 -0.00000 -0.00857 -0.25782 -0.00025 -0.02947 -0.00497 0.00003 0.00085 0.00003 0.04546 0.00683 -0.00045 -0.09168
-0.00281 -0.16835 -0.00652 -0.20689 -0.03667 -0.01363 0.00440 -0.00963 -0.00015 0.02355 0.00760 -0.03513 0.00185 0.00194 -0.00124 0.00511 -0.27051 0.00018 0.16617 0.00104
0.00042 0.00260 -0.00028 -0.07049 -0.08433 -0.00584 0.00247 -0.00122 0.00343 -0.00005 0.00115 0.00098 0.00039 -0.00107 0.00021 0.00190 -0.36208 0.00074 -0.00004 0.03496
-0.00097 -0.21863 -0.34489 -0.44269 -0.40536 -0.14528 -0.00010 -0.05005 -0.01276 0.05929 -0.00329 0.00152 0.00701 0.00855 0.10066 0.01329 -0.27060 0.03751 0.14707 0.00165
0.00007 -0.09111 -0.07369 -0.00007 -0.13155 -0.10322 -0.00015 0.00098 0.00074 0.04702 0.00623 -0.00003 -0.00012 0.00171 0.00618 0.00221 -0.00788 -0.00082 0.00033 0.00810
-0.00003 -0.07768 -0.06383 -0.21017 -0.06354 -0.06117 0.00055 -0.01467 -0.02824 0.03006 0.01364 -0.00221 0.00033 0.00038 0.00203 0.00226 0.03520 -0.00059 0.16455 -0.05217
0.04568 -0.03049 -0.01173 -0.03395 -0.13279 -0.14267 -0.00104 -0.22513 -0.03296 0.03166 0.00549 -0.02120 0.02791 0.00004 0.03820 0.00940 -0.18459 0.05121 0.20951 0.18028
0.00371 -0.05150 -0.31280 -0.19780 0.01565 0.00301 -0.00005 -0.29423 -0.00787 0.01854 -0.00118 0.00640 0.00022 -0.00436 -0.00002 0.02691 -0.13427 0.00270 0.10870 0.02012
0.00244 -0.04005 -0.20603 -0.15797 -0.08363 -0.10309 -0.00020 -0.24620 -0.00544 0.00985 0.00332 -0.00593 -0.03929 0.01114 0.00461 -0.00088 -0.34273 -0.00810 0.12218 0.21511
0.00155 -0.04135 0.00075 0.00001 0.00041 0.02985 -0.00054 0.00068 0.00046 0.00002 0.00038 -0.00639 0.00033 -0.00012 0.00018 0.00013 -0.00017 -0.00001 -0.00037 -0.00053
0.00102 -0.28057 -0.07066 -0.01954 -0.02340 -0.06579 0.00455 0.00486 -0.04211 0.01400 -0.00190 -0.09014 0.00749 -0.00023 0.01726 0.00334 -0.22101 -0.00000 0.10286 0.05703
0.00031 -0.05576 -0.08393 -0.00674 -0.01669 -0.01146 -0.00009 -0.08336 -0.00016 0.13824 -0.00006 -0.00020 -0.00187 0.00061 -0.00024 0.00038 -0.41488 -0.00006 -0.00015 0.05953
-0.00118 -0.01489 -0.00089 -0.12511 -0.26012 -0.00642 0.00030 0.00031 -0.00164 0.00182 0.00404 0.00025 0.00057 -0.00018 0.00190 0.00027 0.08339 0.00014 0.00036 -0.00007
