-0.00651 -0.11435 -0.00206 -0.00040 0.55025 -0.00445 -0.00707 0.04988 -0.03521 -0.12402 0.03368 0.01057 0.25499 -0.03066 0.00072 -0.01810 0.43783 -0.20973 0.00328 -0.23963 0.48104 0.64274 -0.00864 -0.00991 0.18959 1.66854 -0.00743 0.69440 0.08937 0.16322
-0.17053 -0.19337 -0.00148 -0.00013 0.59541 -0.58649 0.21525 0.01525 0.03853 -0.39242 -0.36144 0.00053 0.84110 0.14808 -0.00032 0.00286 0.94737 -0.66036 0.05685 -0.41945 0.92613 1.09627 0.00807 0.00091 0.56120 1.55662 0.00203 0.82713 0.53668 0.00044
0.54899 2.73439 0.00635 0.24288 -0.49393 0.18772 -0.16323 3.06899 -1.24793 1.77184 0.30777 -0.73015 0.04148 -1.28562 -0.33510 0.68156 -0.63728 2.15690 0.08045 1.72619 -2.64085 0.13901 -0.61512 -0.54240 -1.55261 1.60698 0.30208 -0.61993 -0.43797 0.52460
-0.50994 -0.46205 -0.27269 0.02649 0.43267 -0.37365 0.01606 -5.17764 1.57787 -1.22168 -0.33342 1.53724 -0.14995 2.32758 0.25409 -0.27329 0.80249 -2.23589 1.48282 -2.18386 2.22935 0.08752 0.33936 0.21415 1.75246 0.21935 -1.85336 0.59197 0.33717 -1.92634
0.00065 -0.00094 0.00250 -0.00137 -0.17228 0.23975 0.00103 0.00010 0.00012 -0.00259 -0.00328 -0.00037 -0.06323 -0.00030 -0.00017 0.00389 -0.10223 0.00489 0.00038 0.03392 -0.15181 -0.57680 0.00142 0.00141 -0.00672 0.23873 0.00181 -0.40748 -0.00138 0.00076
-0.00794 -0.03292 0.00048 -0.00081 0.51397 -0.14354 -0.00374 0.00130 -0.00393 -0.13574 -0.12842 -0.00132 0.35448 -0.00100 -0.00046 0.00652 0.10428 -0.20786 0.00826 -0.41642 0.66098 0.43335 0.01105 0.00061 0.40158 -0.11279 0.00141 0.02286 -0.06140 -0.00439
0.20445 0.28251 -0.00248 -0.00189 -1.89753 1.61910 -0.21204 -0.00173 -0.03494 0.08345 0.72716 0.00021 -1.29492 -0.03719 -0.00558 0.00300 -1.23681 0.01097 -0.02045 0.10060 0.29491 -2.49498 0.00391 0.00640 -0.01499 0.55871 0.00691 -1.57627 -0.68729 0.05535
0.61200 2.50995 0.00661 0.00834 -1.03098 0.63067 -0.29908 0.67691 -1.04651 2.49913 0.55117 -0.55159 -0.76135 -1.05354 -0.16325 -0.01747 -0.46121 1.38464 0.02555 1.57594 -2.80471 0.07931 -0.22865 -0.01805 -1.20151 2.14335 -0.03004 -0.75058 -0.47579 0.95971
0.10452 0.90518 0.00146 0.00340 -0.75732 0.64506 -0.35709 0.25399 -0.31376 1.01279 0.47228 -0.11514 -0.34696 -0.59199 -0.05582 0.02859 -0.50194 1.11077 -0.30617 1.06087 -0.93550 -0.77327 -0.02703 -0.00131 -0.98890 1.87251 0.00434 -0.68960 -0.18218 0.30586
-0.18505 -0.26153 -0.00007 0.00117 0.67380 -0.52755 0.10406 0.00196 0.00688 -0.09494 -0.18312 0.00125 0.65098 0.07881 -0.00028 -0.00452 0.83352 -0.40171 0.02970 -0.41790 0.28721 1.23033 0.00275 -0.00236 0.41570 1.36275 -0.00342 1.27055 0.47435 0.02361
0.00514 -0.00622 -0.00051 0.00085 1.36248 -0.40848 0.01428 0.00469 0.00292 0.00419 -0.04468 0.00111 0.32256 0.00138 0.00098 -0.00545 0.36857 0.06300 -0.00439 -0.04312 -0.07745 1.92225 -0.00234 0.00007 0.04384 0.57895 0.00017 0.64859 0.04781 -0.00902
-0.44739 -2.29151 0.00161 0.00397 0.70518 -0.34154 -0.00026 -0.82770 0.74268 -1.41621 -0.43149 0.02275 0.08046 0.85541 0.17320 0.01211 0.44865 -1.44482 -0.14856 -1.29690 2.50057 -0.10944 0.13506 0.00080 1.03022 0.61083 -0.05244 0.56443 0.57201 -0.23560
0.00020 0.10368 -0.00031 0.00049 -0.45385 0.25968 0.01088 0.00152 -0.00186 0.12307 0.05021 -0.00064 -0.06701 -0.00127 -0.00043 0.00002 0.01891 0.08316 0.00305 0.39595 -0.53159 0.04961 0.00250 0.00042 -0.10026 0.67382 0.00077 -0.17517 -0.05010 0.00551
-0.47164 -0.12195 0.00426 0.00224 0.55959 -0.18372 -0.23328 0.01095 0.04971 -0.10116 0.19352 -0.00465 0.24383 0.00027 0.00011 0.00956 0.45447 0.00416 -0.03010 0.12236 1.01312 0.64483 -0.01454 0.00090 0.14106 3.87735 -0.00435 0.82133 0.30630 -0.12150
-0.97382 -0.57373 0.01193 0.02290 0.20320 -0.74990 -0.15147 -1.19833 0.17882 -2.36528 -0.33221 0.39265 1.01477 1.11056 0.04561 -0.03494 0.09423 -1.63800 -0.25667 -2.16278 3.74476 -0.88893 0.06591 -0.00465 1.05690 1.46127 -0.00498 0.31129 0.83101 -0.54016
-1.40188 -0.47117 -0.04626 -0.14028 1.55930 -1.72874 0.89077 -0.96321 0.10098 -0.08753 -0.75412 0.50624 1.40829 0.79233 0.56958 0.00938 2.06403 -0.21426 1.15892 -0.67842 0.16065 2.48529 0.56930 0.32149 0.35179 2.39563 0.01319 1.50821 1.78348 -0.51045
0.00159 0.00085 0.00023 0.00007 0.36644 0.13694 0.01035 0.00296 -0.00013 -0.00324 -0.00397 -0.00006 -0.00149 -0.00093 -0.00013 -0.00009 0.00083 -0.00264 -0.00038 0.05595 0.06626 0.30430 -0.00022 -0.00071 0.01161 0.73749 -0.00073 0.24944 -0.00039 0.00310
0.04661 0.12590 -0.00179 0.00422 -0.84998 0.48255 -0.05821 0.00424 0.00291 0.19174 0.23966 0.00053 -0.33773 -0.01099 0.00033 -0.00101 -0.48883 0.11654 -0.01346 0.37830 -0.55741 -0.68124 -0.00518 0.00259 -0.58590 1.23347 0.00468 -0.87068 -0.07291 -0.01779
-1.27969 -0.21227 0.00771 0.00549 1.36161 -1.46100 0.87515 -0.29034 -0.00968 -0.46892 -1.25502 0.05803 1.91043 0.47461 0.38943 0.00143 1.85515 -0.52508 0.65145 -0.68948 1.10677 1.49955 0.26285 -0.00920 0.61022 2.50378 -0.02290 1.74598 1.70532 -0.03273
0.04986 -0.04683 -0.00240 0.00300 0.64052 -0.01148 0.06068 0.00708 0.01142 -0.09183 -0.13094 0.00055 0.15638 0.01207 -0.00055 0.00626 0.37837 -0.28936 -0.01859 -0.00861 0.71096 0.54821 -0.01476 0.00503 0.32576 -0.16896 0.00674 0.52562 0.02584 -0.02118
-0.00873 -0.00285 0.00116 0.00111 -0.32713 0.12581 -0.01887 0.00034 -0.00019 0.01801 0.07514 -0.00136 -0.05430 -0.00081 -0.00077 0.01535 -0.22086 0.11827 0.01203 -0.02560 -0.04962 -0.14723 0.00818 0.00264 -0.07456 0.58311 0.00205 -0.40090 -0.00491 -0.00417
-0.00004 0.00022 0.00014 0.00010 -0.31389 0.11080 0.00393 0.00015 -0.00024 -0.00175 -0.00792 -0.00013 -0.04761 -0.00045 -0.00014 0.00048 -0.05491 -0.00231 0.00037 0.01951 -0.08826 -0.22777 0.00050 -0.00006 0.00265 0.09809 0.00002 -0.30736 -0.00432 0.00182
-1.60824 0.13449 -0.00580 -0.01473 1.61152 -1.69281 1.05018 -0.07629 -0.13080 -0.41272 -1.12581 0.37570 2.37334 0.53318 0.69657 0.01115 1.73796 -0.42890 1.40491 -0.54242 0.67603 1.78106 0.09497 0.12751 0.67790 2.45368 0.02180 1.56753 1.73190 -0.33274
0.26032 4.09656 -0.10172 -0.40600 -0.34556 0.16722 -0.05771 2.92288 -1.53730 1.86441 0.15112 -0.77974 0.46587 -1.64601 -0.38731 0.09994 -0.76208 2.66557 0.36606 1.89320 -1.81238 -0.00352 -0.42974 0.02411 -1.98906 1.88592 0.74270 -0.59148 -0.40133 0.90645
0.12192 -0.11193 0.00165 0.00061 0.92243 -0.00475 0.02378 0.01261 0.04104 -0.12503 -0.18524 0.00408 0.07233 -0.00234 -0.00164 0.00382 0.00325 -0.16615 0.02280 -0.28407 1.16947 1.09445 0.01509 -0.00201 0.15844 -1.23085 -0.00331 0.13695 -0.24773 0.02796
-0.12103 -0.13837 -0.00013 -0.00014 1.38496 -0.86096 0.53808 -0.00047 0.01991 0.11448 -0.79756 -0.00020 1.22383 0.04466 -0.00035 0.00065 1.40227 -0.39312 0.11184 0.00068 -0.33911 2.93162 0.00081 0.00044 0.47275 -0.22577 0.00053 1.82523 0.63485 -0.00658
0.49339 2.10578 -0.28979 -0.06320 -0.96892 0.46401 -0.41409 1.78513 -0.95034 1.18198 0.46470 -0.29546 -0.35927 -0.68309 -0.45723 0.44685 -0.53434 1.34073 -0.28741 1.03018 -1.30658 -0.10295 -0.29296 0.16246 -1.06480 2.65148 0.02481 -0.66408 -0.22024 0.09903
0.00016 0.00013 0.00036 -0.00015 0.02441 0.12794 0.00346 0.00041 -0.00032 -0.00214 -0.00604 0.00005 0.00440 -0.00048 0.00024 -0.00176 0.00398 0.00101 -0.00016 0.02399 0.03371 0.01128 -0.00129 -0.00082 0.00351 0.44544 -0.00015 -0.00214 0.00831 0.00200
0.04320 0.22911 -0.00074 0.00111 -0.58977 0.51661 0.00918 0.00841 0.00219 0.17699 0.23595 -0.00065 -0.04450 -0.01138 -0.00067 0.00007 -0.36521 0.32881 -0.00198 0.65827 -0.86815 -0.23203 0.00029 0.00133 -0.31359 0.73461 0.00320 -0.39730 -0.03915 0.00655
-0.20291 -1.03448 0.00729 0.00832 1.02323 -0.12124 0.30129 -0.01942 0.28861 -0.86088 -0.32079 0.31611 0.75773 0.26856 0.01483 -0.04251 -0.32901 -0.77218 0.21066 -0.63610 1.35734 0.43382 0.06679 -0.02091 0.67205 -0.08531 -0.03567 0.05818 0.13137 0.00915
