-0.00114 -0.00122 -0.01532 1.29788 -0.00258 -0.00357 0.08032 0.02485 0.50045 -0.01040
-1.10181 -0.00024 0.00980 -0.21062 0.00259 0.00058 -0.03045 -0.01987 -0.04553 0.00885
-0.69351 -0.79498 0.00264 0.37478 -0.21440 -1.24553 -0.99833 -0.73516 -2.12109 -0.77625
-0.00012 -0.00147 0.00315 0.00004 -0.00085 -0.00051 0.34950 0.06221 1.45774 -0.03044
-0.07541 0.31359 0.00476 -0.00722 0.00099 1.41422 0.00305 -0.00401 -0.01269 0.00447
-0.25326 1.39284 0.00595 -0.02621 0.00160 0.00186 -0.01235 -0.00698 -0.01554 0.00118
0.00534 -0.00962 -0.00311 -0.00111 -0.02687 -0.01430 0.00307 1.10492 -0.00093 -0.35382
0.00747 -0.01746 0.00089 -0.00218 -0.13975 -0.10251 -0.00034 0.00166 -0.00099 -1.66362
0.00179 0.00287 -0.00200 0.00000 -0.00252 0.00356 1.17080 0.22138 -0.00047 -0.04223
-0.00483 0.06188 -0.00144 -0.00240 0.88390 0.39474 0.00086 0.00289 -0.00088 -0.00087
