0.00000 0.00009 -0.00084 -0.00016 -0.00010 -0.00027 -0.00001 0.00034 0.00001 -0.00000 0.00000 -0.00000 0.00013 -0.00000 -0.00000 0.00002 -0.00150 -0.00047 0.00000 0.00000 0.00016 0.00014 0.00087 0.00010 0.00000 -0.00005 0.00000 0.00000 -0.00000 0.00015 0.00001 0.00007 0.00009 -0.00000 0.00005 0.00000 -0.00022 0.00000 -0.00171 0.00000 0.00002 -0.00015 0.00001 -0.00002 -0.00000 -0.00090 -0.00066 0.00000 0.00008 -0.00000
0.00000 -0.00000 -0.00030 -0.00033 0.00000 0.00000 0.00003 0.00016 -0.00000 0.00000 -0.00000 0.00000 0.00000 0.00000 -0.00000 0.00003 0.87125 -0.00000 0.07741 0.00004 0.00000 0.00000 -0.00015 -0.00045 0.00007 -0.00000 -0.00000 0.00029 -0.00000 -0.00007 -0.00013 -0.00000 0.00003 -0.11016 0.00003 0.00000 -0.00000 0.00000 -0.00000 -0.00000 -0.00027 0.00000 -0.00000 0.00000 0.00009 0.00011 -0.00000 0.00005 -0.00000 0.00005
-0.00000 -0.00044 0.00000 0.00131 -0.00000 -0.00000 0.00014 -0.00000 -0.00000 0.00003 0.00000 -0.00015 0.00000 0.00000 -0.00000 -0.00000 0.00016 -0.00000 -0.00000 -0.00005 -0.00034 0.00001 -0.00000 0.00000 0.00060 0.00000 0.00000 -0.00007 -0.05125 0.00110 -0.00013 0.02949 -0.00000 -0.00035 -0.00000 -0.00008 0.60242 0.00000 0.00004 -0.00007 -0.00090 0.00002 -0.00000 0.00000 0.00000 0.00003 -0.00000 -0.00000 -0.00000 0.00023
-0.02422 0.00004 0.00000 0.00000 -0.00014 0.00000 0.00000 0.00285 -0.00000 -0.00025 0.00000 0.00000 0.00056 0.00000 0.00020 -0.00015 0.01648 0.00000 -0.00006 -0.00026 -0.00031 -0.00036 -0.00000 -0.00017 -0.00133 -0.00004 0.00002 -0.00029 0.00000 0.00000 -0.00010 -0.00000 -0.00039 -0.00000 -0.00021 -0.00000 0.00000 0.00007 0.00729 0.00026 0.00000 0.00034 0.00037 -0.00000 0.00087 -0.04241 -0.00000 -0.00018 0.00011 0.00000
0.00000 0.08951 -0.00011 -0.00037 0.00000 0.00000 -0.00021 0.00002 -0.00000 0.00002 0.00005 -0.00000 0.00000 0.00005 -0.07297 -0.00000 0.06384 0.00000 -0.00001 -0.00000 0.00015 0.00000 -0.00066 -0.00000 0.00000 -0.00000 -0.18923 -0.00000 -0.00013 -0.00005 -0.00015 -0.00000 -0.00000 0.00008 0.07018 -0.00179 -0.00017 0.00000 -0.00000 -0.00000 -0.00019 0.00006 0.00000 0.00013 0.00000 0.00033 0.00006 0.00000 -0.04218 0.00031
0.00000 -0.00000 -0.00000 0.03685 0.00000 -0.00000 -0.00000 0.00000 -0.00000 -0.00007 -0.00000 0.00000 -0.00000 0.00000 0.00000 -0.00000 0.00000 -0.00000 -0.00000 0.00000 0.00000 -0.00000 -0.36470 -0.00001 0.00000 -0.00005 0.00000 0.00000 -0.00004 -0.00140 0.00000 -0.00000 -0.00000 -0.00000 0.00000 0.00005 -0.00041 -0.00000 -0.00000 -0.00000 -0.00015 -0.00000 -0.00000 0.00000 0.00000 -0.00002 0.00001 -0.00000 -0.00000 0.00000
0.00005 -0.00000 0.00006 -0.00000 -0.00025 -0.00021 0.00000 -0.00000 0.00057 -0.00015 0.00000 0.11175 0.00001 0.00000 -0.00023 0.00002 -0.00000 0.00000 0.00059 0.00012 -0.00000 0.00000 0.00148 -0.00012 0.00000 0.00008 0.00032 -0.00004 -0.00000 -0.11374 -0.00013 0.00000 -0.00000 0.00004 -0.00000 0.00000 -0.02791 -0.00000 0.00009 0.00000 -0.00000 -0.00017 0.00019 -0.00000 0.00005 0.00021 -0.00000 0.00000 0.00020 0.00000
-0.00000 0.00024 -0.00070 -0.00034 0.00016 -0.00000 0.00000 -0.00000 -0.00007 0.00000 0.00000 0.00024 -0.00000 -0.00053 0.00000 -0.00007 0.00000 0.00000 0.00034 -0.00000 -0.00000 -0.00000 -0.00000 0.00000 -0.00000 -0.00000 -0.00000 0.00008 0.00065 -0.00008 -0.00000 0.00000 0.00000 0.00000 -0.00000 0.00012 0.00116 -0.00000 0.00000 -0.00000 -0.27739 -0.00000 -0.00009 0.00000 0.00000 0.00000 0.00000 -0.00000 -0.00000 -0.00001
0.00010 -0.00003 0.00000 0.00000 -0.00001 -0.00000 -0.00000 0.00000 -0.00000 -0.47527 0.00000 -0.18558 -0.00005 -0.00031 0.00002 -0.00000 -0.00012 -0.00001 -0.00001 0.00000 -0.00000 0.00000 -0.00006 -0.00004 -0.00002 0.00000 -0.00000 -0.00000 -0.00000 -0.00000 0.00081 0.00000 -0.00000 -0.00000 -0.00000 -0.00000 0.00003 0.00000 -0.00000 0.00000 -0.00000 0.00000 0.00000 -0.00000 -0.00000 0.00000 0.00009 -0.00004 0.00009 -0.00022
-0.00008 -0.00000 0.00007 -0.01878 -0.00001 0.00000 -0.00036 0.00000 -0.00000 0.00000 -0.00009 0.37866 0.00003 0.00019 -0.00005 0.00000 0.05431 -0.00013 -0.00036 0.00000 -0.00009 -0.00000 -0.00000 0.00008 0.00000 0.00011 -0.00002 -0.00008 -0.00000 -0.00000 -0.57798 0.00005 -0.00003 0.00663 0.00004 0.00000 -0.00001 -0.00005 -0.00004 0.00000 -0.00026 0.00017 0.00000 -0.00000 -0.00000 0.00012 -0.00016 -0.00038 -0.00004 0.02810
0.02196 0.00020 -0.00001 -0.00008 0.00000 -0.00005 0.00017 0.00032 0.00000 -0.00000 -0.00000 -0.00006 0.00000 0.00004 0.00000 0.00000 0.00032 -0.00000 -0.00003 0.00000 -0.00044 0.00000 -0.00000 0.00004 -0.00000 -0.00000 0.20748 -0.00014 -0.00000 -0.00030 0.00000 -0.00000 0.00000 0.00000 0.00000 -0.00000 -0.00000 0.32469 0.00000 -0.00000 -0.00075 -0.00014 -0.00000 -0.00000 0.00000 -0.00000 0.00000 0.00046 0.00001 -0.00001
-0.00000 0.00000 -0.00000 0.07083 0.00000 0.00000 0.00000 0.00000 -0.00000 0.00000 -0.00004 0.00000 0.00007 0.00009 -0.00000 -0.00000 0.00043 -0.00041 -0.00000 0.00000 0.00000 -0.00000 0.00007 0.00026 -0.00000 0.00010 0.00000 -0.00000 0.00018 0.00197 -0.00000 0.00010 0.00004 0.00011 -0.00019 0.00000 -0.00013 0.00000 -0.00027 0.00019 -0.00000 -0.00000 -0.00000 0.00000 0.00003 -0.00005 0.00000 -0.00015 0.00041 0.00000
-0.00000 -0.00010 0.07475 0.00002 -0.00000 0.00000 0.00012 -0.00000 -0.00000 0.00004 -0.00000 0.00010 0.00000 0.00000 0.00020 -0.00001 -0.00000 0.00000 -0.00021 0.00001 -0.00009 0.00000 -0.00150 0.00000 0.00007 -0.00000 0.00001 0.00011 -0.00000 -0.00000 -0.00008 0.00000 -0.00000 -0.00000 0.00000 -0.00000 0.00558 0.00000 -0.00000 0.00000 -0.00046 0.00000 -0.00000 0.00000 0.00000 -0.00003 -0.00000 0.00000 -0.00007 -0.00004
-0.38499 -0.00000 0.25010 0.12075 -0.00000 0.07437 0.00010 0.00000 0.00005 0.00017 0.00007 0.00033 0.00001 0.00000 0.00000 0.00000 0.21635 0.00038 -0.00000 0.00012 -0.00085 -0.00018 -0.15198 -0.00003 0.00006 0.00005 0.00100 -0.00000 -0.00000 -0.06050 -0.00040 -0.00000 -0.00015 -0.02288 0.00000 -0.00000 0.07073 0.02099 0.15195 -0.00000 -0.00527 0.00015 -0.00000 0.00000 0.00000 0.03159 0.01784 0.00047 -0.00028 0.00017
-0.00000 -0.04899 0.00018 -0.00000 -0.00000 -0.00000 -0.00003 -0.00000 0.00000 -0.00000 0.00000 0.00012 0.00003 -0.00000 0.00000 0.00000 -0.02280 0.00000 0.00000 -0.00013 0.00005 0.00000 0.00024 -0.00002 -0.00009 -0.00000 0.00019 0.00000 0.00003 0.00000 -0.00000 0.00001 0.00000 -0.00003 -0.00000 -0.00000 0.00008 0.00000 -0.00000 0.00000 0.00000 -0.00001 0.00000 0.00001 -0.00235 -0.00009 0.00003 -0.00000 0.13578 -0.00002
0.00000 0.00025 -0.00017 -0.00063 -0.19595 -0.00000 0.00015 -0.00000 -0.00000 -0.00000 0.00002 -0.00000 0.00000 -0.00000 0.00000 0.00000 0.00000 0.00000 -0.00000 -0.00017 -0.00033 0.00000 -0.00001 -0.00000 0.00006 -0.00016 -0.03159 0.00000 -0.00023 -0.00000 -0.00000 -0.00000 -0.00000 0.00000 0.00009 0.00002 -0.00035 0.00000 -0.00004 0.00000 -0.00037 -0.00001 -0.00020 -0.00032 -0.00000 -0.00000 -0.00000 0.00000 -0.00017 -0.00000
-0.00095 -0.00000 0.00414 0.00000 0.00000 0.00022 -0.00041 0.00011 -0.00000 0.00000 0.00035 0.00058 -0.00012 0.00000 -0.00000 0.00058 0.00000 0.00029 -0.00000 0.00045 -0.00002 0.00042 -0.00070 -0.00056 0.00000 0.00017 -0.02578 0.00000 0.00052 -0.00017 0.00000 0.00013 -0.00012 -0.00000 0.00228 0.00000 0.00112 0.00027 0.00767 -0.00000 -0.00013 0.00001 -0.00000 -0.00000 0.00045 0.00399 0.00000 -0.00053 -0.01943 -0.00000
0.00000 -0.00000 0.00000 0.00000 -0.00000 -0.00000 -0.00000 0.00000 -0.00000 -0.00009 0.00000 -0.00000 0.00000 0.00033 -0.00000 -0.00000 0.00005 -0.00000 -0.00005 0.00000 -0.00000 -0.00000 0.00000 -0.38716 0.00000 0.00000 0.00000 -0.00000 0.00000 -0.00044 0.00000 -0.00000 0.00000 -0.00005 0.00000 -0.00000 0.00000 0.00000 -0.00000 -0.00000 -0.00037 0.00000 0.00000 -0.00007 0.00000 0.00008 -0.00003 -0.00000 -0.00000 -0.00000
0.04875 0.00000 -0.06603 -0.02562 -0.00000 -0.00115 -0.00011 0.00000 -0.00016 0.00000 -0.00013 0.00000 0.00003 -0.92680 -0.00000 -0.00000 -0.40301 0.00000 0.00000 -0.00000 0.00021 0.00022 0.06986 -0.00011 -0.00018 -0.00000 -0.00033 0.00000 0.00011 0.02670 0.00044 0.00000 0.00002 0.00221 0.00005 0.00000 -0.01630 -0.00025 -0.20941 -0.00000 0.00074 -0.00003 -0.00003 -0.00000 -0.00000 0.00000 0.00000 -0.00032 0.00023 -0.00050
-0.00000 0.00050 -0.00000 0.00000 0.00000 0.00015 0.00001 0.00004 -0.00000 0.00000 -0.00000 0.00012 0.00000 -0.00003 -0.00019 0.00000 0.00041 -0.00000 -0.00014 -0.00000 -0.00004 -0.00023 -0.00016 -0.00001 0.00000 0.00008 -0.00000 -0.00000 0.00000 -0.00007 0.00000 -0.00004 0.00000 0.00022 0.00008 0.00023 -0.00027 -0.00000 0.00000 0.00000 0.00000 0.00000 0.00000 0.00000 -0.00000 0.00000 -0.00000 0.00004 0.00000 -0.00000
0.00216 -0.00000 0.01733 -0.00028 0.00000 -0.00000 -0.00000 -0.00000 0.00000 0.00000 -0.00055 0.00008 -0.00063 -0.00000 -0.00012 -0.00011 -0.00014 -0.00011 0.00073 -0.00025 0.00000 -0.00056 -0.00000 -0.00000 -0.00000 0.00000 -0.00029 0.00000 -0.00000 0.00000 0.00014 -0.00000 -0.00000 -0.00019 -0.00039 -0.00019 0.01562 -0.00008 -0.00120 0.00001 -0.00000 0.00000 0.00004 0.00202 -0.00000 0.02873 0.00052 0.00000 -0.00000 -0.00007
0.00000 -0.00000 0.00000 -0.00000 -0.24580 -0.00003 0.00004 0.00000 0.00000 -0.00000 0.00005 -0.00033 -0.00000 -0.00000 -0.00000 0.37737 -0.00000 -0.00003 0.00009 -0.00003 -0.00002 -0.00000 0.00000 0.00000 0.00009 -0.00000 -0.00075 0.00032 -0.00000 -0.00000 -0.00000 -0.00000 -0.00000 0.00000 0.00000 0.00000 -0.00016 0.00000 0.00000 -0.00000 -0.00041 0.00000 0.00000 -0.00000 -0.00000 -0.00000 -0.00003 -0.00000 -0.00001 -0.00000
0.00175 -0.00020 0.36636 -0.34785 0.00000 -0.00000 0.00117 0.02945 -0.00000 -0.00005 -0.00008 0.00000 -0.00000 -0.00000 -0.00000 -0.00003 -0.00054 -0.00017 0.00000 -0.00000 -0.00000 0.00009 0.00000 -0.00000 0.02956 0.00003 -0.00000 -0.00000 -0.01447 0.90954 0.00017 0.00000 0.00000 -0.00046 -0.00021 -0.00007 0.03589 -0.00001 -0.00000 -0.00000 -0.25960 -0.00000 0.00000 0.00001 0.00000 0.00013 0.00158 -0.00000 -0.00000 0.00000
0.00019 -0.00017 0.00029 0.00006 -0.00000 -0.00022 -0.00000 -0.00030 -0.00000 0.00005 -0.00000 0.00000 -0.00001 0.00024 0.00038 0.00002 -0.00050 0.00000 -0.00033 0.00000 -0.07917 -0.00000 0.00018 0.00000 -0.00012 0.00000 -0.00000 -0.00058 0.00000 0.00040 -0.00000 -0.00000 0.00000 -0.00011 0.00000 0.00008 -0.00000 0.00003 -0.00000 -0.00004 0.00023 -0.00000 0.00000 -0.00000 0.00000 -0.07215 0.00023 0.00000 0.00000 0.00000
-0.00008 0.00000 -0.00000 -0.00004 0.00006 0.00000 0.30777 -0.00058 0.00000 0.00000 -0.00000 -0.00006 -0.00000 -0.00011 -0.00000 -0.00000 0.00001 -0.00000 -0.00000 -0.00000 -0.00000 0.00006 0.00000 0.00000 -0.00000 0.00000 0.00000 -0.00006 -0.15389 -0.16219 -0.00014 0.00000 -0.00018 0.00000 0.00000 -0.00000 -0.00000 -0.00000 0.00000 -0.00000 -0.00003 0.00000 0.00000 -0.00000 0.00000 0.00000 0.00000 0.00000 -0.00000 0.00000
-0.00013 -0.00000 -0.12522 -0.00010 -0.00000 0.00000 0.00004 -0.00000 -0.00000 0.00000 -0.00008 0.00010 0.00000 0.00009 -0.00000 -0.00000 0.00000 -0.00000 -0.00000 0.00000 0.00007 0.00000 0.00000 0.00007 0.00000 -0.00000 -0.00000 -0.00002 -0.00000 -0.00000 0.00000 0.00000 -0.00004 0.00000 0.00011 0.00000 -0.00018 -0.00005 0.00000 0.00000 -0.00005 0.00000 0.00000 -0.00006 -0.00000 0.11034 -0.00000 0.00013 -0.00000 -0.00000
0.04266 -0.00055 0.00000 0.00011 -0.00000 0.00000 -0.00003 -0.00000 0.00000 -0.00016 0.00000 -0.00000 -0.00000 0.00088 0.00266 0.00000 -0.00000 -0.00000 -0.00087 0.00000 -0.00001 -0.00000 -0.00006 0.00002 0.00000 -0.00000 0.00000 0.00000 -0.00000 -0.00007 -0.00000 0.00026 -0.00000 0.00000 -0.01824 0.00000 -0.00054 0.00000 -0.00007 -0.00000 -0.00015 0.00000 -0.00000 -0.00000 0.00006 -0.00017 -0.00000 -0.00000 0.00005 -0.00002
0.00005 0.00021 -0.01660 0.00031 0.00000 0.00018 -0.00000 -0.00000 -0.00000 0.00008 -0.00000 -0.00006 -0.00000 -0.04224 -0.00000 -0.00000 -0.00012 0.00000 0.28249 -0.00000 0.00000 -0.00001 -0.10390 0.00000 0.00000 -0.00000 -0.00000 -0.00000 -0.00000 0.00000 -0.00015 -0.00000 0.00005 0.00000 0.00000 0.00000 -0.00067 -0.00000 0.00002 0.00000 0.00014 -0.00000 -0.00000 0.00008 0.00000 -0.00000 -0.00008 -0.00000 0.00008 0.00004
-0.00000 0.00000 -0.00000 0.00038 -0.00023 -0.00000 -0.12418 0.00120 -0.00000 -0.00000 -0.00007 0.00042 0.00000 0.00000 0.00000 -0.00000 -0.00000 -0.00000 0.00007 -0.00000 -0.00003 -0.00000 -0.00015 0.00003 -0.00000 -0.00000 -0.00000 -0.00000 -0.00000 0.07808 -0.00012 -0.00000 0.00000 -0.00000 -0.00000 -0.00000 0.18229 -0.00014 -0.00019 -0.00000 0.18618 0.00000 0.00015 -0.00013 -0.00004 -0.00000 0.00000 0.00002 -0.00000 -0.00010
0.01392 -0.00028 0.00058 -0.00037 -0.00002 -0.00000 -0.00000 -0.00000 -0.00070 0.00008 -0.00059 0.00182 -0.00032 -0.00000 0.00015 -0.00033 -0.01784 -0.00060 0.00009 -0.00000 0.78509 -0.00041 -0.00000 0.00031 -0.00000 0.00072 -0.00029 0.00000 0.00000 0.00000 -0.00000 0.00000 0.00000 -0.00001 -0.00041 -0.00039 0.07987 -0.00049 -0.00411 -0.00004 0.00000 -0.00184 -0.00005 0.00195 0.00000 -0.00028 0.00029 0.06823 0.00042 -0.00000
0.00025 0.00000 -0.00012 0.00194 -0.00000 0.00000 0.00000 0.00000 0.00000 -0.00000 0.00005 -0.18641 -0.00011 -0.00035 0.00000 0.00000 0.10961 0.00007 0.00043 0.00000 -0.00004 -0.00000 0.00006 -0.00002 0.00004 -0.00009 -0.00000 -0.00000 -0.00000 -0.00008 0.00000 -0.00000 -0.00000 0.00000 -0.00000 0.00000 0.00008 0.00025 0.00008 -0.00000 -0.00001 -0.00037 0.00010 -0.00000 0.00000 -0.00000 0.00017 0.00042 0.00008 -0.00011
0.00000 -0.00000 -0.00000 -0.00000 -0.00002 0.00000 0.00003 0.00014 -0.00001 0.00000 0.00000 0.00002 0.00000 0.00000 0.00000 0.00000 0.00000 -0.00000 0.00000 0.00000 -0.00000 0.00000 0.00000 -0.00000 -0.00000 0.00000 0.00018 -0.00000 0.00000 -0.00000 -0.00000 -0.00000 0.00000 0.00000 0.00000 0.00006 -0.15035 0.00013 0.00002 -0.00003 -0.00000 -0.05084 0.00019 -0.00006 -0.00005 0.43650 0.00022 0.00016 -0.00000 -0.00009
-0.00000 -0.00000 -0.00011 0.00000 0.00000 -0.00000 -0.00000 0.00007 0.00000 -0.00000 -0.00000 -0.00000 0.00011 -0.00013 -0.00000 -0.00000 -0.00000 0.00017 0.00005 0.00000 -0.01445 0.00000 0.00000 0.27831 -0.00001 0.00000 0.00000 0.00000 0.00000 -0.00000 0.00009 0.00010 -0.00000 -0.00000 -0.00000 -0.00000 -0.00000 -0.00000 -0.00019 -0.00000 0.00000 -0.28339 -0.00014 -0.00000 -0.00000 -0.00186 -0.00000 0.00000 0.00000 -0.00000
0.00000 0.00000 -0.00000 0.00008 0.00000 0.00000 0.00000 0.00015 0.00000 -0.00000 0.00000 0.00150 0.00000 0.00000 0.00000 0.00000 0.46934 0.00000 0.00012 0.00000 0.00002 -0.00010 -0.00004 -0.00002 -0.00000 0.00000 0.00000 -0.00000 -0.00000 -0.00000 0.25075 0.00000 -0.00002 -0.00000 -0.00000 -0.00000 0.00000 -0.00000 0.00000 0.00001 0.00000 0.00003 -0.00010 0.00000 -0.00000 0.00007 0.00000 0.00000 0.00000 -0.00003
0.00000 0.00300 -0.00009 -0.00000 0.00000 0.00000 -0.00000 0.00001 0.00000 -0.00000 -0.00000 -0.00003 0.00000 -0.00010 -0.34293 -0.00000 0.00086 0.00000 -0.00000 0.00001 0.00000 0.00000 -0.00000 0.00000 -0.00000 0.00011 -0.00000 -0.00000 -0.00000 -0.00006 -0.00000 -0.00000 0.00003 0.00004 -0.00000 0.00000 0.00010 -0.00000 0.00002 -0.00000 -0.00032 -0.00000 -0.00000 -0.00000 0.00000 -0.00009 0.00000 -0.00000 -0.23382 -0.00000
0.00000 0.28683 0.00000 0.00011 0.00005 0.00006 -0.00000 0.00000 0.00000 -0.00000 -0.00000 0.00000 0.00000 0.00011 0.00000 0.00004 0.15120 -0.00000 0.00000 0.00000 0.00000 0.00003 0.00000 0.00002 -0.00000 0.00000 0.00000 -0.00000 -0.00000 0.00000 0.00000 0.00002 0.00000 -0.00001 0.00000 -0.00000 -0.00000 -0.00000 -0.00000 0.00000 0.00000 -0.00000 0.00000 -0.00001 -0.00009 0.00004 -0.00022 -0.00000 0.00000 0.00000
-0.00020 -0.00022 0.00000 1.14348 -0.00042 0.00000 -0.00000 0.00191 -0.00000 0.00009 0.00000 0.00005 0.00000 0.00000 0.00000 -0.00004 -0.00000 -0.00018 -0.00000 -0.00000 -0.00026 0.00000 -0.00000 -0.00027 0.00000 0.00000 0.00006 -0.00108 0.00000 0.00000 -0.00001 -0.00000 -0.00019 -0.00021 -0.00000 0.00000 0.00000 -0.00019 0.00039 0.00003 -0.00000 0.00055 0.00037 -0.06479 0.00000 -0.03350 -0.00000 0.00026 0.00000 0.00228
0.54308 0.00000 -0.00005 -0.00005 0.00000 0.00000 0.00000 0.00010 0.00004 -0.00008 0.00000 -0.00009 -0.00000 0.00005 0.00002 0.00000 0.00010 -0.00000 -0.00014 0.00000 -0.00037 0.00000 -0.00021 -0.00000 0.00007 0.00001 0.17075 -0.00007 -0.00025 -0.00051 0.00000 0.00018 -0.00000 0.00000 0.00000 0.00000 -0.00002 0.00000 -0.00000 -0.00003 -0.00085 -0.00000 -0.00012 -0.00000 0.00002 0.00007 0.00004 0.00004 -0.00000 -0.00000
-0.00038 -0.00000 0.00126 -0.00000 0.00000 0.00008 0.00011 0.00000 0.00017 -0.00012 -0.00000 -0.00031 -0.00000 0.00000 0.00000 -0.00004 0.00039 0.00033 -0.00000 -0.00000 -0.00013 -0.00000 -0.00000 -0.00000 0.00000 0.00013 0.00002 -0.00000 -0.00017 -0.00006 0.00008 0.00000 -0.00039 -0.00019 0.00000 0.00000 0.00031 -0.00005 -0.00000 -0.00000 -0.00051 0.00045 -0.00009 -0.00000 -0.00000 0.00021 0.00002 0.00000 0.00004 0.00011
-0.00000 -0.00000 0.00053 0.00000 0.00000 0.00000 -0.00000 0.00000 -0.00016 -0.00000 -0.00001 0.00022 -0.00000 -0.00000 0.00000 -0.00000 0.00010 0.00006 0.00010 0.00000 0.00003 -0.00000 -0.00000 0.00000 -0.00001 -0.00000 -0.00003 -0.00000 0.00000 0.00017 -0.00000 -0.00004 -0.00000 0.00000 0.00000 0.00000 0.00065 -0.00000 -0.00000 -0.00000 0.00000 -0.00000 0.00000 0.00002 -0.00000 -0.00000 -0.00006 -0.00002 -0.00000 -0.00000
-0.00000 -0.00000 -0.00003 0.00116 -0.00015 0.00000 -0.03470 -0.00000 -0.00000 0.00000 0.00000 0.00016 0.00000 -0.00000 0.00020 0.00000 -0.00039 -0.00015 -0.00000 0.00007 -0.00000 0.00000 -0.00000 0.00000 -0.00008 -0.00000 -0.00010 0.00000 0.00000 1.02626 -0.00000 0.00000 0.00000 -0.00016 -0.00020 -0.00000 -0.00000 -0.00000 -0.00042 0.00000 -0.00000 -0.00000 0.00021 0.00000 -0.00001 -0.00002 -0.00000 -0.00000 -0.00000 -0.00000
-0.00005 -0.00000 0.00026 0.00007 -0.00011 -0.00005 -0.00047 0.00000 0.00000 0.00017 -0.00000 -0.00000 -0.00000 0.00023 -0.00000 -0.00002 0.00000 -0.01420 -0.00016 0.00000 0.07895 0.00000 -0.00001 -0.35749 0.00008 -0.00000 0.00000 -0.00023 0.00000 0.00000 -0.00011 -0.00000 0.00000 -0.00000 -0.00003 -0.00003 0.00041 -0.00005 0.00000 0.00007 -0.00022 0.00000 0.00018 -0.00000 0.00000 0.58386 -0.00000 -0.00000 0.00000 -0.00000
0.00000 -0.04449 0.00025 0.00000 -0.70519 -0.00008 -0.00000 -0.00003 0.00000 0.00006 -0.00000 -0.00000 -0.00002 -0.00000 0.00098 -0.00020 -0.00140 0.00000 0.00000 0.00000 -0.00000 -0.04023 -0.00008 -0.00000 -0.00000 -0.00000 0.14875 0.00000 0.00012 0.00000 0.00000 0.00003 -0.00013 -0.00012 -0.00410 0.00047 0.00029 -0.00001 0.00000 0.00000 0.00000 0.00014 -0.00000 -0.00005 -0.00000 0.00015 0.00011 -0.00010 0.00019 0.00000
-0.00003 0.00000 -0.00000 0.39493 0.00004 0.00000 0.00000 -0.00005 -0.00000 -0.00000 -0.00000 -0.00002 -0.00000 0.00000 0.00002 0.00000 0.00000 -0.00002 -0.00000 0.00000 0.00039 -0.00008 0.00063 0.00008 0.00000 0.00000 0.00000 0.00000 -0.00000 0.00039 -0.00000 0.00000 0.00000 0.00043 0.00000 0.00000 -0.00000 -0.00000 0.00000 0.00000 0.00018 0.00000 -0.00000 -0.00000 0.00000 -0.00000 0.00002 -0.00000 -0.00000 -0.00000
0.00000 -0.00001 0.00084 0.00073 -0.00000 0.00000 -0.00000 0.00000 0.00008 0.00000 0.00000 -0.00000 0.00000 0.00000 -0.00000 -0.00008 0.00003 0.00000 -0.00017 -0.00000 0.00013 0.00000 0.00020 -0.00000 0.00003 -0.00005 -0.00000 -0.00000 0.00037 0.00030 0.00003 -0.00000 -0.00000 0.00008 -0.00000 -0.00000 0.00098 0.00002 0.00000 0.00000 0.00040 -0.00000 0.00007 -0.00000 -0.00000 -0.00002 0.00000 -0.00017 -0.00000 -0.00000
0.00006 0.00014 0.00000 0.00000 -0.00002 0.00001 0.00001 0.00000 -0.00000 0.00093 -0.00000 -0.00000 -0.00032 0.00000 -0.00034 0.00015 0.00018 -0.00000 -0.00013 0.00000 0.00000 -0.00010 0.00000 -0.00000 0.00011 0.00000 -0.00005 -0.00000 0.00041 -0.00004 0.00000 -0.00000 -0.00000 0.00000 0.00000 0.00001 -0.00003 0.00000 0.00004 0.00013 -0.00009 0.00000 -0.00061 -0.00000 0.00003 0.00000 -0.00017 -0.00000 -0.00000 -0.00052
0.00001 0.00000 -0.28938 -0.00084 0.00003 -0.00000 -0.00000 0.00000 0.00006 -0.00009 -0.00000 0.00038 -0.23791 0.00013 0.00002 0.00000 0.00000 -0.00000 -0.00057 -0.00000 0.00039 -0.00000 0.00061 -0.00000 -0.00000 0.00000 -0.00003 -0.00001 0.00000 0.00021 0.00010 0.00000 0.00000 -0.00002 -0.00000 0.00000 -0.00044 0.00000 0.00006 0.00000 0.00019 0.00002 0.00001 0.00000 -0.00000 -0.00002 -0.00000 -0.00019 -0.00000 0.00000
0.00000 0.00030 -0.00015 0.00000 0.00000 -0.00011 -0.00000 0.00000 -0.00000 -0.00036 0.00000 0.00000 0.00000 0.00000 -0.00000 0.00000 0.00027 0.00000 0.00039 0.00027 -0.63343 -0.00000 0.00000 0.16355 0.00000 -0.00013 -0.00000 -0.00011 0.00000 0.00000 -0.00000 0.00000 0.09819 0.00000 -0.00000 0.00000 -0.00052 -0.00027 -0.00000 -0.00000 0.00000 -0.17520 -0.00007 -0.00000 -0.00000 -0.00145 -0.00009 -0.00000 0.00000 0.00000
-0.00000 -0.00058 0.00037 0.00037 -0.00000 -0.00000 0.00020 -0.00075 -0.00014 0.00000 -0.00000 0.00027 -0.00000 -0.00026 0.00000 -0.00000 -0.00000 -0.00004 0.00000 0.00000 0.00011 -0.00015 0.00031 -0.00024 -0.00000 -0.00000 0.00014 0.00000 0.00014 0.00083 -0.00000 -0.00000 -0.00001 0.00000 -0.00000 0.00000 0.00049 -0.00012 -0.00000 0.00000 0.00026 -0.00000 0.00000 -0.00000 0.00000 0.00001 -0.00000 -0.00011 0.00000 -0.00077
-0.00004 0.00000 0.00039 -0.13651 0.00000 -0.00000 -0.25475 0.00000 -0.00008 0.00000 -0.00008 -0.39290 -0.00003 0.00007 0.00000 -0.00000 0.00009 0.00000 -0.00054 0.00000 0.00013 0.00000 0.00007 -0.00000 0.00010 -0.00000 0.00000 0.00004 0.00000 0.00001 0.00000 -0.00005 0.00000 -0.00003 0.00014 0.00000 0.00113 -0.00000 0.00000 -0.00000 0.00020 0.00000 -0.00000 -0.00000 0.00000 -0.00000 -0.00000 0.00000 -0.00000 -0.00000
