0.00385 -0.08905 -0.00421 0.04158 -0.02605 0.00239 0.00423 0.05441 -0.01018 0.11176
-0.00547 0.00012 0.03313 0.55232 0.24187 -0.12612 0.30405 -0.01449 0.02390 -0.34905
0.00224 -0.07325 0.00050 0.05020 -0.03491 -0.01508 0.00636 0.06222 0.00157 0.11171
0.03933 0.04316 0.05652 0.00008 -0.21801 0.15176 -0.20201 -0.13748 0.03847 0.77578
0.03827 0.80637 -0.01733 -0.20949 0.00033 -0.29233 -0.23392 0.10469 -0.01402 0.47864
0.03416 -0.25112 -0.00466 0.22324 -0.27497 0.00195 0.04257 0.21689 0.01404 0.12637
0.08567 0.00765 0.05840 0.19491 -0.10680 0.14014 0.00060 -0.06068 0.08498 -0.39752
-0.03838 0.07564 0.00871 -0.91541 0.69410 0.37580 0.44896 0.00046 -0.01861 -0.78912
-0.00450 -0.08599 -0.00288 0.03875 -0.03448 -0.00898 0.00132 0.05457 0.00120 0.11492
0.02061 -0.26685 0.02295 0.16280 -0.08427 -0.05836 -0.21062 -0.11418 0.02799 0.00203
