0.00000 -0.03758 0.00656 0.00519 0.98532 -1.56585 -0.02021 -0.01021 0.01938 -0.01456 -0.00931 -0.02963 -0.00409 -0.02240 -0.77921 -0.00574 0.07810 -0.05122 -0.00847 -0.18275
0.00001 0.00000 0.42457 0.17082 -0.00015 0.00001 0.00000 -0.00001 -0.00001 0.00002 -0.00001 -0.00005 -0.00000 0.00000 -0.00062 -0.00001 -0.00040 -0.00002 -0.00002 -0.00001
0.00001 0.00000 0.00000 0.00054 -0.00004 0.00001 -0.00000 0.00000 0.00000 -0.00001 0.00000 -0.00002 0.00000 -0.00000 -0.00015 -0.00004 -0.00011 -0.00000 -0.00006 -0.00001
0.00000 -0.00001 -0.00309 0.00000 0.00036 -0.00008 -0.00000 -0.00003 0.00001 0.00001 -0.00000 0.00037 -0.00000 -0.00000 0.00024 0.00045 -0.00038 -0.00002 0.00002 -0.00001
0.00000 -0.00952 -0.01275 -0.00000 0.00000 -0.00050 -0.01096 -0.00569 0.01124 -0.02080 -0.00941 -0.51600 -0.00033 0.00073 -0.00003 0.00006 1.08192 -0.00000 0.00004 -0.03138
-0.00000 -0.01570 -0.00498 -0.04537 -0.02104 0.00000 -0.02130 0.00358 0.01025 -0.01296 -0.01083 0.04352 0.00000 -0.01760 0.00255 0.00084 -0.06559 -0.00180 0.00440 -0.02439
0.00001 1.71993 -1.11900 -1.17321 -0.00014 0.00002 0.00000 0.00059 -0.00000 -0.00000 -0.00000 -0.00029 -0.00001 -0.00002 -0.00035 -0.00029 -0.00036 -0.00001 -0.00055 -0.00000
0.00002 -0.01930 -0.02220 -0.01269 0.00012 0.00006 -0.00628 0.00000 0.00095 -0.02179 -0.00000 -0.00003 0.00001 0.00001 -0.00005 -0.00003 -0.00030 -0.00002 -0.00004 0.00205
0.00001 -0.14888 -0.01932 0.00534 -0.00001 0.00001 0.00886 -0.00148 0.00000 -0.84043 -0.00028 -0.00002 0.00001 -0.00000 -0.00005 -0.00004 0.00283 -0.00002 0.00106 0.00153
-0.00000 0.00483 -0.02944 0.02632 -0.00005 -0.00041 -0.10080 -0.00025 -0.00000 0.00000 0.00000 0.00005 -0.00000 0.00000 -0.00000 -0.00005 -0.00077 0.00000 -0.00012 0.00000
0.00003 -0.06921 -0.02500 0.02808 -0.00024 -0.00005 -0.01776 -1.00820 0.01361 0.54159 0.00000 -0.00026 -0.00001 -0.01857 -0.00213 -0.00000 -0.02298 -0.00001 0.00000 -0.05608
-0.00000 -0.02074 -0.00610 0.00706 -0.00000 0.00006 -0.00938 -0.00994 0.01720 -0.02114 -0.00780 0.00000 0.00000 -0.02665 0.00011 -0.00003 -0.12275 0.00000 -0.00002 -0.02390
0.00062 -0.20685 -0.00241 -0.70900 -0.00280 1.38207 -0.02189 -0.00109 0.03882 -0.45294 -0.05159 -0.00960 0.00000 -0.02318 -0.01687 -0.05232 0.02256 -0.00939 -0.00452 -0.05123
0.00005 0.95961 -0.75106 -0.30469 -0.00027 -0.00003 -0.01108 0.02593 -1.10777 0.09517 -0.00041 0.00000 -0.00005 0.00000 -0.00084 0.00044 -0.75833 -0.00011 -0.00024 -0.00518
-0.00000 -0.01820 -0.01140 0.00509 -0.10508 0.00549 -0.01232 -0.00964 0.00621 -0.01001 -0.00193 0.01893 -0.00011 -0.00870 0.00000 -0.00001 -0.06086 0.00000 -0.00001 -0.07386
0.00024 -0.04589 -0.01540 0.00282 -0.01021 -0.00228 -0.01670 0.00333 0.00778 -0.01893 -0.02260 -0.01964 -0.00001 -0.01672 -0.02820 0.00000 -0.00835 -0.00009 -0.08723 -0.03758
0.00000 -0.02402 -0.00912 0.00308 0.00000 -0.00006 -0.01101 0.00455 0.00823 -0.00933 -0.00006 -0.00004 -0.00000 -0.00000 -0.00005 -0.00019 0.00000 -0.00000 0.00002 -0.00002
0.00000 -0.03618 -0.05286 0.00841 -1.38789 -0.00395 -0.03396 0.00025 0.00255 -0.00021 -0.02205 0.07098 -0.00002 -0.01399 1.03554 -0.00958 -0.12837 0.00000 -0.02711 -0.01488
0.00001 -0.03942 -0.00888 0.00117 -0.01312 -0.00014 -0.01555 0.00228 0.00666 -0.00468 -0.02635 -0.02361 -0.00005 -0.01632 -0.07777 0.00000 -0.01113 -0.00003 0.00000 -0.02378
0.00000 -0.05821 0.00312 -0.00378 0.00000 0.00008 -0.01057 0.00105 0.00639 0.83746 0.00000 0.00000 0.00001 -0.00373 -0.00001 0.00000 -0.03616 -0.00000 -0.00000 0.00000
