0.00046 -0.00263 0.00773 0.00410 0.01248 0.00308 0.01558 0.01322 0.06412 0.00392 0.00875 0.20068 0.08283 0.00508 0.00427 0.00578 0.00587 0.05266 0.03747 0.02323 0.31312 0.04185 0.00609 0.22192 0.00555 0.00561 -0.00236 0.00712 0.00091 0.12765 0.00477 0.03336 -0.00043 0.00807 0.01029 0.09601 0.12173 0.11831 0.00261 0.08893 0.00525 0.00571 -0.00483 0.13569 0.00074 0.00422 0.09386 0.00645 0.00419 0.00685
-0.20518 -0.00443 0.00230 0.00604 0.02475 -0.01664 0.02374 0.02491 0.01922 0.08980 0.00537 -0.07245 0.09937 -0.44614 0.02597 0.01087 0.01732 0.01667 0.00532 0.03999 -0.19617 0.03207 0.00117 -0.08519 0.01608 -0.23977 0.07503 -0.72867 0.26054 0.08726 0.00775 -0.20024 0.01241 0.00955 0.03117 0.03005 -0.01441 -0.01083 0.00270 -0.05202 -0.00613 0.00540 0.00943 -0.17227 0.01093 0.01112 -0.03799 0.00460 0.00004 0.01972
0.05461 0.64330 -0.00060 0.00435 0.00976 -0.16025 0.00734 0.00862 0.00720 -0.03634 0.00388 0.03239 0.32058 0.19268 0.01506 0.00478 0.16476 0.13923 0.00765 0.02228 0.06248 0.10343 -0.04073 0.01900 0.03781 0.06856 0.03725 0.39130 -0.12222 -0.00556 -0.04910 0.07444 0.00509 0.00450 0.00681 0.02379 0.01920 -0.00470 0.00340 0.03350 0.08463 0.00219 0.01681 0.05734 0.00458 0.00293 0.02003 0.00289 0.34084 0.00532
0.40364 0.12740 0.20764 -0.00191 0.00762 0.03093 0.01135 0.00871 0.02250 0.09121 0.20573 0.12248 0.22113 0.20090 0.00830 0.00334 0.33279 0.32140 0.01564 0.01617 0.25536 0.24827 0.20819 0.26539 0.14459 -0.37463 0.04352 0.21557 0.23470 0.15135 0.26385 0.21567 0.00114 0.00479 0.00713 0.04499 0.07005 0.12922 0.00127 0.09897 0.39986 0.69757 0.06045 0.21269 0.00106 0.00292 0.06983 0.00032 0.28486 0.00513
0.03904 -0.05418 0.12045 0.11523 0.00140 0.35050 0.00074 0.00149 0.00037 0.03234 0.01207 0.00875 -0.00766 0.04023 0.30804 0.18872 0.05392 0.05146 0.00041 0.00362 0.01892 0.08652 0.03588 0.01088 0.05138 0.04177 -0.01718 0.11258 0.04594 0.11726 0.04346 0.10575 0.14551 0.61081 0.00014 0.00109 0.00119 0.01249 0.25656 0.00314 0.08627 0.10674 0.01591 0.01965 0.35190 0.27027 0.00967 0.76355 0.03861 0.48216
-0.02547 0.09775 -0.05987 0.02322 0.00887 0.00041 0.00724 -0.00662 0.01941 0.04465 0.01517 -0.01401 -0.01895 -0.01791 0.00964 0.01009 0.04752 0.05250 -0.01506 0.00385 -0.01468 0.05995 0.01691 -0.04349 0.02003 -0.02039 0.31012 -0.09916 0.06957 -0.05918 0.02660 -0.05210 0.00776 -0.00741 -0.01028 0.00525 0.00153 0.04563 0.00138 -0.02233 0.01531 0.01413 0.00394 0.03603 -0.00103 0.00869 -0.03398 -0.01693 0.00621 -0.00559
0.02023 -0.05581 0.08950 0.04503 0.47627 0.02832 -0.00177 0.72599 0.00049 0.00879 0.01648 0.00476 0.04416 0.01597 0.14758 0.09148 0.02729 0.01396 -0.00037 0.00357 0.00551 0.06056 0.01853 0.00397 0.04499 0.02050 0.01725 0.06034 0.01515 0.05173 0.02230 0.06256 0.05683 0.30884 0.52796 0.00015 -0.00066 0.00342 0.10868 0.00661 0.04150 0.04484 0.02737 0.00481 0.18532 0.13068 0.00348 0.31221 0.02098 0.23451
0.02103 -0.06068 0.07187 0.05938 0.54268 0.05948 0.00097 -0.00062 0.00174 0.02476 0.01567 0.00523 0.06685 0.02221 0.26740 0.09864 0.03018 0.04904 0.00075 0.00247 0.00770 0.05487 0.01618 0.00594 0.05722 0.02721 0.03214 0.06743 0.02439 0.08470 0.02398 0.09374 0.08356 0.36383 0.74266 0.00200 0.00008 0.00789 0.13975 -0.00298 0.05460 0.06671 0.08952 0.01250 0.21034 0.18845 0.00159 0.46578 0.01553 0.30925
0.01035 -0.02631 0.05164 0.02161 0.24022 0.26798 0.56241 0.45346 0.00043 0.01437 0.01514 0.00027 0.23096 0.00486 0.12980 0.04196 0.02097 0.02369 0.78031 0.70036 0.00072 0.03049 0.01358 0.00086 0.03565 0.00839 -0.01162 0.02734 0.00638 0.09778 0.01442 0.03916 0.02247 0.15929 0.33159 0.00064 -0.00158 0.00101 0.04782 0.00880 0.01078 0.01972 0.04696 -0.00032 0.08324 0.05985 -0.00974 0.19432 0.00971 0.12254
-0.03186 0.02266 0.01101 0.00389 0.02302 0.08914 0.04059 0.03507 0.08250 0.00004 0.14751 -0.01280 -0.01712 -0.10425 0.01537 0.00802 0.00405 0.01236 0.04741 0.04650 -0.07137 0.01399 -0.00201 -0.04752 0.13432 -0.08055 0.11817 -0.15626 0.00931 -0.02293 0.00280 -0.14303 0.00543 0.02189 0.02661 0.07334 0.03142 0.08279 0.00479 -0.00863 0.00695 0.00403 0.19103 -0.01650 0.00663 0.01226 -0.01378 0.01320 -0.00021 0.01338
0.13407 0.49444 0.00452 0.00319 0.02532 0.20252 0.04271 0.04344 0.10174 0.01575 0.00262 0.14875 -0.10871 0.09560 0.01748 0.00719 0.00710 0.01045 0.06689 0.04369 0.11063 0.01679 0.00120 0.15815 0.38961 0.15972 0.19948 -0.03725 0.20510 0.06373 0.00417 0.03000 0.00507 0.01592 0.02754 0.09961 0.16601 0.19752 0.00468 0.58520 0.00062 0.00390 0.42009 0.10727 0.01264 0.00938 0.18753 0.01799 0.00029 0.01561
0.00576 -0.00482 0.01545 0.00521 0.06053 -0.00133 0.12700 0.10312 0.30312 0.01012 0.00753 0.00065 0.07100 0.00728 0.02952 0.01035 0.00615 0.00569 0.20087 0.16413 0.00021 0.00932 0.00359 0.00110 0.00244 0.00768 -0.00082 0.00532 0.00288 0.08190 0.00492 0.01998 0.00570 0.03169 0.06827 0.41394 0.52053 0.29838 0.01320 0.38487 0.00456 0.00520 -0.01465 0.00298 0.02012 0.01327 0.42353 0.04576 0.00273 0.02415
0.00706 0.03169 0.00360 0.00162 0.00214 -0.13169 -0.00927 -0.00238 -0.00611 -0.06547 0.00083 -0.00188 -0.00006 0.04154 0.01059 0.00490 0.00616 -0.00592 0.00240 -0.00929 0.00263 0.00793 -0.00566 -0.01914 -0.00615 0.01551 -0.00518 0.01184 0.01351 -0.07239 -0.01807 0.06130 0.00527 -0.00566 0.00124 -0.00158 -0.01052 -0.00623 -0.00177 0.00600 0.00200 0.00135 -0.02365 0.01788 0.00904 0.00399 0.00212 -0.00470 -0.00306 0.00647
0.51714 -0.00933 0.00166 0.00121 0.00960 0.01214 0.02182 0.01528 0.06552 -0.02210 -0.00628 0.27966 0.06955 0.00132 -0.00009 0.00187 -0.00320 -0.01811 0.04475 0.02562 0.58779 0.00456 -0.00575 0.26272 0.01477 0.82186 -0.00210 0.01033 -0.00274 -0.03237 -0.00477 0.00476 -0.00068 0.00623 0.00445 0.09915 0.15819 0.31135 0.00102 0.14082 -0.00258 0.00153 -0.00062 0.36181 0.00043 0.00280 0.15668 0.00700 0.00044 0.00459
0.11782 0.06400 0.05481 0.29964 0.00374 0.05139 0.00503 0.00221 0.00571 0.04216 0.06922 0.03846 -0.02603 0.04572 0.00053 0.15141 0.11085 -0.06552 0.00434 0.00673 0.07628 0.09650 0.09750 0.07098 0.05560 -0.14726 0.03307 0.09974 0.07246 0.09781 0.06869 0.02985 0.16382 0.00235 0.00198 0.00879 0.01801 0.03799 0.20085 0.02237 0.07901 -0.16134 0.02592 0.03791 0.30543 0.25735 0.03117 -0.00088 0.08189 0.00441
0.16377 0.12844 0.32489 0.45739 0.00291 0.10574 0.00760 0.00662 0.00939 0.13974 0.13617 0.04898 0.03021 0.19855 0.00884 0.00088 0.27146 0.17362 0.00745 0.00934 0.10686 0.28231 0.16976 0.12848 0.14475 0.19178 0.06852 0.32204 0.17477 0.20580 0.21735 0.25598 0.64831 0.00181 0.00106 0.02018 0.02668 0.05245 0.00103 0.03817 0.29658 0.38818 0.08393 0.08082 0.00066 0.00249 0.03802 0.00060 0.23195 0.00289
0.02700 0.26774 0.01468 0.00195 0.01195 0.07547 0.02554 0.01740 0.05622 0.24407 0.34649 0.09795 -0.33043 0.37020 0.00999 0.00283 0.00501 -0.00310 0.03952 0.02755 0.04499 0.00527 0.39565 -0.27028 0.19182 0.00995 0.07085 0.16830 0.17539 0.13660 0.47865 0.06609 -0.00019 0.00664 0.01570 0.09753 0.10388 0.16742 -0.00032 0.09099 0.00085 0.00155 0.15577 0.73451 0.00233 0.00285 0.09966 0.00779 0.56555 0.00746
0.00163 0.09132 0.00293 0.00075 0.01451 0.01705 0.01103 0.01291 0.03641 0.06467 0.12439 0.08294 -0.14951 0.01751 -0.00613 0.00690 0.19140 -0.00182 0.02938 0.03126 0.06220 0.00218 0.12136 0.05539 0.05582 0.01708 0.03380 -0.03951 0.02333 0.01155 0.10966 0.00212 0.00400 0.00697 0.00990 0.07130 0.08646 0.05485 0.00278 0.03522 0.00167 0.00057 0.04450 0.02454 0.00461 0.00865 0.04955 0.00374 0.17280 0.01034
0.00903 -0.01279 0.01356 0.02486 0.31119 0.03926 0.61434 0.51134 0.00083 0.01855 0.01505 -0.00021 0.41169 0.00952 0.17979 0.05558 0.02129 0.02814 0.00081 0.77356 0.00310 0.01543 0.01087 -0.00077 0.01979 0.01343 0.00877 0.00641 0.03986 -0.16773 0.01293 0.04568 0.03391 0.18878 0.37833 0.00031 -0.00187 0.00099 0.05728 0.00086 0.04438 0.02845 0.00133 0.00582 0.10389 0.08437 0.00736 0.21980 0.00576 0.14371
0.01742 -0.04278 0.04519 0.03679 0.38020 0.02277 0.64469 0.54361 0.00150 0.00969 0.00862 0.00540 -0.03234 0.01606 0.16756 0.06425 0.01099 0.02842 0.00010 0.00217 0.00854 0.02238 0.00172 0.00915 0.03108 0.01965 0.00589 0.04938 0.01208 0.07608 0.01739 0.06432 0.04873 0.23843 0.44813 0.00134 -0.00017 0.00545 0.07850 0.00503 0.02776 0.03915 0.01587 0.00218 0.13120 0.10292 0.00576 0.29956 0.01179 0.19235
0.00787 -0.00707 0.00602 0.00231 0.02034 0.00767 0.04975 0.03628 0.14355 -0.01638 0.00173 0.52602 0.06298 0.00762 0.00618 0.00327 -0.00240 -0.00537 0.08308 0.05783 0.00290 -0.00194 -0.00088 0.56430 0.00786 0.00729 -0.00303 0.00956 -0.00355 0.03832 -0.00180 0.01112 0.00095 0.01225 0.02032 0.24126 0.33906 0.26281 0.00454 0.24858 0.00145 0.00216 -0.01044 0.30504 0.00414 0.00585 0.42656 0.01711 0.00064 0.00815
-0.03612 0.04153 0.01421 0.00168 0.01015 0.04079 0.01395 0.01037 0.03521 0.05177 0.05301 0.06415 0.08916 0.04268 0.00723 0.00336 0.42523 0.18440 0.02852 0.01780 -0.02505 0.00329 0.02690 -0.15753 0.00820 -0.08440 0.14254 -0.01978 0.02226 0.02786 0.04029 -0.01747 0.00067 0.00487 0.00818 0.04568 0.05697 0.01805 -0.00108 0.04253 0.00795 0.00197 0.11181 0.25443 0.00158 0.00171 0.06116 0.00392 0.03853 0.00521
0.13565 0.44451 0.01195 0.00554 0.02284 0.14254 0.04337 0.03127 0.09829 0.40168 0.44666 0.18700 0.17129 0.16296 0.02059 0.00508 0.00634 0.01170 0.05626 0.03953 0.14560 0.01941 -0.00217 0.19800 0.27199 0.18915 0.14569 0.14028 0.24825 0.08118 0.00110 0.07885 0.00299 0.01048 0.02378 0.14299 0.13770 0.15297 0.00251 0.12719 0.00043 0.00448 0.24058 0.13365 0.00615 0.00929 0.13884 0.01333 0.00042 0.01594
0.00356 0.00632 0.00510 0.00069 0.02669 0.02334 0.05157 0.04580 0.15418 0.01976 0.02360 0.44649 0.02662 -0.00100 0.01504 0.00660 0.00833 0.01964 0.10437 0.08132 0.00046 -0.01512 0.01989 0.00134 0.00631 0.00585 0.01450 -0.00296 0.01183 0.07869 0.01347 0.00529 0.00587 0.02014 0.02776 0.24188 0.33394 0.26046 0.01179 0.19762 0.00131 0.00397 0.02635 -0.00321 0.01023 0.01169 0.27547 0.01929 0.00830 0.01710
0.20498 0.02402 0.02346 0.01415 0.01932 0.59212 0.02949 0.02368 0.05394 0.02691 0.00971 0.13208 -0.18816 0.17660 0.03220 0.01166 0.01688 0.02728 0.04492 0.04276 0.12529 0.05772 0.00957 0.15949 0.00013 0.21826 0.72799 0.00368 0.06835 -0.02802 0.01519 -0.08266 0.00928 0.01676 0.02675 0.05590 0.06880 0.18926 0.00924 0.02333 0.01307 0.01199 0.95744 -0.01856 0.01333 0.01390 0.09567 0.01662 0.00548 0.01670
0.38216 -0.00708 0.00566 0.00023 0.00890 0.01951 0.02181 0.01875 0.06045 -0.00469 0.00142 0.22718 0.07720 0.00330 -0.01787 0.00117 -0.00643 0.01874 0.03903 0.02103 0.38843 0.01289 -0.00405 0.28167 0.01800 0.00118 0.00105 0.01012 -0.00266 0.07111 0.00087 0.02284 0.00031 0.00287 0.00475 0.07676 0.11161 0.13528 0.00281 0.07472 -0.00054 0.00173 -0.00115 0.17503 0.00119 0.00370 0.12684 0.00653 0.00014 0.00369
-0.07799 0.04972 0.01601 0.01995 0.00008 -0.00015 -0.01106 -0.01803 -0.03169 0.04203 0.02097 -0.07216 -0.02630 -0.06921 0.02304 0.01650 0.04895 0.02940 -0.02687 -0.00506 -0.07856 0.04396 0.02127 -0.08592 0.01474 -0.06762 0.00210 -0.31935 0.00901 -0.07784 0.02305 -0.16016 0.01457 0.02038 0.01631 -0.04906 -0.07986 0.07524 0.00626 -0.06028 0.01513 0.01623 0.00503 0.01314 0.01675 0.01711 -0.02052 0.00846 0.01569 0.01524
0.47730 -0.00489 -0.00305 0.00109 0.00635 0.00547 0.01342 0.01217 0.03583 -0.00530 0.00065 0.15135 -0.08032 0.81535 0.00406 0.00407 -0.00483 0.00094 0.02455 0.01379 0.33935 -0.00219 -0.00303 0.26812 0.00812 0.69250 -0.00009 -0.00032 -0.52865 -0.05013 -0.00222 0.38651 0.00101 0.00511 0.00563 0.04274 0.07001 0.25464 0.00140 0.06307 0.00852 0.00288 -0.00754 0.15414 0.00332 0.00350 0.10793 0.00513 0.00176 0.00502
-0.22328 0.02341 -0.00383 0.00041 0.01015 0.02687 0.00078 0.00816 0.01741 0.09851 0.01850 -0.09361 -0.15339 -0.75040 0.02369 0.00737 0.03019 0.04771 0.06311 0.00186 -0.28033 0.07325 0.01017 -0.10563 -0.00030 -0.34443 0.02451 -0.01499 0.00098 -0.07983 0.01578 -0.20857 0.00349 0.00340 0.01870 0.05991 0.01036 -0.14246 0.00039 -0.00829 0.00076 -0.00008 0.03090 -0.15886 0.00594 0.00573 -0.01149 0.00088 -0.00167 0.01170
0.00532 0.01609 0.01994 -0.00371 0.01037 -0.05097 0.02557 0.02180 0.00586 0.01601 0.01100 0.01050 -0.10495 -0.01966 0.01340 0.01078 0.00090 0.03680 -0.00355 0.03186 0.00424 0.01246 0.00561 0.01432 -0.04070 -0.00435 -0.02195 -0.01094 -0.01821 0.00190 0.01001 0.01077 0.00425 0.01514 0.02258 0.00742 0.01707 0.00173 0.00754 0.02639 -0.01714 0.00402 -0.06013 -0.02117 0.01194 0.00939 0.02305 0.01341 0.00554 0.01126
0.21230 0.35833 0.00698 0.00068 0.01789 0.06141 0.03254 0.02639 0.07582 1.00572 0.35104 0.18237 0.05691 0.23114 0.01454 0.00662 0.00544 0.01011 0.04801 0.04583 0.20157 0.00915 0.51320 0.20314 0.15914 0.28072 0.02413 0.20424 0.27673 0.07338 -0.00130 0.14396 0.00476 0.01193 0.01740 0.11654 0.14794 0.12395 0.00234 0.12631 0.00290 0.00262 0.05920 0.12675 0.00481 0.00723 0.12999 0.01017 0.00040 0.01064
0.05234 -0.00496 0.00842 -0.00305 0.01622 -0.02003 0.00994 0.01223 0.03676 -0.02289 -0.00902 0.09600 0.00362 0.18166 0.00911 0.01291 0.00601 0.01454 0.02878 0.02201 0.13766 0.01014 0.01417 0.12205 -0.02425 0.10779 -0.01930 0.00946 0.00517 0.16736 -0.00418 -0.00286 0.00278 0.00887 0.00467 0.05141 0.06796 0.05743 0.00958 0.03327 0.00625 0.00382 -0.08167 0.01248 0.00849 0.00650 0.09774 0.00723 0.00181 0.01130
-0.51843 0.09427 0.31826 0.66361 0.00410 0.11841 0.00955 0.00562 0.01843 0.10577 0.20911 0.10813 0.21025 0.20543 0.00668 0.00163 0.30552 0.26348 0.01262 0.01441 0.24112 0.29953 0.25525 0.23479 0.21207 0.18330 0.09152 0.34289 0.22414 0.31070 0.24791 0.17927 -0.00134 0.00158 0.00280 0.03284 0.04910 0.12818 0.00026 0.06650 0.38008 0.53570 0.11050 0.18808 0.00051 0.00156 0.07860 0.00058 0.29783 0.00274
0.06261 -0.01816 0.15815 0.17946 0.00346 0.05593 0.00116 0.00133 0.00015 0.02279 0.05423 0.01087 0.02170 0.07346 0.45134 0.28657 0.07850 0.12464 0.00061 0.00517 0.02106 0.12239 0.05787 0.02023 0.11316 0.07086 0.01944 0.17947 0.06545 0.11173 0.06261 0.17943 0.24876 0.00081 0.00040 0.00364 0.00261 0.01886 0.33560 0.01163 0.16647 0.19760 0.03884 0.02827 0.49490 0.45119 0.01277 -0.00102 0.06495 0.70233
0.03109 -0.04519 0.12014 0.06400 0.73558 0.01370 0.00104 0.00090 -0.00059 0.00980 0.03356 0.00827 0.00656 0.02121 0.30869 0.15401 0.04049 0.02947 -0.00071 0.00450 0.00499 0.05531 0.02904 0.01592 0.04551 0.04604 0.00922 0.08955 0.03370 0.12802 0.03601 0.10844 0.09948 0.45628 0.00066 0.00030 0.00121 -0.00306 0.18422 0.00810 0.06478 0.07206 0.06356 0.00727 0.29508 0.21982 0.00497 0.57604 0.04764 0.33148
0.01158 -0.04665 0.02230 0.01600 0.16937 0.04558 0.39369 0.30038 0.85733 0.00926 0.00711 -0.00065 0.01921 0.01154 0.07011 0.02679 0.00497 0.00778 0.72261 0.47488 0.00611 0.00756 0.00242 0.00384 0.05424 0.01345 0.03141 0.02171 -0.00272 0.37603 0.00604 0.03721 0.01899 0.09370 0.23555 -0.00084 -0.00133 -0.00273 0.03155 0.00533 0.01489 0.01711 0.06409 0.00243 0.04610 0.04373 0.00615 0.12899 0.00426 0.07824
0.00599 -0.02503 0.01448 0.00878 0.10891 0.02500 0.23438 0.18726 0.49581 0.01046 0.00797 0.00075 0.12947 0.00762 0.05861 0.01626 0.00525 0.00712 0.33229 0.27778 0.00427 0.00943 0.00081 0.00237 0.02386 0.00873 0.01337 0.01589 -0.00102 0.06740 0.00546 0.02993 0.01260 0.06093 0.12990 0.64588 -0.00394 0.00585 0.01978 0.37883 0.00631 0.01227 0.00006 0.00138 0.03273 0.02858 0.00739 0.08484 0.00225 0.05085
0.00878 -0.02009 0.00927 0.00770 0.04401 0.07591 0.10661 0.07517 0.30409 -0.00308 0.00009 0.00360 -0.16116 0.00887 0.02008 0.01426 0.00380 0.01207 0.14318 0.13684 0.00207 0.02766 0.00915 0.00526 0.03010 0.01428 0.01789 0.01712 -0.00870 -0.60781 0.00430 0.01150 0.00849 0.03331 0.05353 0.04882 0.22023 0.00169 0.01981 0.10071 0.00446 0.00721 0.09208 0.02200 0.00972 0.00744 0.43580 0.03274 0.00893 0.02023
0.14800 0.12798 0.26697 0.41748 0.00349 0.08899 0.00490 0.00324 0.00605 0.11707 0.15902 0.03489 0.16225 0.21857 0.00717 0.62558 0.21801 0.26513 0.00672 0.01048 0.08109 0.13298 0.21058 0.11675 0.14804 0.15740 0.05943 0.33868 0.21546 0.18380 0.21739 0.23433 0.53920 0.00238 0.00073 0.01552 0.01752 0.04303 0.00149 0.02709 0.27484 0.39957 0.08127 0.04138 -0.00033 0.00263 0.03046 -0.00015 0.22549 0.00139
0.01160 -0.05389 0.00447 0.01454 0.07118 0.00155 0.12627 0.00145 0.22949 0.00940 0.00231 0.00437 0.05146 0.01017 0.04121 0.01869 0.00169 0.01635 0.18018 0.12657 0.00479 0.01715 -0.00073 0.00568 0.04959 0.00172 0.00781 0.03649 -0.01879 0.00208 0.00069 0.01887 0.00784 0.06198 0.15596 0.28684 0.00056 0.03361 0.01883 0.00101 0.00996 0.01406 -0.01458 0.00555 0.02666 0.03049 0.01935 0.08012 0.00306 0.05386
0.21030 0.13721 0.00599 -0.00131 0.00749 0.07164 0.00724 0.00882 0.01551 0.17770 0.25621 0.09511 0.74012 0.44235 0.01231 0.00239 0.34367 0.27732 0.03634 0.00969 0.20731 0.20984 0.20287 0.16650 0.06920 0.26722 0.04005 0.04594 0.71556 -0.17408 0.29913 0.16828 -0.00007 0.00104 0.00841 0.05158 0.06138 0.08391 0.00143 0.08516 -0.00014 -0.00119 0.01797 0.06747 0.00345 0.00158 0.06361 0.00259 0.23984 0.00387
0.26199 0.13810 0.42927 0.00023 0.00680 0.09988 0.00872 0.00826 0.01878 0.20027 0.18219 0.08969 0.30138 0.25914 -0.00163 0.00318 0.50420 0.80554 0.01346 0.01744 0.16481 0.47901 0.23019 0.19646 0.16360 0.14800 0.08874 0.37162 0.29996 0.20746 0.32553 0.22999 0.00012 0.00286 0.00717 0.04193 0.06191 0.07510 0.00103 0.06322 0.56455 0.00074 0.10877 0.09400 0.00234 0.00339 0.05125 0.00060 0.34343 0.00459
0.02865 0.18346 0.02010 0.01140 0.02276 0.78445 0.01956 0.00792 0.01979 0.02266 0.00360 0.02507 0.08273 0.01594 0.03649 0.01143 0.02072 0.02032 0.01896 0.03150 0.02045 0.02987 0.01118 0.00366 0.01220 0.03853 0.81024 -0.06744 0.04078 0.00091 0.01760 -0.01510 0.01120 0.01888 0.01720 0.01890 0.02401 0.04209 0.01032 0.01972 0.00549 0.00895 0.00089 0.02832 0.01091 0.01422 0.01366 0.01653 0.00737 0.01532
0.01225 -0.01731 0.00703 0.00263 0.01700 -0.00776 0.05137 0.03332 0.09965 -0.09010 -0.01885 0.28949 0.11119 0.01877 0.00469 0.00038 0.00183 -0.01462 0.07311 0.04750 0.01419 0.00122 -0.02449 -0.23408 0.01655 0.01481 -0.03425 0.01594 -0.01713 0.04198 -0.02253 0.04545 -0.00200 0.00648 0.02263 0.16129 0.20863 0.08190 -0.00647 0.15897 0.00005 -0.00043 -0.05466 0.00248 -0.00107 -0.00185 0.15136 0.01382 -0.01021 -0.00237
0.13203 0.03608 0.24182 0.30967 0.00431 0.06444 0.00205 0.00173 0.01019 0.07071 0.08401 0.02948 0.00531 0.11987 0.00457 0.42856 0.08395 0.15079 0.00752 0.00405 0.05678 0.41750 0.11148 0.08013 0.09973 0.16274 0.12805 0.31497 0.14032 0.17930 0.12494 0.21424 0.38723 0.00264 0.00264 0.01238 0.01372 0.02635 0.54017 0.01258 0.22098 0.27915 0.03328 -0.00720 0.00076 0.68714 0.01911 -0.00004 0.14769 0.00366
0.13228 0.00826 0.28519 0.38839 0.00347 0.06542 0.00434 0.00394 0.00533 0.10299 0.10934 0.03220 0.00379 0.13659 0.00374 0.60202 0.19972 0.15492 0.00743 0.00885 0.06924 0.20611 0.13435 0.06850 0.14942 0.15334 0.07735 0.26700 0.15263 0.31907 0.17200 0.12957 0.45001 0.00156 0.00186 0.01235 0.02250 0.00064 0.69617 0.03596 0.29252 0.28648 0.11545 0.06955 0.00056 0.00275 0.03027 -0.00039 0.19959 0.00248
0.00472 0.00050 0.02412 0.00118 0.11587 -0.21953 0.21084 0.16110 0.07488 -0.01131 -0.00509 0.00586 0.07943 0.01538 0.04088 0.01398 -0.00219 0.00086 0.31248 0.27538 0.00363 0.01388 0.00101 0.00379 0.00011 0.01658 0.02612 0.01427 0.00496 -0.06235 -0.00095 0.02600 0.00861 0.05067 0.08620 0.13877 0.27016 0.00683 0.02258 0.13383 0.00826 0.00032 0.00075 0.01082 0.01909 0.01417 0.00225 0.06802 0.00408 0.02697
0.06002 -0.00727 0.11742 0.15542 0.00327 0.06239 0.00185 0.00105 0.00140 0.01798 0.04558 0.01046 0.13377 0.05310 0.39985 0.23646 0.08516 0.09465 0.00099 0.00449 0.02094 0.10652 0.05946 0.01705 0.07909 0.05193 0.00493 0.14967 0.04759 0.10512 0.05502 0.12696 0.17183 0.68662 0.00026 0.00300 0.00281 0.01254 0.27387 0.00467 0.09498 0.14644 0.03757 0.01832 0.41777 0.37299 0.01042 -0.00205 0.05912 0.59692
0.27873 0.62106 0.00675 0.00294 0.01851 -0.01838 0.02739 0.02509 0.06188 0.40100 0.45762 0.18105 0.37389 0.34070 0.01425 0.00603 0.00552 0.00668 0.03677 0.04273 0.27139 0.01294 0.53817 0.22479 0.27038 0.37723 0.14282 0.34455 0.26843 0.11319 0.65064 0.16016 0.00406 0.00876 0.01990 0.10670 0.13211 0.20721 0.00201 0.12023 -0.00100 0.00287 0.21137 0.22900 0.00518 0.00510 0.12420 0.00707 -0.00054 0.00831
0.07959 -0.01227 0.16916 0.18412 0.00284 0.02676 0.00255 0.00208 0.00053 0.05304 0.08924 0.00958 0.11043 0.07746 0.54006 0.35616 0.10862 0.11385 0.00152 0.00456 0.02022 0.14398 0.07750 0.03840 0.11341 0.12161 0.02658 0.20488 0.09415 0.18082 0.11350 0.18521 0.29361 0.00107 0.00109 0.00567 0.00827 0.00637 0.43188 0.02489 0.12753 0.22985 0.05961 0.02207 0.65858 0.50346 0.00601 -0.00106 0.12262 0.00261
