0.00000 0.00023 -0.00001 -0.02040 0.00001 -0.00000 -0.04735 -0.03515 -0.00001 -0.00001 -0.00128 0.00000 0.00361 -0.13372 0.08196 -0.01995 0.00014 -0.04769 -0.01533 -0.02344 -0.07831 0.00002 -0.00715 -0.00000 -0.02064 -0.00203 -0.07609 0.00001 -0.00492 -0.01115 -0.00001 -0.02591 0.00002 -0.03467 0.00001 -0.01510 -0.00001 0.00002 0.04604 -0.00174 -0.00402 -0.02194 -0.03992 -0.00011 -0.02406 -0.02897 -0.01453 -0.00002 0.01173 0.00001
-0.00039 0.00000 -0.15947 -0.02144 -0.04732 -0.00092 0.00035 -0.05085 -0.00051 -0.09107 -0.00000 -0.00177 -0.02830 -0.00024 0.00020 0.00002 0.00000 -0.03023 -0.00001 -0.03902 -0.00055 -0.17010 -0.00726 -0.00027 -0.00755 0.00001 -0.00222 0.00000 -0.00000 -0.00102 0.00000 -0.06196 -0.05709 -0.03080 -0.08124 0.00001 -0.01359 0.00015 0.01965 -0.00000 0.00001 -0.00002 -0.04161 -0.17010 -0.03976 -0.00001 -0.02036 -0.15481 0.00672 -0.04010
-0.00239 0.00000 0.00000 -0.02170 -0.11956 -0.00322 0.00028 -0.01340 -0.00313 -0.19956 0.00000 -0.00959 -0.02611 -0.00048 0.00015 0.00017 0.00000 -0.02123 -0.00001 -0.02418 -0.00045 0.00000 -0.01923 -0.00115 -0.01841 0.00000 -0.01036 0.00000 -0.00001 -0.02736 0.00000 -0.02707 -0.02635 -0.03279 -0.20529 0.00002 -0.04969 -0.00071 0.01468 0.00000 0.00001 -0.00002 -0.05182 -0.00000 -0.02444 -0.00013 -0.03315 -0.17817 -0.00258 -0.09153
0.00002 0.00001 -0.00000 0.00000 0.00001 0.00001 0.00001 -0.02934 -0.00006 -0.00000 -0.00001 0.00007 0.00004 -0.00002 0.00001 0.00007 0.00000 0.28308 0.00000 -0.01518 -0.00003 -0.00000 0.99035 0.00000 -0.00002 -0.00001 -0.00000 0.00000 0.00001 0.00043 0.00001 -0.00713 0.00008 -0.05115 0.00000 0.00001 -0.00012 0.00007 -0.00000 0.00000 0.00002 -0.00001 -0.13079 -0.00001 -0.00124 -0.00000 -0.07747 -0.00000 -0.00002 0.00006
-0.03881 0.00000 0.00000 -0.04153 0.00000 -0.03755 -0.00017 -0.09133 0.03139 -0.00000 -0.00006 -0.07424 -0.02586 -0.00321 0.00043 0.00024 0.00000 -0.04929 0.00022 -0.02127 -0.00158 0.00000 -0.11777 -0.01277 -0.05959 0.00002 -0.03973 0.00000 -0.00007 -0.03952 -0.00002 -0.03239 -0.02529 0.39151 0.00000 0.00011 -0.28026 -0.01725 0.01583 0.00000 0.00021 -0.00005 0.63605 -0.00000 -0.03745 -0.00021 0.84749 -0.00000 0.01128 -0.27912
-0.08987 0.00011 -0.00001 -0.04220 0.00000 0.00000 -0.04749 -0.01984 -0.00000 -0.00001 -0.00078 0.00000 -0.00544 -0.07885 0.06540 -0.02335 0.00010 -0.01954 -0.01104 -0.02840 -0.05345 0.00000 -0.03298 -0.13926 -0.05150 -0.00046 -0.06299 -0.00003 -0.00328 -0.00987 0.00010 -0.02660 -0.05226 -0.03018 0.00001 -0.00970 -0.00000 -0.18599 0.00227 -0.00108 -0.00268 -0.01452 -0.04644 -0.00007 -0.02623 -0.03601 -0.02060 -0.00001 0.00826 0.00000
0.00000 -0.00451 -0.00105 -0.02151 0.00027 -0.00000 0.00000 -0.01432 -0.00008 -0.00065 -0.07113 0.00006 -0.01410 -0.00000 0.00000 -0.09091 -0.00459 -0.01686 -0.20978 -0.02544 -0.00000 -0.00255 -0.07108 -0.00000 0.00134 -0.07882 -0.00000 -0.00750 -0.05846 -0.05516 -0.03487 -0.02775 -0.00003 -0.02633 0.00025 -0.20010 -0.00013 0.00000 0.02487 -0.05419 -0.15757 -0.20951 0.83800 -0.00227 -0.02323 -0.41187 -0.02198 -0.00090 0.00595 0.00013
0.00002 0.00003 -0.00001 0.00001 0.00000 -0.00000 0.00001 0.00000 -0.00016 -0.00001 0.00001 0.00009 0.00017 -0.00002 0.00001 0.00011 0.00000 -0.00000 0.00003 -0.01158 -0.00007 -0.00002 -0.03710 -0.00000 -0.00033 -0.00002 -0.00003 -0.00000 -0.00002 0.00031 0.00001 0.00001 0.00004 0.00000 0.00001 -0.00004 -0.00009 0.00005 -0.00001 0.00001 0.00000 -0.00001 -0.04572 -0.00002 -0.01222 -0.00000 -0.01287 -0.00000 0.00008 0.00003
-0.14380 0.00004 -0.00000 -0.01585 0.00000 -0.19830 -0.02904 -0.03390 -0.00000 -0.00000 -0.00075 0.00000 -1.00196 0.05055 -0.02710 -0.01048 -0.00001 -0.03516 -0.00410 -0.02806 -0.03775 -0.00001 -0.47275 -0.12761 -0.04086 -0.01909 -0.08591 -0.00016 -0.01601 -0.11783 0.00001 0.00758 -0.10178 -0.02888 0.00000 -0.00435 -0.00000 -0.18924 -0.26814 -0.00102 -0.00105 -0.00410 -0.03695 -0.00003 -0.05121 -0.00846 -0.02440 -0.00001 0.25146 0.00000
-0.00912 0.00000 0.00000 0.25880 -0.20680 -0.01195 0.00012 -0.01468 -0.00010 -0.00000 0.00002 -0.02468 -0.02869 -0.00105 0.00026 0.00021 0.00000 -0.08144 0.00031 -0.04884 -0.00063 0.00000 -0.03025 -0.00374 -0.03705 0.00000 -0.04409 -0.00000 -0.00002 -0.05898 0.00001 -0.04291 -0.02224 -0.02889 -0.17703 0.00009 -0.09092 -0.00409 0.05211 0.00000 0.00015 -0.00005 -0.05489 -0.00000 -0.02672 -0.00014 -0.04011 -0.00000 0.01013 -0.16155
0.00011 -0.04353 -0.09060 -0.05126 -0.00523 0.00003 0.00000 -0.05293 -0.00040 -0.03995 0.00000 0.00023 -0.00570 -0.00000 0.00001 0.00000 -0.07683 -0.03499 0.00000 -0.04813 -0.00001 -0.05208 -0.02612 -0.00002 -0.02125 -0.04479 -0.00011 -0.09714 -0.01882 -0.01073 -0.21417 -0.04834 -0.00230 -0.03782 -0.00950 0.00000 -0.00071 0.00036 0.00752 -0.15153 0.00000 -0.00000 -0.05618 -0.03533 -0.05836 -0.00000 -0.04097 -0.07697 -0.00073 -0.00140
-0.40524 0.00004 -0.00000 -0.02517 0.00000 -0.56025 -0.03525 -0.02197 -1.24584 -0.00000 0.00023 0.00000 0.12758 -0.10247 0.06671 -0.00256 0.00002 -0.03737 -0.00181 -0.01858 -0.05454 0.00000 -0.05981 -0.34597 -0.05236 0.00426 -0.28954 -0.00012 0.00255 0.09569 0.00019 -0.14128 -0.37018 -0.03930 0.00000 -0.00173 -0.00000 -0.48990 0.14696 0.00015 -0.00052 -0.00316 -0.03476 0.00000 -0.06768 -0.00713 -0.02658 -0.00000 -0.14118 0.00000
0.00002 -0.00007 -0.00001 -0.01194 0.00001 -0.00001 -0.00000 -0.02447 -0.00000 -0.00001 0.00006 0.00000 0.00000 -0.00003 0.00001 0.00000 0.00001 -0.03135 0.00000 -0.01757 -0.00002 -0.00004 -0.81816 0.00000 -0.00001 0.00010 -0.00000 0.00001 0.00000 0.19240 0.00002 -0.01516 0.00006 -0.04919 0.00001 -0.00000 -0.00000 0.00013 1.29416 0.00003 -0.00000 -0.00000 -0.00968 0.00001 -0.00612 -0.00000 -0.00298 0.00000 -1.18316 0.00000
0.00000 -0.00059 -0.00023 -0.03114 0.00007 0.00000 -0.36480 -0.01512 -0.00001 -0.00014 -0.02242 0.00001 -0.01715 0.00000 -1.14632 0.00022 -0.00027 -0.02946 -0.09249 -0.00864 -0.00000 -0.00026 -0.02784 -0.00000 -0.11585 -0.09078 -0.00000 -0.00048 -0.12527 0.10414 -0.00180 0.18442 0.00001 -0.03368 0.00008 -0.06647 -0.00003 0.00000 -0.54356 -0.03340 -0.05437 -0.12229 -0.05709 -0.00078 -0.02676 -0.25389 -0.01739 -0.00019 0.06482 0.00002
0.00000 -0.00032 -0.00024 -0.02783 0.00013 -0.00000 -0.22283 -0.02466 -0.00003 -0.00040 -0.05072 0.00002 -0.00249 -0.00000 0.00000 -0.10911 -0.00136 -0.02983 -0.06081 -0.02622 -0.00000 -0.00039 -0.00317 0.00000 -0.08924 0.03128 -0.00000 -0.00248 -0.05693 -0.06573 -0.01293 -0.17703 0.00000 -0.04877 0.00017 -0.04118 -0.00005 0.00000 0.23352 -0.06518 -0.03985 -0.07612 -0.06116 0.00017 -0.02679 -0.15355 -0.02842 -0.00039 -0.03892 0.00004
0.00005 -0.02951 -0.00790 -0.02676 -0.00004 -0.00021 0.00000 -0.03680 -0.00035 -0.00264 -0.21686 0.00033 0.51465 0.00000 0.00000 0.00000 -0.02746 -0.03824 0.00000 -0.03659 -0.00000 -0.01576 0.18990 -0.00000 -0.06932 -0.02587 -0.00004 -0.04996 -0.01274 0.04206 -0.16032 0.48153 -0.00036 -0.03185 -0.00018 0.00000 -0.00028 0.00003 -0.00800 -0.21668 0.00000 -0.00000 -0.04023 -0.01402 -0.03777 -0.00000 -0.03942 -0.00607 -0.15510 0.00029
-0.00036 -0.34596 -0.14805 -0.01800 -0.04533 -0.00077 0.00001 -0.06186 -0.00075 -0.06397 0.00000 -0.00216 -0.00003 -0.00010 0.00012 0.00001 0.00000 -0.03031 0.00001 -0.04922 -0.00029 -0.25657 -0.00330 -0.00018 0.00314 -0.21141 -0.00274 0.00000 -0.14149 -0.01000 0.00000 -0.03059 -0.08425 0.49966 -0.05886 0.00000 -0.01575 0.00020 0.02377 0.00000 0.00000 -0.00000 -0.03475 -0.34502 -0.05356 -0.00000 -0.02112 -0.09216 0.01741 -0.05913
-0.00000 0.00001 -0.00000 0.00000 0.00002 -0.00000 0.00001 -0.02599 -0.00015 -0.00000 0.00001 0.00012 0.00013 -0.00001 0.00002 0.00010 0.00000 0.00000 0.00001 -0.06194 -0.00004 0.00000 0.00884 -0.00001 -0.00001 -0.00000 0.00006 -0.00001 -0.00003 0.00034 0.00004 -0.05743 0.00000 -0.03679 -0.00001 0.00000 -0.00022 0.00002 0.00006 0.00001 0.00001 -0.00001 -0.02615 -0.00003 -0.05492 -0.00000 -0.03592 -0.00000 0.00009 0.00004
0.00001 -0.05599 -0.01215 -0.01970 -0.00038 0.00000 0.00000 -0.03233 -0.00034 -0.00420 -0.13203 0.00017 0.00637 -0.00000 0.00000 -0.11365 -0.04812 -0.05177 0.00000 -0.06655 -0.00000 -0.02614 -0.01368 -0.00000 -0.02888 -0.03872 -0.00002 -0.03967 -0.02728 -0.01433 -0.06897 -0.02433 -0.00033 -0.02817 -0.00062 -0.08819 -0.00030 0.00002 0.01094 -0.09723 -0.12247 -0.00000 -0.04681 -0.02701 -0.02317 -0.00000 -0.02389 -0.00998 -0.00604 0.00015
0.00002 0.00002 -0.00000 0.00004 0.00000 -0.00000 0.00000 0.00000 -0.00002 -0.00000 0.00001 0.00000 0.00011 -0.00002 0.00000 0.00010 -0.00002 -0.00001 -0.00002 0.00000 -0.00001 0.00000 -0.00988 0.00000 -0.00000 0.00000 0.00000 -0.00001 0.00001 0.00008 -0.00005 -0.00006 0.00000 0.00000 0.00000 0.00001 -0.00000 0.00001 0.00010 0.00000 0.00001 -0.00002 0.01525 0.00002 0.00001 -0.00000 0.00055 -0.00000 0.00003 0.00000
0.00000 -0.00029 -0.00017 -0.02422 0.00004 -0.00000 -0.20302 -0.02796 -0.00002 -0.00014 -0.03102 0.00001 -0.00994 -0.25404 -0.29732 -0.04072 -0.00043 -0.02495 -0.07037 -0.01762 -0.00000 -0.00025 -0.03517 -0.00000 0.02831 -0.02413 -0.13622 -0.00067 -0.07248 -0.04945 -0.00499 -0.02582 0.00002 -0.08342 0.00005 -0.05035 -0.00002 0.00000 -0.09277 -0.04650 -0.05068 -0.12096 -0.03623 -0.00038 -0.02517 -0.11583 -0.01679 -0.00018 0.00208 0.00001
-0.00117 0.00000 -0.19642 -0.02069 -0.07318 -0.00169 0.00050 -0.05330 -0.00102 -0.15891 0.00000 -0.00475 -0.03459 -0.00020 0.00018 0.00004 0.00000 -0.02780 0.00004 -0.06454 -0.00052 0.00000 -0.01012 -0.00070 -0.01536 0.00000 -0.00543 0.00000 -0.00000 -0.02894 0.00000 -0.03895 -0.04600 -0.03216 -0.11544 0.00001 -0.03179 -0.00019 0.02166 0.00000 -0.00000 -0.00001 -0.04206 -0.00000 -0.06240 -0.00006 -0.01954 -0.15717 0.00497 -0.05600
0.00000 0.00000 -0.00000 0.00000 0.00000 0.00000 0.00000 -0.00000 -0.00000 -0.00000 0.00000 0.00000 0.00000 0.00000 0.00000 0.00000 -0.00000 0.00001 0.00000 0.00003 -0.00000 -0.00000 0.00000 -0.00000 -0.00000 -0.00001 0.00000 -0.00000 -0.00000 -0.00001 0.00000 -0.00000 0.00001 0.00001 0.00000 0.00000 -0.00000 0.00001 0.00004 -0.00000 0.00000 -0.00000 -0.00000 -0.00000 -0.00002 -0.00000 0.00000 -0.00000 0.00001 0.00000
-0.09758 0.00009 -0.00004 -0.02596 0.00001 -0.00000 -0.06884 -0.13199 -0.00001 -0.00002 -0.00346 0.00000 -0.01086 -0.25000 0.03065 -0.06918 0.00002 -0.01345 -0.03782 -0.05043 -0.38909 -0.00003 -0.02631 0.00000 -0.00105 -0.00741 -0.17204 0.00048 -0.01715 -0.02517 -0.00271 -0.03033 0.00001 -0.35450 0.00001 -0.03954 -0.00001 0.00000 -0.00189 -0.00485 -0.01086 -0.04024 -0.09018 -0.00015 -0.02781 -0.04272 -0.01563 -0.00005 0.00412 0.00001
0.00001 0.00008 -0.00016 -0.06436 -0.00004 0.00000 -0.00000 -0.03424 -0.00017 0.00012 -0.00000 0.00007 0.00822 -0.00000 -0.00000 -0.00003 -0.00001 -0.10442 0.00003 -0.14916 0.00000 -0.00011 -0.12809 -0.00002 -0.00000 0.00036 -0.00002 -0.00001 -0.00007 -0.72577 -0.00006 -0.24627 0.00015 -0.03204 -0.00002 -0.00008 -0.00012 0.00000 -1.68742 0.00000 0.00003 -0.00001 -0.29592 -0.00014 -0.06978 -0.00000 -0.12997 -0.00019 -0.01700 0.00002
0.00030 -0.04298 -0.04222 -0.04839 -0.00113 0.00013 -0.00005 -0.03265 -0.00039 -0.01433 0.00000 0.00036 0.02121 0.00000 0.00009 0.00002 0.00000 -0.03592 0.00000 -0.03198 -0.00007 -0.05522 -0.07248 -0.00008 -0.00346 0.00000 0.00018 -0.00000 -0.19695 0.06377 0.00000 -0.05541 0.00032 -0.04413 -0.00241 -0.00000 -0.00047 0.00052 0.15695 0.00000 -0.00000 -0.00000 -0.06708 -0.11637 -0.04282 -0.00001 -0.05230 -0.02854 -0.14930 -0.00013
0.00000 0.00008 0.00000 -0.30059 0.00001 -0.00000 -0.02522 -0.00887 -0.00001 -0.00002 -0.00017 0.00000 -0.08619 -0.11058 0.02149 -0.00329 -0.00002 0.00547 -0.00263 0.28005 -0.00000 0.00004 -0.02423 -0.00000 -0.00240 -0.00021 0.00000 -0.00013 -0.00072 -0.13167 0.00029 0.02136 0.00000 -0.03939 0.00000 -0.00291 -0.00001 0.00000 0.06081 -0.00020 -0.00099 -0.00421 -0.07812 -0.00009 -0.01184 -0.00844 -0.04498 0.00000 0.03554 0.00001
-0.00004 -0.10570 -0.04838 -0.01585 -0.09152 -0.00059 0.00000 -0.03603 -0.00133 -0.06298 0.00000 -0.00084 0.00626 -0.00005 0.00007 0.00000 -0.25994 -0.05126 0.00000 -0.04720 -0.00014 -0.04773 -0.01530 0.00010 -0.00423 -0.16826 -0.00174 0.00000 -0.08736 -0.04064 -0.00000 -0.02601 -0.01551 -0.34131 -0.07973 0.00000 -0.00847 -0.00021 0.01280 0.00000 0.00000 -0.00000 -0.03686 -0.10218 -0.04979 -0.00000 -0.02287 -0.05273 -0.00239 -0.01904
0.00025 -0.07691 -0.01245 -0.06250 -0.00039 0.00013 -0.00006 -0.04341 -0.00035 -0.00388 -0.00000 0.00032 -0.07663 0.00004 -0.00019 0.00002 0.00000 -0.03489 0.00000 -0.03658 -0.00002 -0.01711 -0.02955 -0.00003 -0.01212 0.00000 -0.00001 0.00000 0.00000 0.00624 0.00000 -0.03647 -0.00002 -0.03971 -0.00071 -0.00000 -0.00035 0.00011 0.00169 0.00000 -0.00000 -0.00000 -0.07474 0.05000 -0.05369 -0.00001 -0.19123 -0.00909 -0.01178 0.00012
0.00002 0.00003 -0.00001 0.00119 -0.00001 0.00001 -0.00000 -0.00977 -0.00000 0.00005 0.00002 0.00001 0.00000 -0.00000 0.00000 0.00001 0.00001 -0.00904 0.00000 -0.02161 -0.00000 0.00002 -0.10292 0.00001 -0.00000 0.00001 0.00000 0.00000 0.00003 0.00000 -0.00002 0.00133 0.00017 -0.01236 0.00000 -0.00000 -0.00003 0.00002 0.00000 0.00001 -0.00002 -0.00002 -0.04513 0.00006 -0.00004 -0.00000 -0.01347 0.00001 0.00000 0.00003
0.00018 -0.19153 -0.08089 -0.01516 -0.04430 0.00001 0.00001 0.01044 -0.00046 -0.06708 0.00000 0.00006 0.00654 -0.00004 0.00003 0.00000 -0.46001 -0.04539 0.00000 -0.03132 -0.00003 -0.11430 -0.00830 0.00009 0.00154 -0.21036 -0.00048 -0.62985 -0.12196 -0.03860 0.00000 -0.02210 -0.01430 0.05276 -0.05764 0.00000 -0.00238 0.00071 0.01452 0.00000 0.00000 -0.00000 -0.03097 -0.18268 -0.04987 -0.00000 -0.02146 -0.07258 0.01017 -0.00914
0.00001 0.00001 -0.00000 0.00004 0.00004 0.00000 0.00000 -0.01139 -0.00003 -0.00002 0.00000 -0.00001 0.00006 0.00000 0.00000 0.00000 0.00000 -0.00002 0.00000 -0.03409 -0.00000 0.00001 -0.01937 -0.00000 -0.00000 0.00000 -0.00000 0.00000 -0.00000 0.00194 0.00000 0.00000 0.00001 -0.04764 0.00002 0.00000 -0.00004 0.00001 0.00007 0.00001 0.00000 0.00000 -0.02904 -0.00002 -0.01360 -0.00000 -0.02739 -0.00000 0.00005 0.00004
-0.04047 -0.00004 -0.00000 0.02557 0.00000 -0.00000 -0.00085 -0.02853 -0.00001 -0.00001 0.00025 0.00000 -0.06592 -0.00465 0.00026 0.00011 -0.00000 -0.03598 0.00014 0.90059 -0.00295 0.00001 0.00941 -0.03073 -0.04418 0.00024 0.23386 -0.00000 -0.00013 0.00697 -0.00000 -0.08453 0.00000 -0.03622 0.00000 -0.00010 -0.00001 -0.03051 -0.00317 0.00002 -0.00006 -0.00013 -0.01952 0.00003 -0.03182 -0.00045 -0.00492 -0.00000 -0.00061 0.00000
0.00001 0.00001 0.00000 0.00007 0.00000 0.00000 0.00000 0.17777 -0.00004 -0.00000 0.00000 0.00002 0.00007 -0.00001 0.00000 0.00002 0.00000 -0.00002 0.00000 -0.05694 -0.00001 0.00000 -0.00816 -0.00000 -0.00002 -0.00001 0.00003 -0.00000 -0.00001 0.00014 0.00000 -0.00004 0.00006 0.00000 0.00001 0.00000 -0.00003 0.00001 0.00028 0.00000 -0.00000 -0.00000 -0.01222 -0.00000 -0.01904 -0.00000 0.00029 -0.00000 0.00002 0.00001
-0.03520 0.00000 0.00000 -0.05626 -0.23388 -0.03238 -0.00001 -0.01722 0.02024 -0.00000 -0.00003 -0.04042 -0.03059 -0.00191 0.00031 0.00025 0.00000 -0.03005 0.00041 -0.03325 -0.00095 0.00000 -0.01391 -0.00870 -0.09219 0.00001 -0.08406 -0.00000 -0.00004 -0.04167 -0.00001 -0.01988 -0.02017 -0.05682 0.00000 0.00016 -0.16704 -0.01220 0.00106 0.00001 0.00014 -0.00005 -0.06080 -0.00000 -0.02993 -0.00020 -0.02449 -0.00000 0.01631 -0.20149
0.00002 -0.05398 -0.01760 -0.03144 -0.00044 0.00002 0.00000 -0.04521 -0.00036 -0.00563 -0.14107 0.00024 -0.00314 -0.00000 0.00000 -0.10424 -0.03898 -0.04454 0.00000 -0.03165 -0.00000 -0.03210 -0.04106 -0.00000 -0.03158 -0.01991 -0.00002 -0.05021 -0.01387 -0.00215 -0.07913 -0.02759 -0.00052 -0.03092 -0.00078 0.00000 -0.00032 0.00003 -0.00065 -0.11632 -0.13609 -0.00000 -0.06266 -0.02820 -0.03358 -0.00000 -0.32802 -0.01249 0.01904 0.00016
-0.11567 0.00001 -0.00000 -0.04701 0.00000 -0.19114 -0.00281 -0.01667 0.04282 -0.00000 0.00037 -0.76112 -0.07923 -0.01737 0.00201 -0.00023 0.00000 -0.03190 -0.00004 -0.64251 -0.01057 0.00000 0.01865 -0.09067 -0.00127 -0.00030 -0.10526 0.00009 -0.00069 -0.06122 0.00008 -0.04061 -0.12328 -0.04173 0.00000 -0.00012 -0.00000 -0.11223 -0.06981 0.00005 -0.00003 -0.00058 -0.04776 0.00000 -0.04473 -0.00115 -0.05970 -0.00000 0.07354 0.00000
-0.05141 0.00025 -0.00001 -0.03421 0.00001 0.00000 -0.05083 0.04413 -0.00000 -0.00001 -0.00147 0.00000 -0.01095 -0.19160 0.10133 -0.04748 0.00028 -0.02299 -0.02164 -0.01286 -0.47059 0.00005 0.03056 -0.29702 -0.09061 -0.00149 -0.13575 0.00000 -0.00626 0.03012 0.00133 -0.01223 0.00002 0.06376 0.00000 -0.01988 -0.00000 0.00000 0.10555 -0.00187 -0.00606 -0.03599 -0.07503 -0.00007 -0.00595 -0.03459 -0.01927 -0.00002 0.00574 0.00000
0.00001 -0.00013 -0.00004 -0.00864 0.00001 0.00000 -0.00000 -0.00766 -0.00000 0.00001 0.00001 0.00000 0.00000 -0.00000 0.00000 0.00000 0.00001 -0.00722 0.00000 -0.00485 -0.00000 -0.00002 -0.06178 0.00000 -0.00000 0.00000 0.00000 0.00000 0.00000 0.33649 0.00001 -0.05126 0.00005 -0.01419 0.00001 -0.00000 -0.00000 0.00000 0.00000 0.00001 -0.00001 -0.00001 0.00738 0.00000 -0.01400 -0.00000 -0.00670 0.00001 -0.00000 0.00001
0.00019 -0.03848 -0.06364 -0.03672 -0.00409 0.00008 0.00000 -0.03392 -0.00038 -0.02596 0.00000 0.00024 0.00686 -0.00001 0.00001 0.00000 -0.08805 -0.02612 0.00000 -0.03207 -0.00004 -0.05607 -0.02321 0.00004 -0.04324 -0.04973 -0.00012 -0.09571 -0.03247 -0.00835 -0.28359 -0.05176 -0.00104 -0.03800 -0.00633 0.00000 -0.00062 0.00032 0.01329 0.00000 0.00000 -0.00000 -0.07620 -0.04185 -0.03578 -0.00000 -0.02168 -0.05632 0.00282 -0.00099
0.00003 -0.05380 -0.03342 -0.04666 -0.00148 0.00001 0.00000 -0.01793 -0.00037 -0.01128 -0.14541 0.00023 -0.00920 -0.00000 0.00000 -0.14829 -0.04021 -0.02861 0.00000 -0.03194 -0.00000 -0.06784 -0.00956 -0.00000 -0.01624 -0.03003 -0.00004 -0.05521 -0.01585 -0.01254 -0.11712 -0.02545 -0.00088 -0.02663 -0.00228 0.00000 -0.00045 0.00005 0.00663 -0.13285 0.00000 -0.00000 -0.04308 -0.06141 -0.02509 -0.00000 -0.04725 -0.02761 0.00548 -0.00026
0.00001 -0.03413 -0.00833 -0.01776 -0.00005 0.00000 0.00000 -0.03840 -0.00027 -0.00271 -0.13100 0.00011 -0.01454 -0.00000 0.00000 -0.12834 -0.03504 -0.04959 -0.15784 -0.03148 -0.00000 -0.01676 -0.01534 -0.00000 -0.00519 -0.03795 -0.00002 -0.03852 -0.02479 -0.01026 -0.06127 -0.02650 -0.00023 -0.02904 -0.00020 -0.13612 -0.00025 0.00001 0.00489 -0.08675 -0.15957 0.00000 -0.03452 -0.01638 -0.01850 -0.00000 -0.01827 -0.00642 0.00566 0.00023
0.00000 0.00000 -0.00000 0.00002 0.00000 0.00000 0.00000 -0.00000 -0.00004 -0.00000 0.00001 0.00003 0.00005 -0.00000 0.00000 0.00003 0.00000 0.00000 0.00001 0.00019 -0.00000 0.00000 -0.63049 -0.00000 -0.00000 -0.00002 -0.00000 -0.00000 -0.00001 0.00003 0.00001 0.00000 0.00010 0.00003 0.00000 0.00000 -0.00003 0.00001 0.00005 0.00000 0.00001 -0.00000 0.00000 0.00000 -0.00000 -0.00000 0.00007 -0.00000 -0.00001 0.00002
-0.00070 0.00000 -0.17432 -0.02925 -0.05665 -0.00141 0.00026 -0.03267 -0.00134 -0.10890 0.00000 -0.00138 -0.16179 -0.00020 0.00017 0.00003 0.00000 -0.04191 0.00003 -0.05527 -0.00047 -0.15847 -0.03690 -0.00057 -0.01690 0.00000 -0.00289 0.00000 0.00000 -0.06614 0.00000 -0.04939 -0.07761 -0.04975 -0.08254 0.00000 -0.03366 -0.00011 0.02626 0.00000 0.00001 -0.00001 -0.05331 -0.00000 -0.02123 -0.00001 -0.03904 -0.15625 -0.01212 -0.05706
0.00002 -0.00000 -0.00000 0.00003 0.00001 0.00000 0.00001 -0.00000 -0.00012 -0.00001 0.00001 0.00008 0.00010 -0.00001 0.00001 0.00010 -0.00000 -0.00002 0.00001 -0.01209 -0.00003 0.00000 0.02240 -0.00001 -0.00001 -0.00002 -0.00003 -0.00001 0.00002 -0.00238 0.00004 -0.00000 0.00001 -0.00001 0.00001 0.00001 -0.00012 0.00002 0.00024 0.00000 0.00000 -0.00000 -0.05548 -0.00001 0.00000 -0.00001 -0.23823 -0.00000 -0.00002 0.00000
0.00000 -0.01900 -0.00488 -0.02722 0.00014 0.00000 0.00000 -0.02887 -0.00016 -0.00150 -0.15034 0.00007 0.00174 -0.00000 0.00000 -0.18545 -0.01810 -0.02333 -0.41395 -0.05059 -0.00000 -0.00915 -0.01028 -0.00000 -0.07833 -0.07031 -0.00000 -0.03268 -0.05210 0.00051 -0.05932 -0.05591 -0.00007 -0.05716 0.00012 -0.42521 -0.00018 0.00001 -0.29189 -0.08765 -0.35533 -0.44863 -0.28732 -0.00923 -0.02282 -0.00000 -0.03506 -0.00334 0.00252 0.00023
0.00001 0.00000 -0.00000 -0.00001 0.00000 -0.00000 0.00000 -0.00001 -0.00009 -0.00000 0.00001 0.00009 0.00004 -0.00000 0.00000 0.00010 0.00000 0.00000 0.00000 0.00009 -0.00001 0.00000 0.77341 -0.00001 -0.00001 -0.00001 -0.00001 -0.00000 0.00002 0.00018 0.00003 -0.00012 -0.00000 0.00024 0.00000 0.00000 -0.00010 0.00002 0.00002 -0.00000 0.00000 -0.00000 0.01014 -0.00000 -0.00001 -0.00000 -0.00000 -0.00000 -0.00003 0.00003
-0.00398 0.00000 0.00000 -0.02207 -0.16520 -0.00421 0.00013 -0.02748 -0.00405 -0.24032 0.00001 -0.01336 -0.01876 -0.00065 0.00015 0.00024 0.00000 -0.02572 -0.00002 -0.02734 -0.00043 0.00000 -0.01342 -0.00148 -0.01709 0.00001 -0.01705 0.00000 -0.00001 -0.02785 0.00000 -0.05503 -0.02851 -0.03454 -0.21590 0.00003 -0.05230 -0.00122 0.01635 0.00000 0.00001 -0.00010 -0.04279 -0.00000 -0.02864 -0.00009 -0.02121 0.00000 0.01117 -0.11988
0.00001 -0.00002 -0.00001 -0.02460 0.00001 -0.00003 0.00002 -0.03431 -0.00000 -0.00002 -0.00013 0.00000 0.00000 0.00000 0.00000 0.00000 -0.00000 -0.03916 0.00000 -0.05570 -0.00005 -0.00007 0.10510 -0.00002 -0.00011 -0.00000 -0.00000 -0.00000 -0.00000 -0.26460 0.00000 -0.04004 0.00007 -0.06380 0.00002 0.00000 -0.00000 0.00016 -0.49450 -0.00008 0.00001 0.00000 -0.03605 -0.00002 -0.02200 -0.00000 -0.02384 -0.00001 0.00000 0.00001
-0.06344 0.00000 0.00000 -0.03240 0.00000 -0.05910 -0.00091 -0.01833 0.05730 -0.00000 0.00001 -0.16317 -0.02651 -0.00704 0.00118 0.00011 0.00000 -0.05025 0.00021 -0.11658 -0.00348 0.00000 -0.16326 -0.04214 -0.05248 0.00005 -0.06204 -0.00001 -0.00012 -0.01979 0.00004 -0.03213 -0.03219 -0.03262 0.00000 0.00003 -0.35747 -0.05288 0.00966 0.00002 0.00002 -0.00022 -0.05748 0.00000 0.27993 -0.00049 -0.00879 -0.00000 0.01730 0.00000
