0.00000 0.00000 0.00000 -0.00000 0.00040 0.00000 -0.00000 -0.00000 -0.00000 0.00000 -0.00000 0.00000 0.00000 0.00000 0.00000 0.00000 0.00000 -0.00000 0.00000 -0.00000 0.00000 -0.00024 -0.00049 0.00000 0.00000 -0.00000 -0.00002 0.00000 -0.00000 -0.00000
-0.54565 0.00000 0.00154 0.32643 -0.00022 0.03856 -0.00245 -0.00009 -0.00070 0.00985 0.00004 -0.00060 -0.00000 0.03879 -0.00045 0.00899 0.00022 -0.00134 0.04829 -0.26820 0.00014 -0.00207 -0.00067 0.00000 0.00000 -0.00158 0.00076 0.00000 0.00165 0.00249
-0.52414 0.00015 0.00000 -0.89208 -0.00041 -0.00000 0.00000 0.00021 -0.00004 -0.00000 0.00025 0.00001 0.00004 0.00000 0.00002 0.00028 -0.00000 0.00004 -0.00001 0.00000 0.00018 -0.05791 -0.00289 -0.00007 0.00000 -0.00018 -0.00013 0.00000 0.00000 -0.00000
-0.27650 0.00000 -0.00000 0.00000 0.00013 0.00001 0.00002 -0.00002 -0.00029 0.00006 0.00000 -0.00001 -0.00000 -0.00000 0.00000 -0.00007 0.00008 -0.00002 0.00008 -0.00000 -0.00000 0.00013 0.01978 0.00077 -0.00018 0.00005 0.00000 -0.00000 0.00000 0.00002
-0.00044 0.00134 -0.00088 0.02145 -0.00000 0.02633 0.00002 -0.00000 -0.00033 0.03580 0.00798 -0.00094 -0.00420 0.00059 -0.00091 0.01314 0.00135 -0.00135 0.00800 -0.00000 -0.00021 0.20482 -0.00047 -0.02411 0.00285 -0.02182 0.00032 0.00001 0.00123 -0.01992
-0.30538 0.00000 -0.26260 -0.00108 0.00000 0.00000 0.00016 -0.00009 -0.00018 0.00048 0.00000 -0.00010 -0.00000 -0.15127 -0.00002 0.00906 0.00124 -0.00000 0.01389 -0.00685 0.00000 -0.07719 -0.02654 -0.00044 0.00063 -0.01546 -0.00000 -0.00292 -0.00016 0.41343
-0.11537 0.00109 0.00017 0.02755 -0.00005 0.01445 -0.00000 0.00004 -0.00040 0.00024 0.00072 -0.00091 -0.00024 0.00188 -0.00166 0.01583 -0.04424 -0.00128 0.03637 0.12192 0.00062 -0.03557 -0.00112 -0.00000 0.01551 0.31139 -0.00011 0.00057 -0.00065 -0.07089
-0.00032 0.00345 -0.00203 0.02799 0.00006 0.01341 -0.00042 -0.00000 -0.00072 0.00437 0.00105 -0.00071 -0.00370 0.00057 -0.00062 0.00288 0.00134 -0.00109 0.00225 -0.00266 0.00001 -0.03020 -0.00018 0.00000 0.00361 -0.00207 0.00010 -0.00314 0.00542 -0.04219
0.24860 0.00123 -0.01551 0.00786 -0.00016 0.00131 -0.00483 0.00000 -0.00000 0.00221 0.00882 -0.00052 -0.00210 0.00007 -0.00049 0.01109 0.01093 -0.00088 0.00035 -0.00183 0.00062 -0.03240 -0.00055 -0.00014 0.00141 -0.00400 0.00058 -0.00217 0.00787 -0.03560
0.00008 0.00025 -0.07587 0.00018 -0.00000 0.00557 0.00028 -0.00018 -0.00041 -0.00000 0.00021 -0.00000 -0.00248 0.00004 -0.00104 -0.00005 0.02176 -0.00185 0.01711 -0.00000 -0.00008 0.38882 -0.00000 -0.05819 0.00096 0.00274 0.00007 0.00049 0.13848 0.00103
0.09679 -0.01737 -0.01203 0.18940 0.00024 0.00263 -0.00049 0.00022 -0.00046 0.00174 -0.00000 -0.00064 -0.00000 -0.01323 -0.00113 0.00139 0.01037 -0.00047 0.00002 -0.00002 0.00011 -0.04379 -0.00003 -0.00046 0.00011 -0.00768 0.00072 -0.00041 0.00052 -0.06995
-0.03286 0.00332 0.04171 0.08094 0.00007 0.02285 -0.00000 -0.00004 -0.00061 -0.15830 0.00231 -0.00000 -0.03151 -0.00944 -0.00161 0.00058 -0.01251 -0.00119 -0.00018 -0.00749 -0.00019 -0.16581 -0.00039 -0.00379 0.00038 -0.21163 0.00118 -0.00584 -0.08563 -0.18847
0.06661 -0.17843 0.03810 -0.13081 -0.00004 0.00066 -0.00042 -0.00000 0.00024 0.00039 -0.05061 -0.00000 0.00000 -0.03159 0.00000 -0.00015 0.03131 -0.00042 0.02648 0.02058 0.00000 -0.01900 -0.00046 -0.00000 0.00000 -0.00045 -0.00001 0.05083 0.00408 -0.10163
-0.20590 0.00001 0.07426 0.07513 -0.00042 0.00000 -0.00030 -0.00006 -0.00095 0.00201 -0.00011 -0.00018 -0.00002 -0.00000 -0.00032 0.00000 0.00000 -0.00007 0.00000 -0.00063 -0.00016 -0.00801 -0.00076 0.00004 0.00081 -0.00047 -0.00001 0.00143 -0.00043 0.00000
-0.00988 0.00301 -0.00838 0.04753 0.00009 0.01503 -0.00021 0.00053 -0.00022 0.00134 0.00109 -0.00085 -0.02604 -0.00003 -0.00000 -0.28424 -0.00012 -0.00920 -0.00052 -0.04017 -0.00049 -0.09814 -0.00056 -0.23382 0.00019 -0.05045 0.00025 -0.09493 -0.00025 -0.13805
0.00011 0.00044 -0.00030 0.01251 -0.00000 0.00026 0.00004 0.00009 -0.00027 0.00304 0.00095 -0.00197 -0.00060 0.00057 -0.00000 -0.00000 0.00009 -0.00007 -0.00000 -0.00018 0.00000 -0.02724 -0.00000 0.17934 0.00000 -0.00078 -0.00001 0.00357 0.00007 -0.03783
0.52577 0.00015 0.04167 0.02383 0.00033 0.00573 -0.00004 0.00025 -0.00050 0.00004 0.00000 -0.00008 0.00000 -0.12635 -0.00135 0.02023 0.00000 -0.00062 0.03700 -0.00000 0.00031 0.00017 -0.00010 0.00006 0.00153 -0.00017 0.00011 0.00051 0.03091 0.34585
-0.00000 0.00137 -0.00505 0.10141 0.00000 -0.32646 -0.00081 0.00002 -0.00051 0.00311 0.00137 -0.00087 -0.00077 0.00000 0.00000 0.02679 0.00114 -0.00000 0.00075 -0.02070 -0.00000 -0.09100 -0.00045 -0.00378 0.00108 -0.01860 -0.00019 -0.02339 0.00009 -0.16401
0.00000 0.00000 0.03468 0.00126 -0.00000 -0.00008 0.00000 0.00009 -0.00029 0.00003 0.00053 -0.00299 0.00000 0.16578 -0.00432 0.01769 0.00000 -0.00094 0.00000 -0.00349 -0.00000 -0.00073 -0.00070 0.00001 0.00058 -0.00031 -0.00015 0.00082 -0.00062 0.34540
0.10266 -0.00000 -0.07203 -0.07039 -0.00062 0.00014 0.00000 0.00006 -0.00032 0.02064 0.00066 -0.00005 0.00008 -0.00952 0.00000 0.00751 -0.04931 -0.00004 0.00091 -0.00000 0.00019 -0.00067 -0.00121 -0.00040 0.00089 0.00000 0.00043 0.00010 0.00122 -0.07669
-0.00024 0.00034 -0.01858 0.04048 -0.00002 0.02029 -0.00118 -0.00006 -0.00031 0.00106 0.00280 -0.00058 -0.00023 0.00008 -0.00145 0.02909 0.00104 -0.00071 -0.26712 0.00041 -0.00000 -0.06364 -0.00026 -0.00652 0.00191 -0.00945 0.00047 -0.00870 0.00031 -0.07296
0.00527 0.00046 -0.00000 0.00556 0.00000 0.00000 0.00000 -0.00000 -0.00005 0.00000 -0.00000 -0.00000 0.00003 -0.00017 -0.00000 0.00000 0.00320 -0.00000 0.00006 -0.00024 0.00000 0.00000 0.00000 0.06378 -0.00000 0.04352 0.00000 -0.00000 0.00170 -0.00018
-0.00147 0.00170 -0.00053 0.00006 0.00007 0.00003 0.00049 -0.00005 -0.00070 0.02862 0.00092 -0.00346 -0.00825 0.00027 -0.00180 0.03232 0.00045 -0.00066 0.00518 -0.00062 0.00029 0.22515 -0.00000 0.21637 -0.07150 0.00000 0.00066 -0.00533 0.00710 -0.00067
-0.00030 0.00390 -0.00974 0.00691 0.00000 0.00079 -0.00000 0.00025 -0.00071 0.00000 0.00034 -0.00045 -0.02852 -0.00224 -0.00000 0.00000 0.00079 -0.00061 0.00100 -0.00345 0.00014 0.00000 0.00000 0.00000 -0.00000 -0.02441 -0.00001 -0.07145 0.00004 -0.02081
-0.06786 0.03063 0.05912 -0.00274 -0.00005 0.00014 0.00000 0.00011 -0.00021 0.00074 0.00160 -0.00640 0.09308 0.00005 -0.00656 0.02419 0.00136 -0.00180 0.00200 -0.00658 0.00023 -0.06118 -0.00000 -0.10440 -0.00000 0.00012 -0.00000 0.17148 0.00013 -0.00026
-0.15143 0.00050 -0.01329 0.02894 -0.00004 0.00003 0.00000 -0.00016 -0.00043 0.00048 0.00026 -0.00000 -0.00240 0.00536 0.00000 0.00020 -0.03485 -0.00000 0.00327 0.19418 0.00029 -0.00000 -0.00066 -0.00001 0.00090 0.00000 -0.00004 -0.00716 0.05799 0.00111
-0.02028 0.00123 -0.00030 0.04356 -0.00025 0.03670 -0.00485 0.00013 -0.00049 0.00246 0.00044 -0.00072 -0.00253 -0.02250 -0.00205 0.01824 0.00264 -0.00282 0.02477 -0.00075 0.00012 -0.00098 -0.00096 -0.02508 0.02900 -0.00298 -0.00000 -0.03106 -0.20594 0.00205
-0.03487 0.04046 0.32693 -0.00018 0.00000 -0.00013 -0.00046 -0.00006 -0.00038 0.00102 0.00172 -0.00035 0.00000 0.00002 0.00000 -0.00000 0.00111 -0.00000 0.00193 -0.00448 0.00038 -0.00104 -0.00034 -0.00000 0.00000 -0.00033 -0.00000 0.00000 0.00056 -0.00067
0.00414 -0.00007 -0.10590 -0.00082 -0.00001 0.00681 0.00036 0.00000 -0.00012 0.00000 0.00032 -0.00000 0.00039 0.00230 -0.00165 0.01363 0.00000 -0.00505 0.00270 -0.00084 -0.00144 0.00129 -0.00026 -0.01120 0.00868 -0.00000 -0.00000 -0.00147 -0.00000 -0.12277
0.16375 0.00033 -0.14119 -0.05926 0.00008 0.00000 -0.00000 -0.00000 -0.00000 0.00022 -0.00000 -0.00000 -0.00000 0.11892 -0.00000 -0.00000 0.00000 -0.00000 0.00000 -0.00001 -0.00000 -0.01799 -0.00191 -0.00000 0.00011 -0.00087 0.00011 -0.00137 -0.00000 0.00000
