1.000 0.006 0.006 0.006 0.006 0.006 0.002 0.006 0.006 0.002 0.006 0.006 0.003 0.004 0.006 0.006 0.006 0.006 0.006 0.006 0.006 0.006 0.003 0.005 0.005 0.006 0.002 0.006 0.006 0.006 0.006 0.006 0.004 0.006 0.006 0.006 0.005 0.006 0.004 0.005 0.006 0.005 0.006 0.006 0.003 0.006 0.006 0.006 0.006 0.006
0.006 1.000 -0.258 -0.249 -0.227 -0.247 -0.271 -0.258 -0.234 -0.071 -0.231 -0.239 -0.185 -0.147 -0.195 -0.249 -0.273 -0.288 -0.238 -0.225 -0.244 -0.174 -0.117 -0.230 -0.198 -0.269 -0.163 -0.244 -0.254 -0.266 -0.227 -0.222 -0.153 -0.252 -0.200 -0.237 -0.164 -0.243 -0.222 -0.197 -0.212 -0.224 -0.230 -0.197 -0.193 -0.187 -0.204 -0.226 -0.237 -0.220
0.006 -0.258 1.067 0.063 0.057 0.062 0.070 0.065 0.059 0.018 0.058 0.060 0.047 0.037 0.048 0.063 0.069 0.073 0.060 0.056 0.062 0.044 0.029 0.058 0.050 0.068 0.042 0.061 0.064 0.067 0.057 0.055 0.039 0.064 0.050 0.060 0.041 0.061 0.057 0.050 0.053 0.057 0.058 0.049 0.050 0.047 0.051 0.057 0.060 0.055
0.006 -0.249 0.063 1.062 0.057 0.062 0.025 0.065 0.059 -0.010 0.058 0.060 0.025 0.019 0.047 0.062 0.069 0.072 0.059 0.055 0.061 0.038 0.005 0.050 0.040 0.068 0.009 0.061 0.064 0.066 0.054 0.056 0.019 0.064 0.050 0.059 0.035 0.061 0.037 0.041 0.053 0.050 0.053 0.046 0.023 0.042 0.051 0.057 0.058 0.055
0.006 -0.227 0.057 0.057 1.052 0.054 0.000 0.056 0.052 -0.021 0.051 0.053 0.013 0.009 0.041 0.055 0.060 0.063 0.052 0.049 0.054 0.032 -0.006 0.041 0.032 0.059 -0.007 0.054 0.056 0.058 0.046 0.049 0.008 0.056 0.045 0.052 0.029 0.053 0.024 0.033 0.047 0.042 0.044 0.039 0.008 0.035 0.044 0.050 0.051 0.049
0.006 -0.247 0.062 0.062 0.054 1.061 0.073 0.072 0.066 0.024 0.065 0.067 0.052 0.043 0.056 0.070 0.076 0.080 0.067 0.064 0.069 0.050 0.035 0.064 0.056 0.075 0.047 0.069 0.071 0.074 0.064 0.063 0.044 0.071 0.058 0.067 0.048 0.068 0.062 0.056 0.061 0.063 0.064 0.056 0.054 0.054 0.059 0.064 0.067 0.063
0.002 -0.271 0.070 0.025 0.000 0.073 1.079 0.029 0.034 -0.102 0.032 0.032 -0.095 -0.060 0.031 0.026 0.025 0.020 0.031 0.029 0.031 0.011 -0.089 -0.019 -0.019 0.026 -0.151 0.030 0.030 0.024 0.012 0.036 -0.072 0.030 0.041 0.030 0.012 0.032 -0.087 -0.013 0.039 -0.004 0.001 0.018 -0.125 0.012 0.037 0.036 0.023 0.034
0.006 -0.258 0.065 0.065 0.056 0.072 0.029 1.068 0.057 0.021 0.057 0.059 0.051 0.039 0.047 0.062 0.068 0.072 0.059 0.055 0.060 0.042 0.033 0.059 0.050 0.067 0.048 0.060 0.063 0.066 0.056 0.054 0.041 0.063 0.048 0.058 0.040 0.060 0.060 0.050 0.051 0.057 0.058 0.048 0.055 0.046 0.049 0.055 0.059 0.054
0.006 -0.234 0.059 0.059 0.052 0.066 0.034 0.057 1.056 0.023 0.055 0.057 0.049 0.039 0.046 0.059 0.065 0.069 0.057 0.054 0.058 0.043 0.033 0.057 0.050 0.064 0.046 0.058 0.060 0.064 0.055 0.052 0.041 0.060 0.047 0.056 0.040 0.058 0.058 0.049 0.050 0.055 0.056 0.047 0.052 0.046 0.048 0.053 0.057 0.052
0.002 -0.071 0.018 -0.010 -0.021 0.024 -0.102 0.021 0.023 1.023 -0.051 -0.052 0.020 0.004 -0.052 -0.049 -0.047 -0.044 -0.050 -0.050 -0.050 -0.039 0.028 -0.024 -0.023 -0.047 0.075 -0.050 -0.050 -0.045 -0.041 -0.053 0.011 -0.049 -0.057 -0.051 -0.038 -0.050 0.015 -0.028 -0.056 -0.033 -0.034 -0.044 0.047 -0.039 -0.052 -0.053 -0.047 -0.053
0.006 -0.231 0.058 0.058 0.051 0.065 0.032 0.057 0.055 -0.051 1.060 0.058 0.046 0.037 0.048 0.061 0.066 0.070 0.058 0.055 0.059 0.043 0.029 0.057 0.049 0.065 0.039 0.059 0.062 0.064 0.056 0.054 0.038 0.061 0.049 0.058 0.041 0.059 0.055 0.049 0.052 0.055 0.056 0.048 0.047 0.046 0.050 0.055 0.058 0.054
0.006 -0.239 0.060 0.060 0.053 0.067 0.032 0.059 0.057 -0.052 0.058 1.064 0.035 0.027 0.049 0.063 0.070 0.073 0.061 0.057 0.062 0.041 0.017 0.053 0.045 0.068 0.023 0.062 0.065 0.067 0.056 0.057 0.028 0.064 0.052 0.061 0.039 0.062 0.046 0.046 0.055 0.054 0.055 0.048 0.034 0.045 0.052 0.058 0.060 0.057
0.003 -0.185 0.047 0.025 0.013 0.052 -0.095 0.051 0.049 0.020 0.046 0.035 1.058 0.031 0.051 0.066 0.072 0.076 0.063 0.059 0.065 0.045 0.015 0.058 0.050 0.071 0.013 0.064 0.067 0.070 0.059 0.059 0.031 0.067 0.053 0.063 0.042 0.064 0.051 0.050 0.056 0.058 0.059 0.051 0.033 0.048 0.054 0.060 0.062 0.058
0.004 -0.147 0.037 0.019 0.009 0.043 -0.060 0.039 0.039 0.004 0.037 0.027 0.031 1.034 0.035 0.047 0.052 0.054 0.045 0.041 0.046 0.026 -0.013 0.033 0.026 0.051 -0.021 0.046 0.048 0.049 0.039 0.042 0.002 0.048 0.038 0.045 0.024 0.046 0.017 0.027 0.041 0.035 0.037 0.033 -0.002 0.029 0.038 0.043 0.043 0.041
0.006 -0.195 0.048 0.047 0.041 0.056 0.031 0.047 0.046 -0.052 0.048 0.049 0.051 0.035 1.044 0.057 0.061 0.064 0.055 0.053 0.056 0.045 0.037 0.057 0.051 0.060 0.047 0.056 0.058 0.060 0.055 0.052 0.043 0.057 0.048 0.055 0.043 0.056 0.056 0.050 0.050 0.055 0.055 0.049 0.052 0.047 0.049 0.053 0.056 0.052
0.006 -0.249 0.063 0.062 0.055 0.070 0.026 0.062 0.059 -0.049 0.061 0.063 0.066 0.047 0.057 1.069 0.091 0.096 0.083 0.080 0.084 0.071 0.067 0.087 0.079 0.090 0.083 0.084 0.087 0.090 0.083 0.079 0.074 0.086 0.073 0.083 0.068 0.084 0.092 0.078 0.076 0.084 0.084 0.075 0.089 0.073 0.075 0.079 0.084 0.078
0.006 -0.273 0.069 0.069 0.060 0.076 0.025 0.068 0.065 -0.047 0.066 0.070 0.072 0.052 0.061 0.091 1.083 0.079 0.065 0.061 0.067 0.048 0.036 0.064 0.055 0.073 0.051 0.067 0.069 0.073 0.063 0.060 0.045 0.069 0.054 0.065 0.045 0.066 0.064 0.055 0.058 0.062 0.064 0.054 0.058 0.051 0.055 0.061 0.065 0.060
0.006 -0.288 0.073 0.072 0.063 0.080 0.020 0.072 0.069 -0.044 0.070 0.073 0.076 0.054 0.064 0.096 0.079 1.092 0.052 0.048 0.054 0.035 0.036 0.054 0.046 0.061 0.059 0.054 0.057 0.061 0.050 0.047 0.042 0.056 0.040 0.052 0.033 0.053 0.062 0.045 0.044 0.051 0.052 0.041 0.062 0.039 0.042 0.048 0.052 0.046
0.006 -0.238 0.060 0.059 0.052 0.067 0.031 0.059 0.057 -0.050 0.058 0.061 0.063 0.045 0.055 0.083 0.065 0.052 1.064 0.058 0.062 0.045 0.033 0.060 0.052 0.069 0.045 0.062 0.065 0.068 0.058 0.057 0.042 0.064 0.051 0.061 0.043 0.062 0.059 0.052 0.054 0.058 0.059 0.051 0.053 0.049 0.052 0.058 0.061 0.056
0.006 -0.225 0.056 0.055 0.049 0.064 0.029 0.055 0.054 -0.050 0.055 0.057 0.059 0.041 0.053 0.080 0.061 0.048 0.058 1.058 0.023 0.008 0.007 0.023 0.016 0.029 0.025 0.023 0.026 0.029 0.020 0.018 0.012 0.025 0.012 0.021 0.006 0.023 0.028 0.015 0.015 0.021 0.022 0.013 0.027 0.011 0.014 0.019 0.022 0.017
0.006 -0.244 0.062 0.061 0.054 0.069 0.031 0.060 0.058 -0.050 0.059 0.062 0.065 0.046 0.056 0.084 0.067 0.054 0.062 0.023 1.069 0.045 0.034 0.061 0.053 0.069 0.047 0.062 0.065 0.068 0.059 0.056 0.043 0.065 0.050 0.060 0.043 0.062 0.061 0.052 0.053 0.059 0.060 0.050 0.055 0.049 0.052 0.057 0.061 0.056
0.006 -0.174 0.044 0.038 0.032 0.050 0.011 0.042 0.043 -0.039 0.043 0.041 0.045 0.026 0.045 0.071 0.048 0.035 0.045 0.008 0.045 1.038 0.029 0.049 0.042 0.056 0.039 0.050 0.052 0.055 0.047 0.045 0.035 0.052 0.040 0.048 0.034 0.050 0.050 0.042 0.043 0.047 0.048 0.040 0.045 0.039 0.042 0.046 0.048 0.045
0.003 -0.117 0.029 0.005 -0.006 0.035 -0.089 0.033 0.033 0.028 0.029 0.017 0.015 -0.013 0.037 0.067 0.036 0.036 0.033 0.007 0.034 0.029 1.035 0.114 0.110 0.102 0.129 0.097 0.098 0.102 0.102 0.091 0.118 0.098 0.086 0.095 0.096 0.096 0.131 0.107 0.088 0.106 0.107 0.096 0.133 0.098 0.091 0.092 0.098 0.092
0.005 -0.230 0.058 0.050 0.041 0.064 -0.019 0.059 0.057 -0.024 0.057 0.053 0.058 0.033 0.057 0.087 0.064 0.054 0.060 0.023 0.061 0.049 0.114 1.071 0.040 0.080 -0.007 0.072 0.076 0.078 0.060 0.066 0.007 0.075 0.060 0.070 0.037 0.072 0.028 0.041 0.064 0.054 0.058 0.052 0.009 0.046 0.060 0.068 0.068 0.065
0.005 -0.198 0.050 0.040 0.032 0.056 -0.019 0.050 0.050 -0.023 0.049 0.045 0.050 0.026 0.051 0.079 0.055 0.046 0.052 0.016 0.053 0.042 0.110 0.040 1.056 0.004 0.017 -0.005 -0.002 0.004 -0.005 -0.014 -0.002 -0.002 -0.023 -0.008 -0.021 -0.006 0.020 -0.007 -0.018 -0.002 0.000 -0.016 0.019 -0.015 -0.018 -0.013 -0.006 -0.014
0.006 -0.269 0.068 0.068 0.059 0.075 0.026 0.067 0.064 -0.047 0.065 0.068 0.071 0.051 0.060 0.090 0.073 0.061 0.069 0.029 0.069 0.056 0.102 0.080 0.004 1.090 0.173 0.064 0.066 0.072 0.071 0.057 0.108 0.066 0.050 0.063 0.061 0.063 0.125 0.078 0.053 0.078 0.077 0.062 0.150 0.064 0.054 0.058 0.067 0.058
0.002 -0.163 0.042 0.009 -0.007 0.047 -0.151 0.048 0.046 0.075 0.039 0.023 0.013 -0.021 0.047 0.083 0.051 0.059 0.045 0.025 0.047 0.039 0.129 -0.007 0.017 0.173 1.105 0.159 0.163 0.169 0.155 0.150 0.130 0.163 0.141 0.155 0.137 0.160 0.154 0.147 0.146 0.155 0.160 0.145 0.129 0.144 0.147 0.152 0.157 0.149
0.006 -0.244 0.061 0.061 0.054 0.069 0.030 0.060 0.058 -0.050 0.059 0.062 0.064 0.046 0.056 0.084 0.067 0.054 0.062 0.023 0.062 0.050 0.097 0.072 -0.005 0.064 0.159 1.089 0.083 0.087 0.078 0.074 0.072 0.083 0.068 0.079 0.064 0.081 0.090 0.074 0.071 0.079 0.081 0.070 0.091 0.069 0.071 0.075 0.079 0.074
0.006 -0.254 0.064 0.064 0.056 0.071 0.030 0.063 0.060 -0.050 0.062 0.065 0.067 0.048 0.058 0.087 0.069 0.057 0.065 0.026 0.065 0.052 0.098 0.076 -0.002 0.066 0.163 0.083 1.095 0.086 0.074 0.073 0.046 0.082 0.067 0.077 0.056 0.080 0.067 0.064 0.070 0.073 0.075 0.065 0.052 0.062 0.068 0.074 0.077 0.073
0.006 -0.266 0.067 0.066 0.058 0.074 0.024 0.066 0.064 -0.045 0.064 0.067 0.070 0.049 0.060 0.090 0.073 0.061 0.068 0.029 0.068 0.055 0.102 0.078 0.004 0.072 0.169 0.087 0.086 1.102 0.087 0.086 0.057 0.097 0.079 0.091 0.067 0.093 0.080 0.076 0.083 0.086 0.088 0.078 0.065 0.075 0.081 0.088 0.091 0.086
0.006 -0.227 0.057 0.054 0.046 0.064 0.012 0.056 0.055 -0.041 0.056 0.056 0.059 0.039 0.055 0.083 0.063 0.050 0.058 0.020 0.059 0.047 0.102 0.060 -0.005 0.071 0.155 0.078 0.074 0.087 1.080 0.059 0.043 0.069 0.052 0.064 0.045 0.066 0.064 0.055 0.056 0.062 0.065 0.053 0.052 0.051 0.055 0.061 0.064 0.058
0.006 -0.222 0.055 0.056 0.049 0.063 0.036 0.054 0.052 -0.053 0.054 0.057 0.059 0.042 0.052 0.079 0.060 0.047 0.057 0.018 0.056 0.045 0.091 0.066 -0.014 0.057 0.150 0.074 0.073 0.086 0.059 1.079 0.120 0.118 0.104 0.114 0.100 0.115 0.135 0.109 0.107 0.114 0.115 0.105 0.153 0.104 0.106 0.111 0.114 0.109
0.004 -0.153 0.039 0.019 0.008 0.044 -0.072 0.041 0.041 0.011 0.038 0.028 0.031 0.002 0.043 0.074 0.045 0.042 0.042 0.012 0.043 0.035 0.118 0.007 -0.002 0.108 0.130 0.072 0.046 0.057 0.043 0.120 1.064 0.030 0.016 0.026 0.022 0.027 0.066 0.034 0.019 0.035 0.035 0.024 0.080 0.025 0.020 0.023 0.028 0.022
0.006 -0.252 0.064 0.064 0.056 0.071 0.030 0.063 0.060 -0.049 0.061 0.064 0.067 0.048 0.057 0.086 0.069 0.056 0.064 0.025 0.065 0.052 0.098 0.075 -0.002 0.066 0.163 0.083 0.082 0.097 0.069 0.118 0.030 1.097 0.106 0.116 0.087 0.117 0.083 0.093 0.109 0.104 0.107 0.099 0.061 0.095 0.106 0.113 0.114 0.111
0.006 -0.200 0.050 0.050 0.045 0.058 0.041 0.048 0.047 -0.057 0.049 0.052 0.053 0.038 0.048 0.073 0.054 0.040 0.051 0.012 0.050 0.040 0.086 0.060 -0.023 0.050 0.141 0.068 0.067 0.079 0.052 0.104 0.016 0.106 1.072 0.110 0.084 0.112 0.072 0.086 0.106 0.096 0.098 0.095 0.051 0.090 0.102 0.109 0.108 0.107
0.006 -0.237 0.060 0.059 0.052 0.067 0.030 0.058 0.056 -0.051 0.058 0.061 0.063 0.045 0.055 0.083 0.065 0.052 0.061 0.021 0.060 0.048 0.095 0.070 -0.008 0.063 0.155 0.079 0.077 0.091 0.064 0.114 0.026 0.116 0.110 1.090 0.057 0.066 0.088 0.068 0.059 0.071 0.072 0.061 0.086 0.061 0.058 0.062 0.067 0.061
0.005 -0.164 0.041 0.035 0.029 0.048 0.012 0.040 0.040 -0.038 0.041 0.039 0.042 0.024 0.043 0.068 0.045 0.033 0.043 0.006 0.043 0.034 0.096 0.037 -0.021 0.061 0.137 0.064 0.056 0.067 0.045 0.100 0.022 0.087 0.084 0.057 1.056 0.072 0.060 0.061 0.068 0.067 0.068 0.063 0.050 0.060 0.065 0.070 0.071 0.069
0.006 -0.243 0.061 0.061 0.053 0.068 0.032 0.060 0.058 -0.050 0.059 0.062 0.064 0.046 0.056 0.084 0.066 0.053 0.062 0.023 0.062 0.050 0.096 0.072 -0.006 0.063 0.160 0.081 0.080 0.093 0.066 0.115 0.027 0.117 0.112 0.066 0.072 1.094 0.066 0.058 0.061 0.064 0.065 0.057 0.061 0.055 0.059 0.064 0.067 0.063
0.004 -0.222 0.057 0.037 0.024 0.062 -0.087 0.060 0.058 0.015 0.055 0.046 0.051 0.017 0.056 0.092 0.064 0.062 0.059 0.028 0.061 0.050 0.131 0.028 0.020 0.125 0.154 0.090 0.067 0.080 0.064 0.135 0.066 0.083 0.072 0.088 0.060 0.066 1.099 0.106 0.121 0.114 0.113 0.111 0.116 0.106 0.115 0.122 0.121 0.121
0.005 -0.197 0.050 0.041 0.033 0.056 -0.013 0.050 0.049 -0.028 0.049 0.046 0.050 0.027 0.050 0.078 0.055 0.045 0.052 0.015 0.052 0.042 0.107 0.041 -0.007 0.078 0.147 0.074 0.064 0.076 0.055 0.109 0.034 0.093 0.086 0.068 0.061 0.058 0.106 1.071 0.084 0.086 0.085 0.082 0.084 0.080 0.082 0.085 0.087 0.085
0.006 -0.212 0.053 0.053 0.047 0.061 0.039 0.051 0.050 -0.056 0.052 0.055 0.056 0.041 0.050 0.076 0.058 0.044 0.054 0.015 0.053 0.043 0.088 0.064 -0.018 0.053 0.146 0.071 0.070 0.083 0.056 0.107 0.019 0.109 0.106 0.059 0.068 0.061 0.121 0.084 1.082 0.003 0.008 0.014 -0.188 0.001 0.037 0.048 0.039 0.044
0.005 -0.224 0.057 0.050 0.042 0.063 -0.004 0.057 0.055 -0.033 0.055 0.054 0.058 0.035 0.055 0.084 0.062 0.051 0.058 0.021 0.059 0.047 0.106 0.054 -0.002 0.078 0.155 0.079 0.073 0.086 0.062 0.114 0.035 0.104 0.096 0.071 0.067 0.064 0.114 0.086 0.003 1.090 0.092 0.083 0.102 0.082 0.082 0.086 0.091 0.086
0.006 -0.230 0.058 0.053 0.044 0.064 0.001 0.058 0.056 -0.034 0.056 0.055 0.059 0.037 0.055 0.084 0.064 0.052 0.059 0.022 0.060 0.048 0.107 0.058 0.000 0.077 0.160 0.081 0.075 0.088 0.065 0.115 0.035 0.107 0.098 0.072 0.068 0.065 0.113 0.085 0.008 0.092 1.092 0.091 0.115 0.090 0.087 0.091 0.096 0.091
0.006 -0.197 0.049 0.046 0.039 0.056 0.018 0.048 0.047 -0.044 0.048 0.048 0.051 0.033 0.049 0.075 0.054 0.041 0.051 0.013 0.050 0.040 0.096 0.052 -0.016 0.062 0.145 0.070 0.065 0.078 0.053 0.105 0.024 0.099 0.095 0.061 0.063 0.057 0.111 0.082 0.014 0.083 0.091 1.076 0.079 0.070 0.071 0.075 0.078 0.075
0.003 -0.193 0.050 0.023 0.008 0.054 -0.125 0.055 0.052 0.047 0.047 0.034 0.033 -0.002 0.052 0.089 0.058 0.062 0.053 0.027 0.055 0.045 0.133 0.009 0.019 0.150 0.129 0.091 0.052 0.065 0.052 0.153 0.080 0.061 0.051 0.086 0.050 0.061 0.116 0.084 -0.188 0.102 0.115 0.079 1.169 0.091 0.071 0.064 0.067 0.063
0.006 -0.187 0.047 0.042 0.035 0.054 0.012 0.046 0.046 -0.039 0.046 0.045 0.048 0.029 0.047 0.073 0.051 0.039 0.049 0.011 0.049 0.039 0.098 0.046 -0.015 0.064 0.144 0.069 0.062 0.075 0.051 0.104 0.025 0.095 0.090 0.061 0.060 0.055 0.106 0.080 0.001 0.082 0.090 0.070 0.091 1.072 0.078 0.078 0.078 0.077
0.006 -0.204 0.051 0.051 0.044 0.059 0.037 0.049 0.048 -0.052 0.050 0.052 0.054 0.038 0.049 0.075 0.055 0.042 0.052 0.014 0.052 0.042 0.091 0.060 -0.018 0.054 0.147 0.071 0.068 0.081 0.055 0.106 0.020 0.106 0.102 0.058 0.065 0.059 0.115 0.082 0.037 0.082 0.087 0.071 0.071 0.078 1.080 0.064 0.064 0.063
0.006 -0.226 0.057 0.057 0.050 0.064 0.036 0.055 0.053 -0.053 0.055 0.058 0.060 0.043 0.053 0.079 0.061 0.048 0.058 0.019 0.057 0.046 0.092 0.068 -0.013 0.058 0.152 0.075 0.074 0.088 0.061 0.111 0.023 0.113 0.109 0.062 0.070 0.064 0.122 0.085 0.048 0.086 0.091 0.075 0.064 0.078 0.064 1.090 0.076 0.075
0.006 -0.237 0.060 0.058 0.051 0.067 0.023 0.059 0.057 -0.047 0.058 0.060 0.062 0.043 0.056 0.084 0.065 0.052 0.061 0.022 0.061 0.048 0.098 0.068 -0.006 0.067 0.157 0.079 0.077 0.091 0.064 0.114 0.028 0.114 0.108 0.067 0.071 0.067 0.121 0.087 0.039 0.091 0.096 0.078 0.067 0.078 0.064 0.076 1.096 0.085
0.006 -0.220 0.055 0.055 0.049 0.063 0.034 0.054 0.052 -0.053 0.054 0.057 0.058 0.041 0.052 0.078 0.060 0.046 0.056 0.017 0.056 0.045 0.092 0.065 -0.014 0.058 0.149 0.074 0.073 0.086 0.058 0.109 0.022 0.111 0.107 0.061 0.069 0.063 0.121 0.085 0.044 0.086 0.091 0.075 0.063 0.077 0.063 0.075 0.085 1.087
