0.00000 -0.00000 -0.00000 -0.12097 -0.44096 -0.00000 0.74199 -0.00000 -0.00000 -0.00064 0.00000 -0.00000 0.00459 0.00048 -0.00000 -0.00000 -0.00000 0.00000 0.00000 -0.00000 0.00000 0.00088 -0.01973 -0.00007 -0.00550 0.00306 0.00199 0.02590 -0.00000 -0.00000 0.00000 4.79635 0.00101 0.00000 -0.00000 0.00000 -0.00005 -0.00029 -0.00049 0.00025 -0.00000 0.00000 -0.00026 0.00000 0.00000 -0.00000 0.00000 0.00000 0.00000 0.00000
-0.02888 0.00000 -0.00000 -0.16714 0.15070 -0.00062 -0.61574 -0.00000 -0.00000 -0.62092 0.22879 0.51614 -0.11927 0.47576 0.49092 -0.05083 0.00000 -0.00000 -0.00000 0.00000 0.00000 0.08658 1.16891 0.12521 -0.00083 -0.19071 -0.27913 0.39407 -0.00000 0.00000 0.00000 0.01719 -0.00468 -0.00015 -0.27825 0.01882 -0.00095 -0.00042 -0.32424 -0.01879 0.04651 0.17635 -0.14809 0.00000 -0.33459 -0.13577 0.00000 -0.00000 -0.00000 0.00000
-0.01431 -0.02432 0.00000 -0.02586 0.03840 -0.00212 -0.02093 0.00500 -0.00000 -0.02243 0.01824 0.03786 -0.02910 0.03330 0.02860 -0.02261 -0.00041 0.00390 0.00113 0.00031 0.00006 0.01741 0.01992 0.02394 0.00079 -0.02309 -0.01113 0.02755 -0.00015 -0.00000 0.00006 0.00006 -0.00714 -0.00061 -0.02585 0.01812 -0.00001 -0.00111 -0.01922 -0.00360 0.00668 0.01501 -0.02434 0.01254 -0.00948 -0.02449 0.00012 0.00000 0.00073 0.00000
0.00000 -0.00000 -0.00000 0.00000 0.00000 -0.00000 0.00000 0.00000 -0.00000 -0.01181 0.00000 0.00000 -0.34270 0.01358 -0.00000 -0.00000 0.00000 -0.00000 0.00000 0.00000 0.00000 0.00000 0.00000 0.00007 0.00000 -0.08825 0.10146 -1.06736 -0.00000 0.00000 0.00000 -0.00000 -0.01383 0.00000 0.00000 -0.00000 -0.00002 -0.00250 -0.00041 0.00000 0.00000 0.00000 -0.00014 -0.00000 0.00000 0.00000 -0.00000 0.00000 0.00000 0.00000
-0.00000 -0.00000 -0.00000 1.19959 0.00000 -0.00000 0.00000 0.00000 -0.00000 -0.00160 0.00000 0.00000 -0.03809 0.00129 -0.00000 0.00000 0.00000 -0.00000 0.00000 0.00000 0.00000 0.00000 0.00000 -0.00000 -0.00000 -0.01356 0.01712 -0.25624 -0.00000 0.00000 0.00000 -0.00000 -0.00334 -0.00000 0.00000 0.00000 0.00000 -0.00036 -0.00001 0.00018 0.00000 0.00000 -0.00005 0.00000 0.00000 0.00000 -0.00000 -0.00000 0.00000 0.00000
-0.08325 0.00000 -0.00000 0.00042 0.01043 -0.00000 0.04898 -0.00000 -0.00000 -0.00003 -0.83061 0.00000 -0.00001 0.00000 0.00000 0.00000 -0.00000 -0.00000 -0.00000 0.00000 0.00000 0.00013 0.00014 0.00000 0.00004 -0.00000 0.00003 -0.00000 -0.00000 0.00000 0.00000 -0.02833 -0.00017 -0.00000 0.00000 -0.00000 0.00000 0.00000 0.00000 -0.00000 0.56245 0.00000 0.00000 -0.00000 -0.60395 -0.00000 0.00000 -0.00000 0.00000 0.00000
0.00000 -0.00000 -0.00000 0.09584 0.39860 -0.00000 -0.00000 -0.00000 -0.00000 -0.01214 -0.00000 -0.00000 0.00553 0.00194 -0.00000 0.00002 0.00000 -0.00000 -0.00000 -0.00000 0.00000 0.00515 -0.08818 -0.00073 -0.10565 0.04349 0.01660 0.00884 -0.00000 0.00000 0.00000 -4.22074 0.02064 0.00000 -0.00000 0.00011 -0.00075 -0.00025 -0.00391 0.00004 -0.00000 0.00000 -0.00476 0.00000 0.00000 -0.00002 -0.00000 0.00000 -0.00000 -0.00000
-0.02913 -0.03475 0.00002 -0.03499 0.06166 -0.00072 -0.02503 0.00000 -0.00000 -0.02703 0.03852 0.05006 -0.05959 0.03637 0.03433 -0.01479 0.01625 0.00990 0.00133 0.00010 0.00015 0.02567 0.02624 0.02522 -0.00030 -0.03443 -0.01410 0.05589 -0.00000 -0.00000 0.00013 -0.00003 -0.00285 -0.00127 -0.02693 0.02689 -0.00056 -0.00008 -0.01598 -0.00114 0.01314 0.02103 -0.03522 0.00006 -0.02255 -0.01201 -0.00039 -0.00008 0.00066 -0.00000
-0.03442 -0.03474 0.01137 -0.02855 0.07257 -0.00041 -0.02552 0.01281 -0.00000 -0.03003 0.04413 0.05960 -0.05086 0.04258 0.04353 -0.02469 0.01319 0.00103 0.00663 -0.00008 0.02024 0.01992 0.02047 0.02340 -0.00082 -0.03351 -0.02967 0.03212 -0.00000 0.00226 0.02766 0.02077 -0.00381 -0.00262 -0.03609 0.03034 -0.00016 -0.00007 -0.03388 -0.01524 0.00183 -0.43926 -0.03878 0.02566 -0.02485 -0.02778 -0.00003 -0.00000 0.00000 0.00002
-0.00000 -0.00000 -0.00000 0.00000 0.00000 -0.00000 0.00000 -0.00000 -0.00000 0.00000 -0.00000 -0.00082 -0.00000 0.00000 0.00000 -0.00049 0.00000 -0.00000 -0.00000 0.00000 -0.00000 -0.00000 0.00000 -0.04527 -0.00000 0.00000 -0.00000 -0.00000 -0.00000 0.00000 0.00000 -0.00000 0.29971 0.00000 -0.00014 -0.00001 -0.07098 1.48800 0.00083 0.13206 0.00000 0.00000 0.36684 0.00000 0.00000 0.00069 -0.00000 0.00000 -0.00000 0.00000
0.18791 0.00000 0.00000 -0.01030 -0.01986 -0.00000 -0.11495 -0.00000 -0.00000 0.00012 0.00000 0.00000 0.00026 0.00004 -0.00000 0.00000 0.00000 -0.00000 -0.00000 0.00000 0.00000 0.00000 -0.00050 -0.00000 0.00076 0.00049 -0.00026 0.00248 -0.00000 -0.00000 0.00000 0.38266 0.00038 0.00000 -0.00000 0.00000 -0.00000 0.00004 -0.00000 0.00003 -1.26886 0.00000 -0.00000 0.00000 1.25805 -0.00000 0.00000 -0.00000 0.00000 0.00000
-0.00000 -0.00000 -0.00000 -0.00000 -0.00000 -0.00977 -0.00003 -0.00000 -0.00000 -0.00000 0.00138 0.00000 0.00000 0.00000 -0.09215 -0.00000 -0.00000 -0.00000 -0.00000 0.00000 0.00000 -0.00000 0.00000 0.00000 0.00000 -0.00000 0.00000 0.00000 -0.00000 0.00000 0.00000 0.00004 -0.00000 1.18814 0.19353 -0.00000 0.16234 0.00000 0.00000 -0.00000 -0.00045 0.00000 0.00000 -0.00000 -0.00007 -0.00000 0.00000 -0.00000 0.00000 -0.00000
0.00000 0.00000 0.00000 -0.00000 -0.00000 -0.00000 -0.00000 0.00000 -0.00000 0.13023 0.00000 0.00000 0.00000 -0.35747 -0.00000 0.00007 0.00000 -0.00000 -0.00000 -0.00000 -0.00000 0.17340 0.00000 -0.00125 0.00000 2.16947 0.85641 0.00000 -0.00000 0.00000 0.00000 0.00000 0.05245 -0.00000 0.00000 0.00054 0.00042 0.10189 0.00031 -0.00121 -0.00000 0.00000 0.01332 0.00000 -0.00000 0.00025 -0.00000 -0.00000 0.00000 -0.00000
-0.00000 -0.00000 -0.00000 0.00000 0.00000 -0.00000 0.00000 0.00000 -0.00000 0.67887 -0.00000 0.00044 -0.00000 0.00000 0.00000 -0.00317 0.00000 0.00000 0.00000 0.00000 0.00000 -0.00000 0.00000 0.15744 -0.00000 0.00000 0.00000 -0.00000 -0.00000 -0.00000 0.00000 -0.00000 0.02317 0.00003 -0.00000 -0.02332 -0.00139 -2.47863 0.02037 -0.00372 0.00000 0.00000 -0.69526 0.00000 0.00000 -0.00030 -0.00000 0.00000 -0.00000 0.00000
-0.01462 -0.00000 -0.00000 0.00021 0.00116 0.87473 0.00842 -0.00000 -0.00000 -0.00000 -0.22212 0.00000 -0.00000 0.00000 0.00000 0.00000 0.00000 -0.00000 -0.00000 0.00000 0.00000 -0.00003 0.00000 -0.00000 0.00000 -0.00000 -0.00000 -0.00000 -0.00000 0.00000 0.00000 -0.00303 0.00001 -0.00000 -0.00000 0.00000 0.00000 -0.00000 -0.00000 -0.00000 0.05577 0.00000 0.00000 0.00000 -0.05958 0.00000 -0.00000 -0.00000 0.00000 -0.00000
-0.00000 0.00000 -0.00000 0.00000 -0.00000 0.00043 -0.00000 0.00000 -0.00000 0.00000 -0.00011 -1.11991 0.00000 0.00000 0.01388 0.00000 0.00000 -0.00000 -0.00000 -0.00000 0.00000 -0.00000 0.00000 0.00000 -0.00000 0.00000 0.00000 0.00000 -0.00000 -0.00000 0.00000 0.00000 0.00000 -0.28681 -0.03225 0.00000 -0.06561 -0.00000 -0.00000 0.00000 -0.00000 0.00000 0.00000 -0.00000 -0.00007 -0.00000 -0.00000 -0.00000 0.00000 -0.00000
-0.02921 -0.04770 0.00014 -0.03668 0.07158 -0.00238 -0.02832 -0.00000 -0.00000 -0.01301 0.03935 0.05008 -0.05365 0.02958 0.03848 -0.02618 -0.00000 -0.00000 0.00000 0.00000 0.00000 0.01973 0.03132 0.02399 -0.00212 -0.03024 -0.02888 0.04331 -0.00000 -0.00000 0.00000 0.03001 -0.00964 -0.00082 -0.02254 0.02110 -0.00078 -0.00020 -0.02800 -0.00094 0.00780 0.01356 -0.04793 0.02916 -0.02495 -0.00907 -0.00000 0.00002 0.00000 -0.00000
-0.01795 -0.07908 0.00019 -0.02425 0.03459 -0.00460 -0.05048 0.00000 0.00117 -0.00128 0.03353 0.08050 -0.02598 0.03594 0.03353 -0.01759 0.02412 -0.00000 0.03067 0.04053 -0.00000 0.00649 -0.12971 0.01084 0.05061 -0.04656 -0.05100 0.03946 0.00217 0.00078 0.00000 0.02407 -0.13204 -0.00003 -0.01455 0.00549 -0.01137 -0.00043 -0.02472 -0.00047 0.00407 0.03204 -0.02786 0.03225 -0.01826 -0.00590 0.01932 0.01860 0.03021 -0.00056
-0.01259 -0.03834 -0.00007 -0.01001 0.03829 -0.01770 -0.02366 -0.00004 -0.00008 -0.01680 0.02501 0.06769 -0.04057 0.02268 0.05032 -0.02628 0.00998 0.00000 0.00000 -0.00000 -0.00000 0.01284 0.03284 0.03026 -0.00227 -0.04911 -0.02756 0.05708 0.00198 0.00819 -0.00000 -0.00028 -0.00459 -0.00094 -0.02291 0.02391 -0.00056 -0.00028 -0.02140 -0.00095 0.00641 0.01352 -0.02596 0.02396 -0.01874 -0.01046 -0.00000 0.00000 0.00009 0.00067
-0.01885 -0.15022 0.00004 -0.01633 0.07551 0.00015 -0.12840 -0.00024 0.00190 -0.01896 0.02399 0.15313 -0.04571 0.05339 0.05121 -0.09325 0.01430 -0.00000 0.00094 0.00000 0.00004 0.04117 -0.15961 -0.00115 0.01857 -0.04234 -0.05356 0.07365 0.02955 0.02440 0.00011 -0.00065 -0.16570 -0.00090 -0.02193 -0.00012 -0.01396 -0.00022 -0.00031 -0.00041 0.16146 0.04467 -0.02451 0.04593 -0.00038 -0.02145 0.02292 0.01557 0.02894 0.04217
-0.05066 -0.06195 0.00359 -0.05443 0.08378 -0.01129 -0.04005 -0.00024 -0.00000 -0.02585 0.07074 0.06621 -0.07178 0.03904 0.05615 -0.02538 0.01205 0.01848 0.00817 0.00022 0.00000 0.03676 0.05390 0.03076 -0.00301 -0.03426 -0.02400 0.05113 0.00000 0.00816 0.00000 0.00696 -0.00963 -0.00057 -0.03045 0.02594 -0.00056 -0.00005 -0.02998 -0.00108 0.01005 0.02059 -0.03606 0.02560 -0.04228 -0.02443 0.00027 -0.00000 0.00147 0.00000
-0.00000 -0.00000 -0.00000 -0.00000 -0.00000 -0.00000 -0.00000 -0.00000 -0.00000 0.17887 -0.00000 0.00068 0.00000 -0.06901 -0.00000 -0.00426 -0.00000 -0.00000 -0.00000 0.00000 0.00000 -0.00000 0.00000 0.03880 0.00000 -0.00000 0.00000 0.00000 -0.00000 0.00000 0.00000 -0.00000 -0.09002 0.00021 0.00003 -0.00052 -0.00116 -0.22922 -0.01108 -0.06170 -0.00000 0.00000 -0.13724 -0.00000 0.00000 -0.00178 -0.00000 -0.00000 -0.00000 -0.00000
0.00000 0.00000 -0.00000 -0.00042 0.03049 -0.00000 -0.00000 0.00000 -0.00000 0.07400 0.00000 -0.00014 -0.04123 0.01818 -0.00000 -0.00026 0.00000 -0.00000 -0.00000 -0.00000 -0.00000 -0.00081 0.00000 0.02234 -0.00000 -0.06531 -0.04801 -0.00310 -0.00000 0.00000 0.00000 0.01216 -0.23799 0.00000 0.00000 0.00526 -0.09467 -0.13237 -0.01795 -0.01060 -0.00000 -0.00000 -0.00978 0.00000 0.00000 -0.00152 0.00000 -0.00000 -0.00000 0.00000
-0.00000 0.00000 -0.00000 0.00000 -0.00000 -0.00000 0.00000 -0.00000 -0.00000 -0.00000 0.00000 0.03991 0.00000 0.00000 -0.00005 -0.32960 0.00000 -0.00000 -0.00000 0.00000 0.00000 -0.00000 0.00000 0.00000 -0.00000 0.00000 0.00000 -0.00000 -0.00000 -0.00000 0.00000 0.00000 0.00000 0.00298 0.00000 -1.50255 -0.00007 0.00000 0.00000 0.00000 -0.00000 -0.00000 0.00000 0.00000 0.00000 -0.03161 -0.00000 -0.00000 -0.00000 -0.00000
0.00000 0.00000 0.00036 -0.05056 0.06070 -0.00000 0.00000 0.00039 -0.00005 -0.15916 0.00000 0.00031 -0.07117 0.01993 -0.00000 -0.00051 0.00026 -0.00000 0.00009 -0.00000 0.00004 0.08074 -1.32133 0.01029 0.00000 -0.06669 -0.07758 0.06736 -0.00010 -0.00031 0.00000 0.10689 0.16482 0.00028 0.00012 0.00425 0.06823 0.01418 0.05393 -0.00770 0.00000 0.00000 0.18497 0.00007 0.00000 -0.00010 0.00022 0.00007 -0.00000 -0.00000
-0.00000 0.00000 0.00000 -0.00000 -0.00000 -0.00000 -0.00000 -0.00000 -0.00000 0.09890 -0.00000 -0.00000 0.00000 -0.79763 -0.00000 0.00049 -0.00000 -0.00000 -0.00000 -0.00000 0.00000 -0.40214 0.00000 -0.01413 0.00000 0.00000 -0.00000 0.00000 -0.00000 -0.00000 0.00000 0.00000 0.12650 0.00000 0.00000 0.00282 -0.00065 0.75401 -0.01151 0.00705 -0.00000 -0.00000 0.04710 0.00000 -0.00000 0.00019 0.00000 -0.00000 0.00000 0.00000
0.00000 0.00000 -0.00000 -0.00000 -0.00000 -0.00000 -0.00000 -0.00000 0.00000 -0.11503 0.00000 0.00039 0.00000 -0.03050 -0.00000 -0.00029 0.00000 0.00000 0.00000 -0.00000 0.00000 -0.09537 0.00000 0.00712 0.00000 -1.41993 0.00000 0.00000 -0.00000 0.00000 0.00000 0.00000 -0.04322 0.00003 0.00000 -0.00000 0.00086 -0.08592 -0.02650 -0.04634 -0.00000 -0.00000 -0.10812 0.00000 -0.00000 -0.00183 -0.00000 -0.00000 -0.00000 -0.00000
-0.00000 0.00000 0.00000 -0.00000 -0.00000 -0.00000 -0.00000 -0.00000 -0.00000 0.08451 -0.00000 0.00000 1.48381 -0.01927 -0.00000 0.00008 -0.00000 -0.00000 -0.00000 0.00000 0.00000 0.00737 0.00000 -0.00035 0.00000 0.31396 -0.22048 0.00000 -0.00000 -0.00000 0.00000 -0.00000 0.07003 0.00000 -0.00000 0.00011 0.00008 0.02066 -0.00184 0.00000 -0.00000 -0.00000 0.00175 0.00000 -0.00000 0.00000 -0.00000 -0.00000 0.00000 -0.00000
-0.00930 -0.02114 0.00492 -0.01964 0.02980 -0.00212 -0.01418 0.01265 0.01470 -0.00833 0.01389 0.05162 -0.04581 0.02062 0.02006 -0.01712 0.01632 0.00021 0.00030 -0.00000 0.01948 0.01145 -0.00009 0.01857 0.00347 -0.02293 -0.03118 0.03353 -0.00000 0.01607 0.00031 0.00069 -0.00328 -0.00119 -0.01894 0.02012 -0.00040 -0.00036 -0.00185 -0.00147 0.01452 0.02577 -0.02771 0.02803 -0.01110 -0.00901 0.00005 -0.00000 0.00005 -0.00000
-0.01780 -0.03469 0.01980 -0.02633 0.03209 -0.00098 -0.02103 0.02297 0.00012 -0.01175 0.03729 0.05504 -0.04846 0.03153 0.02381 -0.01789 0.01202 0.00019 -0.00000 -0.00000 0.00002 0.01295 -0.00011 0.01277 0.00068 -0.02672 -0.03713 0.03597 -0.00000 0.00000 0.00001 0.00179 -0.00110 -0.00131 -0.03427 0.00401 0.00019 -0.00036 -0.02051 -0.00693 0.02760 0.01925 -0.03579 -0.26691 -0.03362 -0.01394 -0.00003 0.00002 -0.00012 -0.00025
-0.02705 -0.47216 0.00093 -0.11761 0.02909 -0.02158 -0.26245 0.00625 -0.00000 -0.32591 0.14363 0.26842 -0.06346 0.25072 0.20399 -0.03389 0.01785 0.02330 0.01221 -0.00007 0.02010 0.06923 0.35374 0.03122 -0.13916 -0.13058 -0.17630 0.19516 0.00102 0.00197 0.00000 0.35377 -0.00161 -0.00142 -0.10815 0.00238 0.09777 -0.00021 -0.12384 -0.00237 -0.02089 0.07713 -0.02020 0.02911 -0.04375 -0.05134 0.00023 0.00001 0.00104 -0.00000
-0.00000 -0.00000 -0.00000 -0.26416 -1.22123 0.00000 -0.00000 0.00000 -0.00000 -0.00000 0.00000 0.00000 0.00571 0.00000 -0.00000 0.00000 0.00000 -0.00000 -0.00000 0.00000 0.00000 0.00075 0.00000 -0.00000 0.00000 0.00016 -0.00278 0.02948 -0.00000 -0.00000 0.00000 0.00000 0.00000 -0.00000 0.00000 0.00000 0.00000 0.00015 -0.00000 -0.00000 -0.00000 -0.00000 -0.00000 -0.00000 -0.00000 -0.00000 0.00000 -0.00000 0.00000 0.00000
-0.00000 -0.00000 -0.00001 0.00000 0.00000 -0.00000 0.00000 -0.00000 -0.00000 0.00000 -0.00000 -0.00078 -0.00000 0.00000 -0.00000 -0.00053 -0.00000 0.00000 -0.00000 0.00000 -0.00000 0.00000 0.00000 -0.04176 0.00000 0.00000 -0.00000 -0.00000 -0.00002 0.00000 -0.00000 -0.00000 -0.00000 -0.00019 0.00012 0.01197 0.11685 0.47857 -0.05344 0.08766 -0.00000 0.00004 0.04109 0.00000 0.00000 0.00054 -0.00000 -0.00000 0.00002 0.00000
0.00000 0.00000 -0.00000 -0.00000 -0.00010 -0.07122 -0.00046 -0.00000 -0.00000 -0.00000 0.01836 0.00000 0.00000 0.00000 -0.56415 -0.00000 -0.00000 -0.00000 -0.00000 0.00000 -0.00000 -0.00000 0.00000 -0.00000 -0.00000 -0.00000 0.00000 0.00000 -0.00000 -0.00000 0.00000 0.00012 -0.00000 0.00000 0.93956 0.00000 -0.08758 0.00000 -0.00000 -0.00000 -0.00253 0.00000 -0.00000 0.00000 0.00057 -0.00000 -0.00000 -0.00000 0.00000 -0.00000
0.00150 0.00000 -0.00000 0.00000 -0.00006 -0.62622 -0.00895 -0.00000 -0.00000 -0.00000 0.13160 0.00000 0.00000 0.00000 -0.57622 0.00000 0.00000 -0.00000 0.00000 0.00000 0.00000 -0.00002 0.00014 -0.00000 0.00000 -0.00000 0.00000 0.00000 -0.00000 0.00000 0.00000 0.00456 -0.00000 0.00000 -0.00000 0.00000 0.00000 0.00000 -0.00000 -0.00000 -0.02926 0.00000 -0.00000 0.00000 -0.00769 0.00000 -0.00000 -0.00000 0.00000 -0.00000
-0.00000 -0.00000 -0.00000 0.00000 -0.00000 -0.00002 0.00000 0.00000 -0.00000 -0.00000 -0.00000 -0.19340 -0.00000 0.00000 0.00115 1.02583 0.00000 -0.00000 -0.00000 0.00000 0.00000 -0.00000 0.00000 -0.00000 0.00000 0.00000 -0.00000 -0.00000 -0.00000 0.00000 0.00000 -0.00000 -0.00000 -0.03515 -0.00376 0.00000 -0.00028 0.00000 0.00000 -0.00000 -0.00000 0.00000 -0.00000 -0.00000 -0.00000 0.47971 0.00000 -0.00000 0.00000 0.00000
-0.00003 0.00000 0.00003 0.00003 -0.00000 -0.00023 -0.00002 0.00005 -0.00000 0.00000 -0.00001 0.00000 0.00000 0.00000 -0.00652 0.00000 -0.00000 -0.00000 -0.00000 -0.00000 0.00003 -0.00000 0.00000 0.00000 -0.00000 -0.00000 0.00000 0.00000 -0.00007 0.00002 -0.00000 -0.00013 -0.00000 0.00000 0.02359 -0.00000 -0.00000 0.00000 0.00000 -0.00000 -0.00004 0.00000 0.00000 0.00000 -0.00036 0.00000 -0.00003 0.00000 0.00000 -0.00000
-0.00000 0.00000 -0.00000 -0.00000 -0.00000 -0.00000 0.00000 0.00000 -0.00000 0.00000 -0.00000 -0.00059 0.00000 0.00000 0.00000 0.00633 0.00000 -0.00000 -0.00000 0.00000 0.00000 -0.00000 0.00000 -0.35944 -0.00000 0.00000 -0.00000 0.00000 -0.00000 -0.00000 0.00000 -0.00000 0.00000 -0.00000 -0.00000 0.06106 -0.00078 0.00000 -0.03335 0.00000 -0.00000 0.00000 1.08255 0.00000 0.00000 0.00061 -0.00000 -0.00000 -0.00000 0.00000
-0.00000 -0.00000 -0.00000 0.00000 -0.00000 -0.00000 -0.00000 -0.00000 -0.00000 -0.00000 0.00000 -0.04875 -0.00000 0.00000 0.00093 0.19621 0.00000 -0.00000 0.00000 0.00000 0.00000 -0.00000 0.00000 0.93601 -0.00000 -0.00000 0.00000 -0.00000 -0.00000 0.00000 0.00000 0.00000 0.00000 -0.01315 -0.00196 0.74202 -0.01938 0.00000 0.00000 0.00000 0.00000 -0.00000 0.00000 0.00000 -0.00000 0.01810 -0.00000 -0.00000 0.00000 0.00000
-0.00000 -0.00000 0.00000 0.00001 0.00009 -0.00034 0.00073 0.00029 -0.00000 0.00000 -0.00022 0.07583 -0.00000 0.00000 0.00028 0.00384 0.00037 0.00000 0.00006 0.00000 0.00003 -0.00000 0.00000 -0.03930 -0.00000 0.00000 -0.00000 -0.00000 0.00003 0.00003 -0.00000 -0.00037 -0.00000 -0.01653 -0.00391 0.07524 -0.00285 0.16376 -0.03036 -0.00000 0.00021 -0.00000 0.03084 0.00011 0.00047 -0.00021 -0.00000 0.00022 -0.00000 0.00000
-0.98086 0.00000 0.00000 0.01552 0.23036 -0.00000 -0.17014 0.00000 -0.00000 0.00035 0.00000 0.00000 -0.00053 0.00008 -0.00000 0.00000 -0.00000 -0.00000 -0.00000 0.00000 0.00000 0.00004 -0.01340 -0.00000 0.00325 -0.00019 0.00126 -0.00277 -0.00000 0.00000 0.00000 -1.47439 -0.00069 -0.00000 0.00000 0.00000 -0.00000 0.00007 -0.00000 0.00006 0.00000 -0.00000 0.00000 0.00000 0.00000 0.00000 0.00000 -0.00000 -0.00000 -0.00000
-0.02745 -0.00000 -0.00000 -0.02495 0.05230 -0.00005 -0.00217 -0.00000 -0.00000 -0.00299 0.04304 0.04494 -0.04242 0.01644 0.02131 -0.02087 0.00000 0.00000 0.00000 0.00000 -0.00000 0.02742 -0.00059 0.01839 0.02403 -0.02827 -0.01929 0.03679 -0.00000 0.00000 -0.00000 -0.00068 -0.00911 -0.00555 -0.04108 0.01956 -0.00079 -0.00043 -0.02475 -0.00930 0.03036 0.00000 -0.02777 -0.00003 -0.02333 -0.01981 -0.00000 0.00000 0.00008 0.00000
-0.00000 0.00000 -0.00000 0.00000 -0.00000 -0.00000 -0.00000 0.00000 -0.00000 0.00000 -0.00000 -0.00586 0.00000 0.00000 0.00000 0.04963 0.00000 -0.00000 -0.00000 -0.00000 0.00000 0.00000 0.00000 -1.10847 -0.00000 -0.00000 0.00000 0.00000 -0.00000 -0.00000 0.00000 -0.00000 -0.00000 -0.00130 -0.00008 0.44700 -0.00041 0.00000 0.76081 0.00000 -0.00000 0.00000 0.00000 0.00000 0.00000 0.01069 0.00000 -0.00000 0.00000 0.00000
-0.01446 -0.02945 0.00000 -0.03050 0.05745 -0.00153 -0.02228 0.00000 -0.00000 -0.00734 0.01824 0.04031 -0.02767 0.02376 0.03056 -0.01836 0.00000 -0.00000 0.00000 0.00000 0.00000 0.01021 -0.00017 0.00498 0.00119 -0.02240 -0.02474 0.02327 -0.00000 0.00000 0.00000 0.00800 -0.00372 -0.00532 -0.02964 0.00702 -0.00108 0.00014 -0.01931 -0.00120 0.01057 0.00223 -0.02987 0.00000 -0.01159 -0.01937 0.00000 -0.00000 -0.00000 0.00000
1.48467 0.00000 0.00000 0.00001 0.00105 -0.00000 0.10793 -0.00000 -0.00000 -0.00013 0.00000 0.00000 0.00007 -0.00017 -0.00000 0.00000 0.00000 -0.00000 0.00000 -0.00000 0.00000 -0.00014 -0.01296 -0.00000 0.00031 0.00004 0.00037 0.00101 -0.00000 -0.00000 0.00000 -0.04218 0.00031 0.00000 -0.00000 0.00000 -0.00000 0.00027 -0.00008 0.00015 0.33386 -0.00000 -0.00005 0.00000 0.00000 -0.00000 0.00000 0.00000 0.00000 -0.00000
-0.00003 -0.00000 0.00000 0.00000 0.00000 0.00177 0.00016 0.00000 -0.00000 -0.00000 -0.00127 -0.55067 -0.00000 0.00000 0.02502 -0.41880 -0.00000 -0.00000 0.00000 0.00000 -0.00000 -0.00000 -0.00000 -0.00000 0.00000 -0.00000 0.00000 -0.00000 -0.00000 0.00000 0.00000 -0.00006 -0.00000 -0.28234 -0.06664 0.00000 -0.03883 0.00000 -0.00000 0.00000 0.00023 -0.00000 -0.00000 0.00000 0.00039 0.00000 -0.00000 -0.00002 0.00000 -0.00000
-0.04057 -0.04982 -0.00037 -0.03471 0.06815 -0.00000 -0.03225 0.00012 0.00948 -0.02572 0.05259 0.04235 -0.05395 0.03105 0.04376 -0.01260 -0.09163 0.00000 0.00838 -0.00000 0.00000 0.01961 0.01849 0.00948 0.00177 -0.03819 -0.03884 0.05591 0.00287 0.00683 0.00016 0.00079 -0.00470 -0.00626 -0.05155 0.01336 -0.00036 -0.00000 -0.03167 -0.00890 0.01650 0.01582 -0.05300 0.01716 -0.04186 -0.02919 -0.00000 0.02328 0.00000 0.00614
-0.01964 -0.03516 0.01109 -0.02570 0.05339 -0.00174 -0.02182 -0.00101 0.02599 -0.01584 0.02516 0.04456 -0.04894 0.03160 0.03451 -0.00471 0.00535 -0.00000 0.00746 -0.00000 0.00111 0.01864 0.00226 0.00549 -0.00080 -0.02314 -0.03064 0.03756 0.02005 0.00540 0.00026 -0.00064 -0.00000 -0.01866 -0.04707 0.02374 -0.00075 -0.00048 -0.02731 -0.00144 0.01278 0.00414 -0.02746 0.01796 -0.01334 -0.00315 0.00000 -0.00000 -0.00000 0.01232
-0.05397 -0.04619 0.00013 -0.04822 0.06704 -0.00017 -0.02977 -0.00000 0.00300 -0.02689 0.04921 0.20124 -0.04854 0.02940 0.06538 -0.01891 0.00162 -0.00000 0.00167 -0.00000 0.00017 0.02843 0.00387 0.00213 0.00026 -0.02999 -0.02996 0.05496 0.01244 0.00110 -0.00002 -0.00007 -0.00349 -0.39463 -0.11041 0.00247 -0.04156 -0.00093 -0.02190 -0.01223 0.01705 0.00074 -0.02872 0.02337 -0.03694 -0.00154 0.02707 0.01296 -0.00000 -0.00024
-0.01688 -0.07063 0.02286 -0.01571 0.03314 -0.00966 -0.04447 0.00680 0.00588 -0.00089 0.04352 0.05862 -0.03100 0.02222 0.01016 -0.01594 0.01083 0.00064 0.00006 -0.00000 0.01106 -0.18921 -0.00103 0.00280 -0.06536 -0.00597 -0.03476 0.02099 0.01480 0.00109 0.03114 -0.00033 -0.04436 -0.00663 -0.02580 0.00609 0.04888 -0.00076 -0.02121 -0.02755 0.01327 0.02076 -0.05212 0.01472 0.00127 -0.01998 0.00001 0.00000 0.00006 -0.00000
