0.00089 0.00020 -0.00469 -0.00090 -0.00037 0.01023 0.00067 1.00586 -0.00088 -0.42234 0.04070 0.00350 0.01445 0.65358 -0.00177 0.36134 -0.01833 0.02471 0.00126 -0.00036 -0.01090 -0.00122 -0.00111 0.00439 0.00578 0.44742 -0.00007 -0.00373 0.00042 0.00024
0.12038 -0.00145 0.00081 -0.00064 -0.00055 -0.00131 -0.00153 0.20105 0.48647 0.01280 0.02133 0.08680 -0.00205 0.13650 0.00045 0.17187 0.00235 0.09117 0.10209 0.00024 -0.00101 0.00006 1.21463 -0.00197 0.00060 0.11582 -0.00123 -0.00086 -0.00078 0.06976
0.00027 0.02533 -0.00055 -0.24965 0.00008 0.00322 0.00265 0.00445 0.00696 -0.00322 0.00320 0.01673 0.01171 0.00010 -0.19313 -0.00023 0.00224 0.00234 0.01435 -0.09787 0.00181 -0.07695 0.01465 0.00700 -2.17324 -0.00261 -0.22744 0.00530 0.00457 0.00839
0.01303 -0.12517 0.00039 0.00009 0.00051 -0.00068 0.00108 0.00474 -0.00522 0.00166 -0.00413 0.00998 0.00064 -0.00552 -0.00050 -0.01019 -0.00301 -0.00154 0.00904 0.00035 0.00095 -0.00059 -0.02346 0.00069 -0.00066 -0.00049 -2.07879 -0.57819 0.00047 0.02046
0.00963 -0.00076 0.63778 -0.11959 -0.00066 0.00049 0.00097 0.00043 -0.00019 -0.00052 -0.00117 -0.00403 0.00104 -0.00146 -0.15946 -0.00010 0.00040 0.00050 0.00332 -0.11688 0.00061 -0.15174 0.00144 0.00075 -1.36944 -0.00091 -0.18741 -0.01908 0.00015 0.00031
0.00050 -0.00087 0.24668 0.03100 0.23802 -0.00045 0.18402 -0.00174 -0.00123 0.00117 0.00105 -0.00269 0.28498 -0.00086 0.02291 0.00183 -0.00006 0.00040 -0.00219 -0.00487 1.17007 -0.03984 -0.00206 0.16483 0.11873 0.00053 0.01826 0.00176 0.12402 -0.00040
-0.00514 -0.01545 0.51419 -0.08142 0.70348 0.00132 0.00004 -0.00342 0.00340 -0.00081 0.00073 0.00501 0.00011 -0.00188 -0.09688 0.00056 -0.00147 0.00039 0.00104 -0.06361 -0.00030 -0.17031 0.00098 0.00033 -1.03373 -0.00249 -0.22076 -0.03852 0.00033 -0.00083
-0.00031 0.00096 -0.00211 0.00064 0.00243 0.01754 0.00682 -0.00039 0.00095 -0.28007 -0.12514 0.00067 0.00451 1.11108 -0.00155 0.60155 0.00478 0.37609 0.00013 -0.00139 0.00432 -0.00077 0.00169 0.00235 -0.00201 0.89405 -0.00066 0.00014 0.00305 -0.00120
0.43746 -0.00131 0.00085 -0.00042 -0.00174 -0.01428 -0.00342 0.39204 -0.00170 0.51970 0.21851 0.38531 -0.00951 0.56730 0.00074 0.72993 -0.00166 0.68425 0.38898 0.00039 -0.00341 -0.00053 -0.00194 -0.00764 0.00132 0.73105 0.00100 -0.00087 -0.00454 0.40684
0.00075 -0.00178 0.00534 0.00049 0.00532 0.15288 0.00826 -0.00081 -0.00176 0.00212 1.30866 -0.00117 -0.00388 -0.00050 0.00036 0.00104 0.50318 -0.00008 -0.00095 -0.00063 0.04807 -0.00329 -0.00182 0.00898 -0.00005 0.00012 0.00139 -0.00010 0.00411 0.00017
0.00018 -0.00150 0.02020 0.00272 0.01911 0.42409 0.01652 -0.00022 -0.00140 0.00119 0.00057 -0.00160 0.00844 -0.00038 0.00184 0.00166 1.29308 -0.00038 -0.00090 -0.00109 0.14148 -0.00808 -0.00157 0.00240 0.00752 0.00094 0.00068 -0.00023 0.01401 -0.00028
0.33002 -0.00074 -0.00199 -0.00081 -0.00166 0.02042 0.00563 0.37721 0.00085 -0.29075 -0.19395 0.00066 0.01265 0.22262 -0.00177 0.29798 0.01481 0.26744 0.23174 -0.00273 0.00216 -0.00321 0.00011 0.02092 -0.00367 0.06345 -0.00130 0.00065 0.01479 0.00433
0.02491 0.00743 0.21453 0.02492 0.32615 -0.00185 0.26358 0.00797 -0.00311 -0.00213 -0.00252 -0.00229 0.00101 0.00567 -0.04282 -0.00753 -0.00550 0.00053 -0.02984 -0.00975 -0.00059 -0.08375 -0.00178 0.31579 -0.92846 0.00097 -0.12774 -0.03077 0.33552 -0.00224
-0.00022 0.00101 -0.00174 0.00031 -0.00038 -0.00123 -0.00068 0.00013 0.00106 -0.75243 -0.08290 0.00057 0.00468 0.00055 -0.00100 0.82653 -0.03483 0.22832 0.00053 0.00052 -0.00375 0.00080 0.00149 0.00569 -0.00110 1.43832 -0.00058 0.00009 0.00075 -0.00033
-0.03574 -0.05145 0.00081 0.86047 -0.00021 0.00085 0.00022 0.02548 -0.01310 0.00023 -0.00019 -0.01266 0.00126 0.01147 -0.00079 0.00046 0.00247 -0.00086 -0.02086 0.00098 -0.00068 0.00065 -0.01603 0.00078 -0.00025 -0.00102 -1.34482 -0.33762 0.00008 -0.03115
0.00009 0.00081 -0.00319 0.00027 -0.00153 -0.02442 -0.00151 0.00045 0.00116 -0.85408 -0.09546 0.00018 0.00445 0.00074 -0.00149 -0.00160 -0.13668 1.12156 0.00076 -0.00002 -0.01091 -0.00039 0.00212 0.00269 -0.00036 -0.00067 0.00025 0.00105 0.00355 -0.00178
0.00012 -0.00108 0.07885 0.00740 0.07771 1.29571 0.08374 -0.00058 -0.00109 0.00109 0.00104 -0.00205 0.06225 0.00012 0.00515 0.00214 0.00003 0.00013 -0.00124 -0.00192 0.52297 -0.01440 -0.00161 0.07873 0.03399 0.00120 0.00381 -0.00020 0.07251 -0.00022
0.00109 0.00304 0.00143 -0.00148 -0.00343 -0.04574 -0.00364 0.00044 0.00156 -2.60179 -0.44799 0.00179 0.01439 0.00111 0.00040 -0.00089 -0.15784 0.00090 0.00015 0.00133 -0.00963 0.00174 0.00166 0.00956 -0.00242 -0.00008 -0.00104 0.00155 0.00389 -0.00079
0.65969 0.00505 -0.00320 0.00363 -0.00035 -0.10113 0.01286 0.83760 0.00097 -0.26469 -0.17700 0.00259 -0.02098 0.61565 -0.00202 0.21670 -0.04696 0.10873 0.00140 0.00276 0.05116 -0.00514 0.00346 0.03211 -0.00672 0.23192 -0.00158 0.00304 0.02181 -0.00549
0.00433 -0.06768 0.00076 0.50266 0.00036 0.00150 0.00046 0.00141 -0.00931 -0.00187 0.00392 -0.02942 0.00161 0.00237 0.99717 -0.00684 0.00334 0.00143 -0.00574 0.00006 0.00019 0.00057 -0.00940 0.00134 -0.00012 0.00209 -1.10828 -0.35236 0.00057 0.01087
-0.00124 0.00109 0.67416 0.12031 0.71136 -0.00018 0.60392 -0.00178 -0.00115 0.00116 0.00011 -0.00374 0.35769 -0.00151 0.07919 0.00092 -0.00018 -0.00051 -0.00272 -0.02651 -0.00016 -0.12998 -0.00036 0.51406 0.42952 0.00009 0.06757 0.01251 0.59081 -0.00103
-0.00961 -0.08885 0.00071 0.37103 0.00048 -0.00012 0.00042 0.00630 -0.00946 0.00168 -0.01060 -0.00434 0.00156 0.00528 0.60161 0.00198 0.00192 0.00169 0.00426 0.56544 0.00057 0.00026 -0.01689 0.00121 -0.00028 -0.00145 -0.88697 -0.18060 0.00036 -0.00793
0.24620 -0.00139 0.00051 -0.00020 -0.00035 -0.00154 -0.00168 0.39385 1.15815 0.12024 0.06723 0.19068 -0.00291 0.37524 0.00079 0.39673 0.00638 0.30470 0.22975 0.00016 -0.00054 0.00001 -0.00199 -0.00302 0.00273 0.40099 -0.00083 -0.00091 -0.00165 0.18827
-0.00434 -0.01306 0.26139 -0.03362 0.42017 -0.00025 0.44886 -0.00135 0.00006 -0.00111 0.00479 -0.00202 -0.00025 0.00242 0.07995 -0.00246 -0.00027 0.00206 -0.00598 -0.02150 -0.00005 -0.16584 -0.00490 0.00110 -0.73532 -0.00402 -0.21722 -0.07527 0.23932 -0.00520
-0.01071 0.00855 -0.00016 0.72045 0.00001 -0.00085 -0.00082 -0.00124 -0.00026 0.00168 -0.00297 -0.01685 -0.00170 -0.00042 0.77313 0.00276 -0.00173 -0.00103 -0.01035 0.76368 -0.00029 0.73402 0.00136 -0.00154 0.00014 0.00255 0.58920 0.08787 -0.00044 -0.00435
-0.00001 0.00097 -0.00008 0.00108 0.00112 0.00971 0.00320 0.00033 0.00166 -0.36038 -0.19644 0.00072 -0.00033 0.00073 0.00022 1.22390 -0.03332 0.57692 0.00096 -0.00063 -0.00032 -0.00093 0.00208 -0.00104 -0.00195 0.00008 0.00040 0.00075 0.00099 0.00054
0.01714 0.46154 -0.00012 -0.00088 0.00031 -0.00078 -0.00038 0.01813 0.04409 0.00037 0.00346 0.03124 -0.00120 0.01426 0.00020 0.01206 0.00025 0.00376 0.00834 -0.00033 -0.00033 -0.00003 0.14552 -0.00127 0.00000 0.01503 -0.00097 1.46558 0.00007 0.00057
0.05445 1.32643 0.00036 -0.00098 0.00073 -0.00165 -0.00109 0.09726 0.16039 -0.00004 0.00517 0.02859 -0.00146 0.04982 0.00027 0.04361 0.00004 0.02377 0.03575 -0.00021 -0.00066 -0.00001 0.48308 -0.00159 -0.00002 0.04690 -0.00132 -0.00076 -0.00030 0.01906
-0.00718 0.00059 0.29054 -0.14810 0.57964 0.00004 0.43435 -0.00038 -0.00002 -0.00201 0.00231 0.00457 0.00042 0.00422 -0.11380 -0.00131 0.00162 0.00147 0.00237 -0.02440 -0.00048 -0.17000 -0.00443 0.00151 -0.95283 -0.00091 -0.25035 -0.02572 -0.00005 -0.00616
0.01761 -0.00033 0.00041 -0.00101 0.00077 0.04954 0.00466 0.09049 0.00270 -0.93022 -0.14454 0.14375 0.00022 -0.02104 -0.00019 0.16835 0.03717 -0.27260 0.18419 0.00164 0.01413 0.00067 0.00124 0.02337 -0.00068 0.38607 -0.00137 0.00061 0.00163 0.00091
