0.00000 0.00000 0.00000 0.00000 -0.40860 0.00000 0.00000 0.00000 0.00000 0.00000
0.00000 0.00000 0.00000 0.00000 0.00000 0.00000 0.00000 0.00000 0.00000 0.00000
0.00000 0.00000 0.00000 -0.38245 0.00000 0.38779 0.00000 0.00000 0.00000 0.00000
0.00000 0.50132 0.00000 0.00000 0.00000 0.00000 -1.56155 0.00000 0.00000 0.00000
0.00000 0.98098 0.00000 0.00000 0.00000 0.00000 0.00000 0.00000 0.00000 0.00000
0.00000 0.00000 0.00000 -0.59529 0.00000 0.00000 0.64711 0.00000 0.00000 0.00000
-0.47418 0.39853 0.00000 0.00000 0.74163 0.00000 0.00000 0.00000 0.31369 -1.42703
0.50136 0.00000 0.41385 0.00000 0.00000 0.53317 0.00000 0.00000 -1.02387 0.00000
-0.33166 0.00000 -0.34937 0.00000 0.00000 -0.38403 0.00000 0.00000 0.00000 0.00000
0.00000 0.00000 0.00000 0.00000 0.00000 0.00000 0.00000 0.00000 -0.30393 0.00000
