0.00000 -0.00647 0.00054 -0.00209 -0.00232 0.00134 -0.00028 -0.00061 0.00198 0.00587
-0.00130 0.00000 -0.00069 0.00000 0.00000 -0.06324 -0.00001 -0.00001 0.01446 -0.00000
0.00108 0.01123 0.00000 0.00016 0.00051 -0.00226 -0.00141 -0.00155 0.00037 0.00039
-0.00122 0.26913 -0.00508 -0.00000 0.03529 0.08938 -0.34025 0.00001 0.00941 0.18000
-0.00120 0.95511 -0.01145 0.00008 0.00000 -0.22147 -0.00001 -0.00003 0.00179 -0.00000
-0.00032 -0.00001 -0.00214 -0.00000 -0.00001 -0.00000 0.00000 0.00000 0.01520 -0.00000
-0.00054 0.16736 0.00056 0.00000 0.25290 0.15746 -0.00000 -0.00000 0.05277 -0.97219
-0.00325 0.30408 -0.00037 -0.14955 0.13866 0.12217 0.35264 -0.00000 -0.18930 -0.56184
0.00225 -0.00083 0.00141 0.00035 -0.00227 -0.00004 -0.00009 0.00000 0.00000 0.00011
0.00135 -0.17852 -0.00079 -0.00001 -0.22399 -0.07320 0.00000 0.00000 -0.03683 0.00000
