0.00000 -0.00004 0.00000 -0.00000 -0.00025 0.00001 0.00000 0.01374 -0.00004 0.00013 -0.00001 -0.00152 -0.00008 0.22827 0.00623 -0.00021 0.01778 1.48353 -0.06636 0.00274
-0.01102 0.00000 0.00000 -0.02558 -2.67493 0.00003 0.01375 -0.95553 0.37975 0.00969 -0.11357 0.00360 0.03641 -0.58813 0.00620 -0.01268 0.46623 0.06305 1.70503 -0.02280
0.00255 -0.22301 0.00000 -0.00196 0.01411 -0.00311 0.00252 0.00790 -0.07959 0.00718 -0.05684 0.00081 0.00974 0.00018 0.00065 -0.04264 0.00339 0.00261 -0.01439 -0.00099
-2.06940 -0.00004 0.00028 0.00000 0.00002 -0.00393 -0.19371 -0.00286 -0.02660 -0.00273 0.13592 0.00062 -0.00851 -0.04990 -0.03132 -0.00009 -0.01913 -0.06977 0.15445 -0.02852
0.00452 -0.00000 -0.00000 0.00374 0.00000 0.01164 -0.00205 -0.06959 -0.46427 -0.00001 0.00154 0.00209 0.01252 0.94345 -0.19011 -0.01421 -0.00943 -0.01626 0.95786 -1.12903
-0.06306 0.00001 0.00002 0.00003 -0.00000 0.00000 -0.04948 0.02567 -0.00000 -0.00005 -0.00000 -0.00132 0.00001 -0.27240 -0.07122 -0.00002 0.00750 -1.70469 -0.59119 -0.02804
1.72260 -0.00011 0.00011 -0.00000 -0.00081 0.00005 0.00000 -0.04336 0.00038 -0.00020 0.00001 -0.00002 0.00011 1.50624 0.23681 0.00076 0.32808 0.02724 -0.45568 -0.57710
0.00037 -0.00000 0.00000 -0.00046 0.00000 0.00000 0.00001 0.00000 -0.00010 -0.00020 -0.00005 0.00025 0.00006 0.00005 -0.03362 -0.00022 0.00000 0.00022 -0.00001 0.00001
-0.00266 0.00000 -0.00000 0.00004 -0.00000 0.28061 -0.01657 0.01237 0.00000 0.00001 0.00057 0.00868 1.27751 -0.03587 0.05861 1.44252 0.02296 0.04131 0.00992 0.08939
0.00299 0.00007 0.00039 0.00073 0.03791 0.00220 -0.00868 -0.00010 -0.05730 0.00000 -0.07007 -0.00130 0.00192 0.01336 0.00182 -0.00614 0.00221 0.00988 0.00619 0.00379
-0.19139 -0.00001 0.00000 0.00001 -0.00067 0.25296 0.12067 0.01447 -0.00942 0.00003 0.00000 -0.00266 1.39219 -0.44173 0.56095 1.54293 -0.04447 0.02281 0.07687 -2.61067
0.00018 0.00037 0.00054 0.00345 0.00020 0.00022 -0.00145 0.00111 0.00039 -0.00121 -0.00062 0.00000 -0.00027 0.01694 0.00260 -0.00052 0.00104 -0.00041 0.00413 0.00040
-0.00195 0.00000 0.00001 -0.00000 0.00000 0.33512 -0.00327 -0.00062 -0.00000 -0.00003 -0.00000 0.00069 0.00000 -0.00645 0.00069 -0.00000 -0.00021 -0.00844 0.00813 -0.00072
0.00001 -0.00000 -0.00000 -0.00002 0.00000 0.00000 0.00000 0.10558 -0.00005 -0.00005 -0.00000 0.00021 -0.00006 0.00000 -0.01281 -0.00006 0.05912 0.00000 -0.93715 -0.02190
0.00020 0.00000 0.00001 -0.00001 -0.00001 -0.00002 0.00000 0.00004 0.00005 0.00007 0.00000 0.00017 0.00005 -0.00050 0.00000 0.00111 0.00002 0.00922 0.00031 0.00001
-0.00722 0.00000 0.00001 0.00003 -0.00001 -0.12627 -0.00338 -0.00489 -0.00000 0.00002 0.00000 -0.00079 -0.81097 -0.03036 0.00463 0.00000 -0.04117 0.59359 0.05224 0.02087
0.00015 -0.00000 0.00001 -0.00016 0.00000 0.00001 0.00000 0.83406 -0.00004 0.00009 -0.00004 -0.00063 0.00009 0.00005 0.03077 -0.00004 0.00000 0.00010 -0.00001 0.00001
-0.00000 0.00001 0.00003 -0.00000 -0.00004 0.00000 0.00000 0.01494 0.00000 0.00006 0.00001 -0.00139 -0.00001 0.08715 -0.00116 0.00000 0.03566 0.00000 -0.03612 0.00104
-0.00002 0.00000 -0.00000 0.00003 -0.00000 0.00000 -0.00000 -0.28636 0.00001 0.00005 0.00000 0.00048 -0.00001 -0.00000 -0.01691 0.00002 -0.17875 -0.00008 0.00000 0.00155
0.00648 0.00000 -0.00000 -0.00001 -0.00000 -0.00015 -0.00000 0.00286 0.00005 0.00000 0.00000 0.00013 0.00058 -0.00042 0.42964 0.00095 0.02966 0.01634 0.01005 0.00000
