0.00000 0.00000 0.00000 1.66638 0.00000 0.00000 0.00000 0.00000 0.88891 0.72647
0.00000 0.00000 0.00000 0.00000 0.00000 0.00000 0.00000 0.00000 0.00000 0.00000
1.24283 0.00000 0.00000 0.00000 -0.98915 0.00000 0.00000 0.00000 0.00000 0.00000
0.00000 0.00000 0.00000 0.00000 0.00000 0.00000 0.00000 0.00000 0.00000 1.71842
0.00000 0.00000 0.00000 -1.54038 0.00000 0.00000 0.00000 0.00000 0.00000 1.56185
0.00000 0.00000 0.00000 0.00000 0.00000 0.00000 0.00000 0.00000 0.00000 0.00000
0.00000 -1.71315 0.00000 0.00000 0.00000 0.00000 0.00000 0.00000 0.00000 0.00000
0.00000 0.00000 -1.46823 0.00000 0.00000 0.00000 1.07991 0.00000 0.00000 1.52636
0.00000 0.00000 0.00000 0.00000 0.00000 0.00000 0.00000 0.00000 0.00000 1.66306
0.00000 0.00000 0.00000 0.00000 0.00000 0.00000 0.00000 0.00000 0.00000 0.00000
