0.00019 -0.00195 0.00047 -0.00026 -0.03692 -0.94891 0.00239 0.00046 0.00089 0.00030 0.00062 0.00071 0.22741 0.00153 0.00097 0.00094 0.10041 -0.00117 1.34258 0.00032
-1.14121 0.00188 0.00235 0.00061 0.00401 0.07609 -0.00245 -0.00061 -0.00074 -0.00095 -0.00235 -0.00077 -0.01961 -0.00110 -0.00035 -2.69875 0.01908 0.00047 0.11647 -0.00051
-0.00044 0.00252 0.00015 -0.00533 0.00169 0.00027 -1.13483 -0.02873 -0.30614 -0.00031 -3.04726 0.42512 0.00015 0.00103 0.03315 -0.00115 0.00070 -0.00421 -0.00101 -0.01334
-0.00194 0.00216 0.00016 0.00089 0.00109 0.00022 -0.00158 -0.73938 -0.00064 0.02644 -0.00102 -0.00060 -0.00017 0.03856 -0.31978 -0.00337 -0.00015 -0.20528 -0.00079 -2.61671
-0.00036 0.00141 -1.69726 -0.02794 0.00140 0.00019 0.09039 -0.00217 -0.08507 -0.00075 0.43039 0.09969 -0.00019 -0.00275 0.00128 -0.00045 -0.00206 -0.00833 -0.00206 -0.01652
-0.00059 0.00181 0.00078 0.00027 0.21250 0.00020 -0.00219 -0.00172 -0.00352 -0.00030 0.00639 0.00361 -2.95821 -0.00136 -0.00060 -0.00023 -0.13607 -0.00000 -0.00158 -0.00012
0.00099 -0.00288 0.00028 -0.52287 -0.00097 0.00020 0.00145 0.11241 2.42032 0.00669 -0.00037 0.55856 0.00075 -0.00052 0.05955 0.00072 0.00115 -0.02676 0.00194 0.01881
-0.00772 0.05802 0.00117 0.00099 0.00044 -0.00328 -0.00165 -0.00068 -0.00083 -0.89269 -0.00083 -0.00030 -0.00049 0.21483 0.00416 -0.00765 0.00024 -1.70716 0.00346 -0.00065
0.00083 -0.00462 -0.00078 -0.99076 -0.00127 0.00026 0.00127 0.15124 0.00097 0.01787 0.00081 1.67389 0.00080 -0.00056 0.10922 0.00233 0.00110 -0.03095 0.00204 0.29588
0.20405 -0.78858 -0.00069 -0.00136 -0.00154 -0.00450 0.00140 0.00050 0.00087 0.00024 0.00030 0.00088 0.00429 1.55345 0.00071 0.16641 0.00003 -0.00029 0.05445 0.00026
0.00075 -0.00279 -0.00107 -0.28915 -0.00104 0.00035 2.55571 0.06070 1.10784 0.00393 0.00081 0.25767 0.00064 -0.00062 0.00254 0.00062 0.00080 -0.01674 0.00174 -0.03972
-0.00206 0.00144 0.00018 -2.37020 0.00115 0.00036 -0.00129 -0.35779 -0.00065 -0.00285 -0.00047 -0.00072 0.00010 0.02293 0.18161 -0.00212 -0.00001 -0.16024 -0.00136 -0.01521
0.00099 -0.00195 0.14564 -0.00099 -0.73556 -0.00022 0.00144 0.00145 0.00854 0.00120 -0.05708 0.00214 0.00043 0.00171 0.00011 0.00127 1.94462 -0.00031 0.00260 0.00030
0.20551 -1.93722 -0.00041 0.00101 0.00012 -0.11127 -0.00042 -0.00128 -0.00051 -0.00115 -0.00071 0.00036 -0.01014 -0.00084 0.00009 0.09050 0.01608 0.00000 0.16434 -0.00001
-0.03684 -0.09728 0.00095 0.00137 0.00103 -0.00191 -0.00130 1.16158 -0.00060 -0.66387 -0.00009 -0.00077 -0.00260 0.21255 -0.00070 -0.03240 -0.00044 -1.05249 -0.00110 -0.00067
2.39647 -0.00124 -0.00563 -0.00056 -0.03908 -0.43781 0.00193 0.00071 0.00164 0.00050 0.00170 0.00042 0.04661 0.00158 0.00037 0.00069 0.02896 -0.00178 0.65577 -0.00019
-0.00010 0.00172 0.62226 -0.00900 -1.73300 -0.00012 -0.01536 -0.00220 0.01855 -0.00077 -0.28135 0.05388 -0.00006 -0.00078 0.00435 -0.00066 -0.00052 -0.00040 -0.00165 -0.00426
0.06638 -0.35669 -0.00035 -0.00156 -0.00103 -0.01199 0.00171 -0.00001 0.00138 1.93811 0.00008 0.00172 0.00062 0.88202 0.00014 0.13679 0.00179 -0.00115 0.01612 0.00049
-0.00175 0.00170 0.01941 -0.00081 -0.20333 -2.10023 -0.00882 -0.00172 -0.00012 -0.00126 -0.01474 0.00391 0.32300 -0.00133 0.00193 -0.00139 0.39350 -0.00056 -0.00193 -0.00145
0.00289 -0.03214 -0.00090 -0.00139 -0.00108 -0.00145 0.00155 1.36134 0.00096 -0.07535 0.00086 0.00072 0.00132 -0.07705 1.35004 0.00271 0.00070 -0.34018 -0.00009 0.00050
