0.00000 0.00000 -0.30296 0.00000 0.00000 0.00000 0.00000 0.00000 0.00000 0.00000
0.00000 0.00000 0.00000 0.00000 0.00000 0.00000 0.00000 0.00000 0.00000 0.00000
0.00000 0.00000 0.00000 0.38193 0.00000 0.91790 0.00000 0.00000 -0.33712 -0.70239
-0.31829 0.00000 0.00000 0.00000 0.00000 0.00000 0.34550 0.00000 0.00000 -1.01562
-0.60635 -0.80830 0.00000 0.00000 0.00000 0.00000 0.00000 0.00000 0.00000 -0.87576
0.00000 0.00000 0.00000 0.00000 0.00000 0.00000 0.00000 0.00000 -0.49861 0.00000
0.00000 0.00000 0.49068 0.00000 0.00000 0.00000 0.00000 0.00000 -0.47816 0.00000
0.00000 0.00000 0.00000 0.00000 0.00000 0.00000 0.00000 0.00000 0.00000 0.00000
0.49147 0.00000 0.00000 0.00000 -0.64172 0.00000 0.00000 -0.67470 0.00000 0.00000
0.00000 1.82914 0.00000 0.00000 0.00000 0.00000 0.00000 0.00000 0.00000 0.00000
