1.000 -0.008 0.143 0.130 0.087 0.059 0.143 -0.009 0.118 -0.001
-0.008 1.000 0.291 0.291 0.308 0.331 0.291 0.457 0.296 0.431
0.143 0.291 1.106 -0.381 -0.364 -0.357 -0.381 -0.256 -0.395 -0.319
0.130 0.291 -0.381 1.337 -0.314 -0.331 -0.275 -0.382 -0.291 -0.369
0.087 0.308 -0.364 -0.314 1.731 0.927 0.827 1.035 0.854 1.010
0.059 0.331 -0.357 -0.331 0.927 1.795 0.707 0.737 0.724 0.732
0.143 0.291 -0.381 -0.275 0.827 0.707 1.733 0.784 1.276 0.828
-0.009 0.457 -0.256 -0.382 1.035 0.737 0.784 1.933 0.955 1.447
0.118 0.296 -0.395 -0.291 0.854 0.724 1.276 0.955 2.067 -0.008
-0.001 0.431 -0.319 -0.369 1.010 0.732 0.828 1.447 -0.008 3.062
