0.00000 -0.00001 -0.65604 0.00001 0.00001 -0.04714 0.00267 0.00001 0.00001 -0.00012
0.23027 0.00000 0.37376 -0.00002 0.07092 -0.00757 -0.00025 0.72942 0.00020 0.00002
0.00000 -0.00002 -0.00001 0.00000 0.00003 -0.01249 0.00140 -0.00003 -0.00005 -0.00003
-0.31128 0.33814 -0.41109 0.00003 -0.20893 -0.03313 -0.01943 -0.81764 0.00024 -0.46069
0.81336 -0.00001 -0.02697 0.00000 0.00003 -0.00218 0.00117 -0.00002 0.00004 0.00006
0.00011 0.00013 -0.00034 0.00055 -0.00010 -0.00000 0.00020 0.00042 0.00008 -0.00023
0.00487 0.00179 0.00758 0.00043 -0.00299 -0.02195 -0.00001 0.00094 0.00003 0.00070
-0.39060 -0.00000 -0.50825 -0.00005 -0.26615 -0.02776 -0.00823 -0.00001 0.00004 -0.00027
-0.39399 -0.03812 -0.47028 -0.04673 -0.29578 -0.08575 -0.07402 -0.91952 0.00000 -0.03680
-0.06464 -0.28742 -0.01095 0.00000 -0.07827 -0.03679 -0.01887 0.02450 -0.00061 -0.00000
