-0.00044 0.00299 -0.00266 -0.00009 0.02702 0.00035 0.00113 -0.24091 0.00137 0.00018 0.02196 0.01326 0.00031 -0.00030 0.78823 0.27344 -0.11172 -0.00164 0.00018 -0.00980 0.00030 0.01864 -0.00223 -0.00163 0.00886 -0.04003 0.00495 0.00022 0.01816 0.02455
0.00286 -0.00072 0.00019 0.00495 -0.00111 -0.54193 -0.13516 0.00132 -1.93071 -0.00105 0.00051 0.00004 -0.01309 -0.01390 0.00069 -0.00114 0.00036 0.02954 0.00177 -0.00009 -0.03265 -0.00063 -0.30604 0.02757 -0.05612 0.00055 0.24923 0.02108 0.00011 0.00098
-0.00022 1.81245 -0.00024 -0.00703 -0.00103 -0.44389 0.01455 0.00604 -0.83791 0.00087 -0.00002 0.00007 0.00731 -0.00472 0.00033 -0.00029 0.00124 0.01333 0.00201 0.00132 -0.00647 0.00104 -0.01414 0.01315 -0.30141 0.00222 -0.13228 -0.01878 0.00101 -0.00358
0.30818 0.00122 0.00163 0.00023 0.03138 -0.00091 0.00023 -0.05733 -0.00027 -1.90738 -0.00096 -0.00155 -0.00009 0.00151 0.37918 -0.00145 -0.00488 0.00020 0.93464 0.00778 -0.00052 -0.02036 -0.00087 -0.00062 0.00555 -0.00133 0.00173 0.00027 -0.00673 -0.01519
-0.00028 0.00085 -0.00747 0.00003 -0.00059 -0.00236 0.00182 0.00059 0.00067 0.00047 -0.00740 0.02482 0.00049 0.00092 0.00120 -0.00118 -1.85885 -0.00102 0.00022 -0.28842 0.00089 -0.04206 -0.00508 -0.00043 0.01956 -0.76688 0.00075 0.00066 0.04902 0.05150
0.03472 -0.00018 0.00048 0.00999 -0.00085 -0.00066 0.63323 0.00841 0.00148 0.00059 0.00121 -0.00016 0.00087 -0.00717 -0.00058 0.00166 0.00060 0.04104 0.00063 -0.00004 0.31775 -0.00262 -1.00556 0.13809 0.00148 -0.00223 -2.00534 0.13127 0.00013 0.00147
-0.01194 0.00067 0.00012 0.04957 -0.00061 0.00006 -0.00122 -0.00404 -0.00253 0.01713 -0.00031 0.00014 -0.08148 0.31777 0.01263 0.00364 -0.00097 0.07588 0.00135 0.00073 1.43208 -0.00000 0.00132 0.37538 -0.00020 -0.00087 -0.00135 0.86393 -0.00033 -0.00058
-0.00012 -0.00521 -0.01181 -0.00007 -1.50845 -0.00004 0.00127 0.00065 0.00386 0.00076 0.03666 0.01097 0.00033 0.00078 0.00104 -0.00086 0.35023 -0.00093 0.00019 0.04383 0.00091 0.05855 -0.00247 -0.00035 0.00712 0.10345 0.00240 0.00082 0.04550 0.02005
0.00195 0.00100 0.00005 0.00408 0.00096 1.30478 0.10658 -0.00094 -0.00266 0.00201 -0.00052 0.00009 -0.00778 0.03586 -0.00050 0.00139 -0.00055 -0.01266 -0.00039 -0.00006 0.13658 0.00055 0.02246 0.05086 0.91813 -0.00026 -0.53596 0.07374 -0.00034 -0.00093
-0.15544 0.00083 -0.00151 -0.00029 0.01816 -0.00007 0.00136 0.31389 0.00182 0.00064 0.00668 0.00287 0.00052 0.00052 -0.64616 -0.22727 -0.05746 -0.00130 -1.71456 0.00115 0.00089 0.00838 -0.00157 -0.00035 0.00186 -0.01558 0.00158 0.00028 0.00616 0.01204
-0.00011 0.19233 0.43071 -0.00065 0.00047 0.10228 0.00185 -0.00079 -0.01953 -0.00049 -0.00051 1.34308 -0.00092 0.00043 -0.00083 0.00058 -0.00029 0.00062 0.00017 0.00045 0.00251 0.00017 0.14267 0.00061 -0.06400 -0.00053 -0.00562 -0.00035 0.66791 0.18821
-0.00052 0.44700 0.88928 -0.00004 0.00033 0.17018 -0.00833 -0.00095 0.00877 0.00100 -0.00044 0.00005 -0.00077 0.00160 -0.00077 0.00092 -0.00102 -0.00017 -0.00017 0.00080 -0.00295 0.00009 0.24954 -0.00257 -0.14073 0.00015 0.00815 0.00304 0.98367 0.42364
-0.02953 -0.00092 -0.00037 -1.35708 -0.01884 -0.00012 0.00123 0.16105 0.00214 0.30514 0.00020 0.00026 0.00049 0.00037 -0.22784 -0.07410 -0.00654 -0.00139 -0.63763 -0.00039 0.00071 0.00236 -0.00136 -0.00024 0.00029 0.00061 0.00152 0.00044 -0.00011 0.00444
0.20267 -0.00118 -0.00070 0.91951 0.02365 -0.00102 0.00155 -0.01336 0.00274 -0.57596 -0.00745 0.00108 -1.73020 0.00081 0.09708 0.02492 0.00296 -0.00237 0.26722 0.00359 0.00174 -0.00093 -0.00152 -0.00046 0.00063 0.00556 0.00068 -0.00083 -0.00058 0.00649
0.00091 0.00098 0.00181 0.00048 0.54151 0.00207 0.00005 -0.82279 0.00431 -0.00148 -0.02043 -0.00517 0.00003 0.00031 -0.00004 1.75560 -0.18322 -0.00037 0.00014 -0.05757 -0.00098 -0.02298 0.00037 -0.00094 0.00799 -0.12664 -0.00150 0.00223 -0.01508 0.00233
-0.00013 0.00732 -0.00887 -0.00029 0.95461 -0.00218 0.00194 -1.26317 0.00294 0.00074 0.01544 0.00671 0.00023 0.00075 0.00108 -0.00093 -0.57191 -0.00169 0.00011 -0.06116 0.00106 -0.00442 -0.00263 -0.00012 0.00994 -0.18142 -0.00173 0.00067 0.02530 0.00670
0.00061 0.02218 0.03070 0.00031 0.00056 0.01883 -0.00306 -0.00093 -0.00878 -0.00061 0.27452 0.13058 -0.00047 -0.00084 -0.00104 0.00049 -0.00052 0.00254 -0.00030 0.87827 -0.00048 0.39339 0.01741 0.00060 -0.01382 1.71467 0.01540 -0.00070 0.10502 0.00338
0.00842 0.00000 -0.00066 0.03641 0.00033 -0.00028 0.00155 0.10932 0.00222 -0.22065 -0.00360 0.00011 -0.42879 0.50265 -0.12724 -0.10462 -0.05345 -0.00147 -0.18104 -0.00320 0.00100 -0.00336 -0.00251 -0.00075 0.00089 -0.01453 0.00205 0.00053 0.00162 0.00251
0.66270 0.00077 -0.00062 0.00016 0.04130 -0.00044 -0.00133 -0.52805 -0.00232 -0.00076 0.00442 0.00112 -0.00031 -0.00091 1.48216 0.57509 0.02745 0.00159 -0.00009 0.02367 -0.00072 0.01069 0.00121 0.00039 -0.00145 0.04196 -0.00208 -0.00029 -0.00297 -0.00627
-0.00005 0.04448 0.16633 0.00097 0.00069 0.03068 -0.00017 -0.00054 -0.02409 -0.00054 0.73407 0.44528 -0.00108 -0.00164 -0.00089 0.00076 -0.00016 -0.00090 -0.00009 0.00043 -0.00082 1.56741 0.03671 0.00055 -0.04078 0.00021 -0.00737 -0.00335 0.24952 0.05612
-0.03464 0.00059 0.00049 0.09809 0.00054 -0.00015 -0.00078 -0.01193 -0.00275 0.03855 -0.00018 0.00007 -0.12910 0.55757 0.02740 0.00395 0.00032 0.16110 -0.01685 0.00104 -0.00082 -0.00019 0.00120 0.59926 -0.00014 -0.00057 -0.00152 1.40439 -0.00024 -0.00092
0.00034 0.11270 0.28229 0.00013 0.00078 0.06072 0.00092 -0.00059 -0.02508 -0.00034 1.46849 0.76363 -0.00063 -0.00043 -0.00120 0.00136 0.00004 0.00028 0.00011 0.00097 0.00058 0.00027 0.07675 0.00015 -0.05427 -0.00060 0.00122 0.00024 0.42860 0.10865
0.03271 -0.00067 -0.00007 0.00163 -0.00053 0.00007 -1.24571 0.00176 0.00257 -0.00070 0.00034 -0.00046 0.01617 -0.07617 -0.00167 -0.00292 0.00095 0.00252 -0.00385 -0.00070 -0.58041 0.00010 -0.00082 0.11448 0.00033 0.00061 0.00166 -0.18580 -0.00005 0.00178
-0.00898 -0.00251 -0.00036 0.41083 -0.00262 -0.00142 0.00005 -0.01164 0.00152 -0.17634 0.00135 0.00181 -0.62381 1.29823 0.09402 -0.05002 0.01193 0.57708 0.11620 -0.00684 -0.00206 -0.01608 -0.00331 -0.00115 0.00542 -0.00333 0.00084 -0.00004 0.00169 -0.00143
-0.01020 -0.00043 -0.00012 -0.02479 0.00117 0.93111 0.04802 0.00615 0.00183 -0.00553 0.00048 0.00012 -0.04945 -0.08455 0.00072 0.00035 -0.00014 -0.06014 -0.00086 -0.00027 0.05906 -0.00039 -0.26868 0.05883 0.00013 0.00104 -0.54675 0.04028 0.00033 0.00159
0.00052 0.05266 0.12383 -0.00007 0.00063 0.01660 -0.00181 -0.00078 -0.01447 -0.00080 0.47301 0.25288 -0.00019 -0.00100 -0.00109 0.00031 -0.00063 0.00115 -0.00035 1.54737 -0.00142 0.87211 0.02119 0.00115 -0.02257 -0.00057 -0.00067 -0.00036 0.14119 0.02508
-0.01748 -0.00073 -0.00003 -0.02402 0.00026 -0.00005 -1.08299 0.00129 0.00243 -0.00784 0.00062 -0.00031 0.03600 -0.09872 -0.00324 -0.00169 -0.00000 -0.02624 -0.00920 -0.00059 -0.57775 0.00031 1.06824 -0.06404 0.00051 0.00038 0.00099 -0.33231 -0.00008 0.00028
-0.06077 0.00095 -0.00025 0.15524 0.00138 -0.00003 -0.00099 -0.02247 -0.00280 0.06853 -0.00037 0.00042 -0.15962 0.93772 0.03937 0.02079 0.00119 0.28022 0.01031 0.00052 -0.00061 0.00164 0.00116 1.04217 -0.00021 -0.00161 -0.00130 -0.00050 -0.00020 -0.00196
-0.00559 0.72721 1.45842 -0.00045 -0.00092 -0.11172 -0.02866 0.00207 -0.33541 -0.00181 -0.00230 0.00042 0.00232 0.00049 -0.00077 0.00058 0.00095 0.00783 -0.00137 -0.00119 -0.01705 0.00135 0.02406 -0.00825 -0.15108 0.00082 0.05770 0.01690 -0.00030 -0.00101
-0.00576 -0.09985 0.16840 -0.00603 -0.00005 -0.16167 -0.04865 0.00229 -0.38726 -0.00676 0.00041 -0.00011 -0.01334 -0.03654 0.00091 -0.00005 0.00006 -0.03694 -0.00021 -0.00063 -0.01423 -0.00005 -0.26246 0.03685 -0.07833 0.00079 -0.05966 -0.00104 0.40029 0.00078
