-0.00227 -0.00646 -0.00005 0.00366 0.00459 -0.00308 -0.00357 0.00980 0.00683 0.00089
0.32523 -0.00321 -0.00338 -0.00483 0.06957 -0.01744 -0.01391 0.12509 -0.10456 0.01423
0.00026 0.19559 -0.00261 0.07422 -0.13314 -0.13208 0.73277 0.69492 0.89549 0.15829
-0.09548 -0.05375 -0.00002 -0.00067 -0.06301 0.00207 0.00087 0.00032 0.04337 0.00033
-0.15901 0.01646 0.00342 -0.02018 -0.00090 0.00166 0.00052 -0.00043 -0.00964 0.00182
0.18613 0.04310 -0.00069 -0.28128 -1.13507 -0.00165 0.00007 -0.00140 0.00534 -0.00017
0.26320 0.04814 -0.00145 -0.05087 -1.08446 -0.91707 0.00050 -1.06839 -0.91863 -0.67071
0.03444 0.00360 -0.00117 -0.06969 -0.34122 -0.29663 0.00122 -0.00028 0.00240 -0.00007
-0.21026 0.00295 -0.00210 0.00951 -0.14926 -0.12928 0.00085 -0.11861 -0.00099 -0.00284
0.48617 0.02204 0.00394 0.02436 -2.91685 -2.35959 0.00118 -0.42033 -0.45561 -0.00130
