-0.00000 0.00038 -0.12413 -0.00000 0.00000 -0.04157 -0.00000 0.32848 0.00002 -0.00000 -0.04882 -0.00000 -0.00019 -0.00000 0.00000 -0.02552 0.00001 0.00269 0.00000 0.00000 -0.00000 0.00000 -0.15515 -0.03610 -0.00000 0.00000 0.00000 0.03190 -0.00000 0.00000
-0.00025 0.00000 0.02394 0.00000 -0.00365 0.00417 -0.00000 -0.00056 0.00000 0.00000 -0.00000 -0.00096 -0.00274 0.00012 0.00000 -0.00002 -0.00000 -0.00000 -0.08492 -0.00000 -0.00823 -0.00000 0.00001 -0.00000 0.00000 0.00183 -0.00000 0.00014 -0.00000 0.00000
-0.00000 0.00000 -0.00000 -0.00001 0.00000 0.00765 -0.00004 -0.72481 0.00040 0.00035 0.00000 -0.00000 0.00113 -0.00000 0.00000 -0.00000 0.00029 -0.00000 0.00000 0.00015 -0.00000 -0.00000 0.00010 0.00000 0.00000 0.00000 0.00000 0.00788 0.00016 0.00008
-0.02440 0.01661 -0.00194 -0.00000 -0.66658 -0.00071 -0.00000 0.03000 -0.00003 -0.00000 -0.01316 0.05710 -0.00006 -0.03159 -0.05580 0.00074 0.00001 -0.00053 -0.00010 0.00000 0.01758 -0.00000 -0.03776 -0.01678 0.00028 0.00037 -0.00000 0.00036 0.00000 0.00043
-0.06450 -0.00000 -0.00554 -0.00000 0.00000 0.02786 0.00001 -0.00416 0.00000 0.00019 -0.00026 -0.12849 0.01656 0.00135 -0.03489 0.08126 0.00000 0.00096 0.00000 0.00000 -0.24756 0.00000 -0.05838 -0.00016 -0.00000 -0.01867 -0.00000 -0.01197 0.00000 0.00370
-0.00000 0.00031 0.00000 0.00000 -0.00000 -0.00000 -0.00159 -0.00000 0.00014 -0.00007 0.00846 0.00000 0.00090 0.00000 -0.00019 -0.00027 0.00000 0.00141 0.00000 -0.00007 0.00000 -0.00014 0.05486 0.00025 -0.00001 0.00000 -0.00000 0.06958 0.00056 0.00060
-0.01631 0.03145 0.00008 -0.01299 0.01338 0.00016 -0.00000 0.00042 0.01429 0.00040 -0.01515 -0.01996 -0.17382 0.00015 -0.00021 0.39274 0.00045 -0.01257 0.00038 0.00000 -0.00007 -0.00013 -0.00012 -0.04076 0.00039 0.00001 -0.00000 0.01290 -0.00000 0.02676
0.00000 0.00001 -0.00000 0.00000 -0.00000 -0.13467 0.00017 0.00000 0.00000 0.00013 -0.00013 -0.00000 -0.00038 -0.00000 0.00000 0.00000 0.00012 -0.00014 0.00000 0.00007 -0.00000 0.00000 -0.02323 -0.00000 0.00000 0.00000 0.00000 -0.22012 -0.00009 0.00000
-0.00406 0.02169 -0.00171 -0.01430 0.18464 -0.00029 -0.00000 0.00320 0.00000 0.00000 -0.01216 -0.00042 0.00046 -0.00036 -0.00000 -0.02817 0.00000 0.00042 0.00094 -0.00000 0.07234 -0.00000 -0.00227 -0.01434 -0.00000 0.01279 -0.00000 -0.00038 0.00000 0.02383
-0.02279 0.01901 -0.00074 -0.00669 0.00054 -0.00020 -0.00131 0.00061 0.01691 -0.00000 -0.00128 -0.01761 0.00084 0.00002 0.00038 -0.00036 0.00054 -0.00039 -0.00023 0.00026 0.00049 -0.00007 -0.01856 -0.00700 0.00114 0.01205 -0.00088 -0.00041 0.00034 0.01988
-0.00000 0.01619 0.00580 -0.00002 0.00002 0.00000 0.00000 -0.00091 -0.00003 0.00001 0.00000 -0.00000 0.00081 0.00000 0.00000 -0.00000 0.00007 -0.03057 -0.00006 0.00013 -0.00001 -0.00004 0.00000 0.36516 0.00006 0.00000 0.00000 0.00000 0.00027 0.00102
-1.49997 0.00092 -0.19714 0.00000 -0.00000 0.08845 -0.00000 0.35873 -0.00000 -0.00000 -0.06966 0.00000 0.00078 0.10825 -0.00000 0.00088 0.00000 -0.00005 -0.00000 -0.00000 0.00000 -0.00000 -0.31299 -0.04222 0.00000 0.00000 -0.00000 -0.01493 -0.00000 0.00000
0.00013 0.00041 -0.00151 -0.00000 0.00000 -0.00059 -0.00000 0.00021 0.00030 0.00045 -0.00007 -0.00243 0.00000 -0.00019 0.00000 -0.00000 0.00020 0.00000 -0.00000 0.00074 -0.00010 0.00000 -0.00145 -0.00006 0.00044 0.00001 -0.00004 -0.00003 0.00000 0.00000
-0.19626 0.00269 -0.00058 -0.00000 0.00000 0.03640 -0.00142 -0.15134 0.00011 0.00000 -0.01510 0.00000 0.00030 -0.00000 0.00000 -0.01150 0.00020 -0.00060 0.00000 0.00008 0.00000 0.00000 -0.08410 -0.01740 0.00000 0.00004 -0.00000 -0.14695 -0.00025 0.00051
-0.01583 0.01471 0.01179 0.00000 -0.00000 0.00275 -0.00102 0.00002 0.00009 0.00012 -0.03540 -0.05836 -0.03519 0.00014 -0.00000 -0.38838 0.00000 -0.27837 -0.00001 -0.00008 -0.00000 -0.00006 -0.00027 -0.19321 0.00000 0.00000 -0.00000 -0.00018 -0.00013 0.01054
-0.00000 -0.00118 -0.01963 -0.00000 0.00000 -0.00038 0.00000 0.00632 0.00000 0.00002 0.01576 0.00000 -0.13377 0.00000 -0.00000 0.00000 -0.00000 0.08866 0.00000 -0.00008 0.00000 -0.00000 -0.06721 0.04669 -0.00000 -0.00000 0.00000 0.00135 0.00015 0.00000
-0.00066 0.01221 -0.00304 -0.01889 0.00785 -0.00011 -0.00139 0.00349 0.02019 0.00113 -0.00228 -0.01581 0.00096 0.00013 -0.01216 -0.00084 -0.00000 0.00585 0.00017 0.00000 0.00092 0.00000 -0.00763 -0.00158 0.00030 0.01026 -0.00257 -0.00055 0.00077 0.01633
-0.00012 -0.32639 -0.00383 -0.00004 0.00017 -0.00040 0.00000 0.00021 0.00037 0.00012 0.00000 0.00000 0.01776 0.00000 -0.00000 0.00000 0.00012 0.00000 0.00376 -0.00001 0.00026 0.00000 -0.00000 0.00000 0.00000 -0.00001 -0.00010 -0.00000 0.00006 -0.00000
-0.00982 0.00000 -0.00479 -0.00070 0.38828 -0.00060 0.00026 0.01873 0.00041 0.00011 0.00059 0.00928 0.02311 0.00018 -0.00168 0.01330 0.00085 0.00000 -0.00000 0.00007 0.19982 0.00021 -0.00780 0.00050 0.00076 -0.09878 -0.00105 0.00000 0.00052 0.00047
-0.00075 0.01868 -0.00152 -0.01874 0.01463 0.00005 -0.00699 0.00150 0.01647 0.00045 -0.00060 -0.02026 0.00043 -0.00051 -0.00414 -0.00248 0.00115 0.00022 -0.00040 -0.00000 -0.00017 0.00044 -0.01374 -0.00089 0.00071 0.01374 -0.00032 -0.00004 0.00014 0.02441
-0.02581 0.00000 -0.00444 0.00000 -0.00000 -0.02103 -0.00125 0.05241 -0.00000 -0.00032 0.00091 0.09204 0.00465 -0.06327 -0.01743 0.03045 -0.00036 0.00017 -0.00000 -0.00024 -0.00000 -0.00013 -0.00187 0.00000 0.00000 0.00004 -0.00144 0.00462 -0.00000 0.00091
-0.00035 0.01572 -0.00031 -0.00956 0.01082 -0.00012 -0.00163 0.00020 0.01316 0.00117 -0.00026 -0.03632 0.00000 -0.00372 0.00038 -0.12202 0.00064 0.15550 -0.00054 0.00037 -0.00011 -0.00000 -0.05079 -0.00970 0.00052 0.00000 -0.00235 -0.00026 -0.00059 -0.32102
-0.00000 0.00107 0.00003 -0.00000 0.00000 0.00000 -0.00000 -0.00000 0.00000 -0.00007 0.14591 -0.00000 0.00045 0.00000 0.00000 -0.00000 0.00000 -0.06368 -0.00000 -0.00000 -0.00000 -0.00000 0.00000 0.00358 0.00000 0.00000 0.00000 0.00000 0.00000 0.00000
-0.00000 -0.00295 0.15666 -0.00001 0.00022 -0.00000 -0.00000 -0.02569 -0.00000 -0.00011 0.00000 -0.00000 0.00381 0.00000 -0.00000 0.00000 0.00021 0.15826 0.00054 -0.00004 -0.00000 0.00000 0.00000 0.00000 0.00003 -0.00000 0.00000 0.00013 -0.00006 0.00000
-0.00613 0.02184 0.00012 -0.00043 -0.08846 0.00181 -0.00138 -0.00053 -0.15285 0.00082 -0.00016 -0.07455 0.00045 0.00015 -0.02283 -0.00006 0.00081 -0.00028 -0.00133 0.00033 -0.07741 -0.00094 -0.00008 -0.00404 -0.00000 0.00996 -0.00021 0.00138 -0.00010 0.03442
-0.01477 0.00006 0.00238 0.00001 -0.00000 0.00501 -0.00589 -0.00015 0.00000 0.00000 -0.01621 -0.04341 -0.00409 -0.00422 0.09520 -0.13960 -0.00000 -0.00671 -0.00000 -0.00000 -0.00644 -0.01683 0.03429 -0.05101 0.00001 -0.00000 -0.00000 0.02795 -0.00000 0.02736
-0.05576 0.01947 0.00110 -0.01526 0.00063 -0.01422 -0.00819 -0.00156 0.01725 0.00015 0.00047 -0.15983 0.00189 0.00068 -0.00213 -0.00221 -0.00005 -0.00109 -0.00078 0.00055 -0.00024 -0.00004 0.00054 -0.00044 0.00135 0.01531 -0.00000 0.00732 0.00015 0.03130
-0.00000 0.00020 0.00000 -0.00014 0.00001 -0.00000 -0.00000 -0.00000 0.00068 0.00000 0.00840 0.00000 0.00132 0.00000 -0.00056 0.00000 0.00045 0.00873 0.00004 0.00011 -0.00000 0.00000 0.68361 0.00018 0.00015 0.00000 0.00000 0.00000 -0.00000 0.00000
-0.00673 0.01610 0.00016 -0.01440 0.01407 0.00011 -0.00722 0.00002 0.02248 0.00160 -0.00098 -0.02206 0.19742 -0.00260 -0.00926 -0.00029 0.00030 0.00207 -0.00031 0.00002 0.00038 -0.00103 0.00750 -0.00982 0.00057 0.01187 -0.00000 0.02008 -0.00000 0.03862
-0.00476 0.02904 0.00010 -0.00092 0.00058 0.00068 -0.00000 -0.00083 0.00000 0.00000 -0.00048 -0.02773 0.06934 -0.00020 0.00000 0.14895 0.00000 -0.12516 0.00025 -0.00000 -0.00016 -0.00000 0.01414 -0.02521 0.00000 0.00000 0.00000 0.01684 0.00000 0.00000
