0.00000 0.00000 0.00000 0.00000 0.00000 0.00000 0.00000 0.00000 0.00000 0.00000
0.00000 0.00000 0.00000 0.00000 0.00000 0.00000 0.00000 0.00000 0.00000 0.00000
0.77028 0.67718 0.00000 0.00000 0.00000 1.02063 0.00000 0.36908 0.00000 0.00000
0.00000 0.00000 0.00000 0.00000 0.00000 0.00000 0.00000 1.65314 0.00000 -1.24538
0.00000 -1.01130 0.00000 0.00000 0.00000 1.11452 0.00000 2.04909 0.00000 -1.55118
0.00000 0.00000 0.00000 0.00000 0.00000 0.00000 0.00000 0.00000 0.00000 0.00000
-0.79057 0.00000 0.00000 1.46645 0.00000 0.00000 0.00000 0.00000 0.00000 0.00000
0.00000 0.00000 0.00000 0.00000 0.00000 0.00000 0.00000 0.00000 0.00000 -0.37392
1.64432 0.00000 -0.39897 0.00000 -1.38172 0.00000 0.00000 0.00000 0.00000 -0.65262
0.00000 1.96366 0.00000 0.00000 0.00000 0.00000 0.00000 0.00000 0.00000 0.00000
