0.00000 0.02159 0.00000 -0.05501 -0.00210 -0.00001 -0.00001 -0.00971 0.00001 0.01147
-0.00012 0.00000 -0.00000 -0.00001 -0.00000 0.00000 -0.00001 -0.00002 0.00003 0.00000
0.77048 0.67803 0.00000 -0.13821 -0.23623 1.02104 -0.29720 0.36893 -0.00004 -0.21897
-0.00001 0.00262 0.00000 0.00000 -0.00032 0.00002 0.00000 1.65418 0.00001 -1.24570
-0.01336 -1.01226 0.00000 0.00653 0.00000 1.11545 0.00582 2.05041 -0.00001 -1.55147
-0.01311 0.23858 0.00000 -0.04974 0.00000 0.00000 -0.04816 0.00632 -0.00003 -0.00509
-0.79171 0.04002 0.00000 1.46686 -0.00019 0.00002 0.00000 0.08110 0.00000 -0.01652
0.00008 -0.06600 0.00000 0.00000 0.00000 0.00009 0.00000 0.00000 -0.00001 -0.37498
1.64544 -0.04217 -0.39936 -0.08340 -1.38270 -0.02757 -0.22269 0.02822 0.00000 -0.65260
-0.00026 1.96449 -0.00001 -0.00000 -0.00000 -0.00015 -0.00001 -0.00002 0.00002 0.00000
