-0.00000 -0.05061 -0.74511 0.51183 -0.62810 -0.70565 -0.31152 0.30891 -0.94944 -1.07622
0.00000 -0.00000 -0.16970 -0.20115 0.00001 0.00002 -0.00001 -0.18243 0.00000 0.00000
-0.00000 -0.00000 -0.00000 -0.00000 -0.00002 -0.00006 0.00001 1.35130 -0.00004 0.00001
0.00001 -0.00000 0.09822 0.00000 0.00007 0.00081 0.00003 -0.05002 0.00005 0.00000
0.00000 0.00289 0.00890 0.03757 0.00000 -0.00000 2.66658 -0.60124 0.11995 -0.00003
-0.00000 -0.01764 -0.00858 -0.00390 -0.32341 -0.00000 -0.13488 2.20994 -0.15679 -0.00000
0.00000 -0.00159 -0.03886 -0.05063 0.00000 0.00000 0.00000 -0.30570 -0.10338 -0.00008
-0.00000 0.00007 0.00000 -0.00000 -0.00001 0.00000 0.00000 -0.00000 0.00000 0.00002
0.00000 0.81125 0.08962 0.16072 -0.00003 0.00001 0.00002 2.15363 0.00000 0.00000
-0.00000 0.00284 -0.24682 -0.28190 -0.05008 0.21633 -0.04278 -0.09819 -0.32347 -0.00000
