0.00000 -0.12195 0.08345 0.82700 -0.00005 -0.00139 -0.46803 -0.77851 -0.08852 -0.76344
-0.00000 0.00000 -0.00000 -0.07173 -0.00002 0.00000 -0.11954 0.00002 -0.00000 -0.00001
-0.00000 -0.12190 -0.00000 -0.18605 -0.00000 0.00000 -0.34371 0.00001 -0.00000 0.00006
0.00000 0.00008 0.00000 0.00000 -0.00002 0.00000 -0.05322 0.00002 0.00000 0.00000
-0.08699 -0.08098 0.33460 -0.05194 -0.00000 0.00002 1.87217 -1.62129 -0.00035 -0.00055
-0.00114 -0.16831 -0.42909 -0.34808 -0.08843 -0.00000 -0.54962 1.44707 0.00008 0.68939
-0.00000 -0.00000 -0.00000 0.00015 0.00000 -0.00000 -0.00000 0.00001 -0.00000 -0.00000
0.00000 0.08370 0.26380 0.08807 -0.00000 -0.00000 0.19247 -0.00000 -0.00000 0.00000
-0.00006 0.36846 -0.38021 -0.16319 -0.00083 -0.08672 -0.47042 1.14616 -0.00000 -0.01638
0.00000 -0.05116 0.04225 -0.19071 -0.00014 -0.00000 -0.14917 -0.28023 -0.00018 -0.00000
