0.00179 0.04605 -0.00508 -0.00155 0.04948 0.02582 0.00281 0.00999 0.00132 -0.01376 0.00090 0.00962 0.35840 0.00313 0.17534 0.01600 0.02820 0.00340 -0.00005 -0.01428
-0.02013 0.00027 -0.01414 -0.00440 -0.07153 -0.00100 -0.00991 0.01298 -0.00466 -0.02576 0.01069 0.15244 -0.00850 0.01065 -0.09010 -0.00135 0.01917 0.01088 0.00237 -0.01078
1.08279 -0.01129 -0.00060 0.00558 -0.06671 0.00076 -0.03773 0.00637 0.00374 -0.01393 0.00437 0.01593 -0.41468 -0.00250 -0.21796 0.00135 0.01539 -0.01115 -0.00650 -0.01137
-0.13773 0.04083 -0.09162 -0.00123 -0.01854 -0.00751 0.00929 -0.10041 -0.01561 -0.00890 0.00432 0.14895 -0.03440 0.03305 -0.04294 1.37667 0.07259 0.02527 0.01024 0.04260
0.00438 -0.00013 -0.01055 0.00323 0.00166 0.01477 -0.00155 0.00842 -0.00028 -0.01063 0.01627 0.02755 -0.00320 -0.00122 -0.01299 -0.00752 0.02114 0.02430 -0.00011 0.00551
-0.10190 -0.02434 -0.07836 -0.01189 -0.00300 0.00165 0.00677 0.06582 0.00942 0.00317 -0.00086 0.06012 0.01198 -0.00272 -0.07156 -0.06739 0.00086 0.01503 -0.00943 -0.05069
1.17902 0.53032 -0.02787 0.02324 -0.12978 -0.03621 -0.00130 0.10686 0.00227 -0.02214 -0.00311 0.04168 -0.46206 0.00143 0.96215 -0.57451 0.07116 0.00569 -0.00652 -0.28535
-0.15414 -0.02977 -0.08117 0.00061 -0.08356 0.00066 -0.00186 0.00072 0.01598 -0.00970 -0.00849 0.17549 -0.00306 0.00333 -0.18063 -0.00557 0.01480 0.00202 0.00078 -0.07470
-0.05102 -0.01787 -0.03719 -0.02873 0.82147 -0.00257 0.00688 0.05845 -0.00103 -0.01477 0.01135 0.11199 -0.01705 0.01493 -0.07014 -0.06225 0.05232 -0.00549 0.01157 -0.00007
-0.43885 -0.03180 -0.18586 0.00508 -0.13986 -0.00396 -0.04133 0.06956 0.00032 0.00075 0.00561 -0.91501 0.02646 0.01543 0.85094 -0.10085 0.08278 -0.00261 0.02154 0.00927
-0.22133 0.00520 -0.03856 -0.01624 0.00799 -0.01662 0.01801 0.04296 0.00872 -0.00200 0.00056 0.07766 0.45811 -0.00260 0.06151 -0.05463 0.03453 -0.00134 -0.00634 -0.02336
-0.27806 0.01122 -0.12145 -0.01352 -0.03768 0.00182 0.00711 0.01271 -0.00134 -0.00353 -0.01307 -0.00158 0.01885 0.00278 -0.32386 -0.03413 0.01269 0.00307 -0.00597 -0.01497
-0.00046 -0.03262 -0.00374 -0.00628 -0.03203 0.01222 -0.01207 0.01979 0.00477 -0.00949 0.00249 0.02042 0.00027 0.00329 -0.27182 -0.02491 0.03288 0.00214 0.00433 -0.04513
-0.20438 -0.02712 -0.10053 0.00286 -0.06456 -0.05117 -0.00316 0.11480 0.01517 0.00773 -0.00520 0.20238 0.00956 0.00015 -0.15800 -0.15028 -0.42560 0.01147 -0.01326 -0.01907
0.00884 0.00952 -0.00269 0.02075 0.02418 0.00693 0.00536 0.00694 0.00008 -0.00111 0.01359 0.00763 -0.00051 0.01024 0.00101 0.01827 0.01067 0.00203 0.00122 0.02728
-0.06440 0.20429 -0.02571 -0.00685 -0.04734 0.01060 -0.01302 -0.57533 -0.01017 -0.00358 0.00757 0.05341 0.01714 0.00414 -0.09119 0.00152 0.00864 0.00930 0.00173 0.52679
-0.10122 -0.01252 -0.00253 -0.00207 -0.01065 1.12299 0.00125 0.08715 0.00686 -0.00840 0.00411 0.18741 0.00574 0.00150 -0.15478 -0.09907 -0.00100 -0.00480 0.00322 0.01036
-0.27255 -0.00264 -0.11583 -0.00168 -0.04197 0.00475 0.03185 0.07315 -0.00305 0.00722 -0.00301 -0.45348 0.01179 0.00930 -0.23968 -0.07739 0.06223 0.00127 -0.01225 -0.05535
-0.13009 -0.06739 0.90552 0.03475 -0.06956 -0.89513 -0.03313 0.12518 0.00816 -0.00341 -0.01482 0.15030 -0.00513 0.00186 -0.18485 -0.12717 0.07578 -0.01223 -0.00146 -0.02207
-0.04892 -0.45440 -0.02266 -0.00101 -0.03719 -0.00295 -0.00527 0.00374 0.00578 0.01037 0.01571 0.10046 -0.00512 -0.00620 -0.04730 -0.00408 0.01819 0.01584 0.00075 0.00237
