-0.00000 0.00000 -0.00003 -0.00000 -0.00010 -0.00000 -0.00000 -0.00002 -0.00002 -0.00000 -0.00019 -0.00000 -0.00022 -0.00000 -0.00000 0.00000 -0.00000 -0.00007 0.00002 0.00000 -0.00000 -0.00003 -0.00006 -0.00000 -0.00000 0.00023 -0.00000 -0.00007 -0.00000 -0.00004 -0.00000 -0.00000 -0.00000 -0.00001 0.00000 -0.00000 -0.00000 -0.00000 -0.00000 -0.00000 0.00000 -0.00003 -0.00000 -0.00004 -0.00000 -0.00003 0.00195 0.00000 0.00000 0.00008
0.00000 0.52257 -0.00000 0.00000 -0.00000 0.00000 -0.00000 0.00000 0.00000 0.00000 0.00000 -0.00000 -0.00000 -0.00000 -0.00000 -0.00000 -0.00000 -0.00000 0.00000 0.00000 -0.00000 0.00000 0.00000 -0.00000 0.00000 0.06711 -0.00000 0.00000 0.00000 0.00000 0.00000 0.00000 -0.00000 0.00000 -0.00000 -0.00000 -0.00000 0.00000 -0.00000 0.00000 0.38622 -0.00000 -0.00000 -0.00000 0.21047 0.00000 0.04992 0.00000 0.32818 0.00000
-0.00006 0.00014 -0.00013 0.00000 0.00000 -0.00000 -0.00005 -0.00001 0.00000 -0.00000 -0.00000 -0.00000 -0.00003 -0.00000 -0.00000 0.00000 -0.00001 -0.00009 0.00002 -0.00010 -0.00002 -0.00006 -0.00000 -0.00000 -0.00000 0.00023 -0.00002 -0.00000 -0.00000 -0.00004 -0.00008 -0.00000 -0.00000 -0.00000 -0.00013 -0.00004 -0.00003 0.00000 0.00000 -0.00001 0.00000 -0.00002 -0.00007 -0.00000 -0.00000 -0.00000 0.00173 -0.00000 0.00008 -0.00008
-0.00014 0.00000 -0.00000 -0.00000 -0.00000 -0.00000 0.00000 -0.00002 -0.00000 -0.00000 -0.00000 -0.00003 -0.00004 -0.00000 -0.00000 -0.00004 -0.00005 -0.00006 -0.00000 -0.00000 -0.00000 -0.00000 -0.00004 -0.00005 -0.00000 0.00022 -0.00000 -0.00002 -0.00000 -0.00002 -0.00006 0.00000 -0.00000 -0.00008 -0.00000 0.00000 -0.00000 0.00000 -0.00007 -0.00000 0.00010 -0.00007 -0.00003 -0.00002 -0.00000 -0.00000 0.00201 -0.00010 0.00004 0.00000
-0.00008 0.00000 -0.00004 -0.00000 -0.00003 -0.00000 -0.00015 -0.00000 -0.00003 -0.00003 -0.00000 -0.00000 -0.00005 -0.00009 -0.00000 -0.00004 -0.00000 0.00000 0.00020 0.00000 -0.00000 -0.00006 -0.00000 -0.00005 -0.00000 0.00022 0.00000 -0.00008 -0.00008 -0.00000 -0.00000 -0.00010 -0.00000 -0.00005 -0.00000 -0.00003 -0.00000 -0.00000 -0.00000 -0.00000 0.00001 -0.00000 -0.00000 -0.00005 -0.00000 -0.00005 0.00193 -0.00004 0.00009 -0.00000
-0.00000 0.00003 0.00000 -0.00000 -0.00000 0.00000 -0.00000 0.00000 -0.00000 -0.00015 -0.00000 -0.00004 -0.00000 -0.00000 -0.00002 -0.00000 -0.00000 0.00000 0.00021 -0.00001 -0.00000 -0.00001 -0.00000 -0.00000 -0.00014 0.00016 -0.00004 0.00000 -0.00000 -0.00003 -0.00000 -0.00003 -0.00001 -0.00002 -0.00000 -0.00009 -0.00001 -0.00000 0.00000 -0.00002 0.00000 -0.00005 -0.00000 -0.00000 0.00000 -0.00000 0.00204 -0.00000 0.00008 0.00000
-0.00015 0.00000 -0.00008 0.00000 -0.00000 0.00000 -0.00000 -0.00000 -0.00000 -0.00000 -0.00008 -0.00000 -0.00000 -0.00001 -0.00000 -0.00000 -0.00000 -0.00006 0.00000 -0.00005 -0.00003 -0.00003 -0.00001 -0.00000 -0.00006 0.00022 -0.00007 -0.00004 -0.00000 -0.00000 -0.00002 -0.00000 -0.00005 -0.00002 -0.00000 -0.00000 -0.00000 -0.00000 -0.00000 -0.00000 0.00000 -0.00000 0.00000 -0.00000 -0.00003 -0.00014 0.00186 -0.00010 0.00009 -0.00000
-0.00000 0.00002 -0.00002 0.00000 -0.00000 0.00000 -0.00000 -0.00002 -0.00001 -0.00000 -0.00003 -0.00000 -0.00015 -0.00005 -0.00000 -0.00001 -0.00006 -0.00000 0.00005 -0.00011 -0.00000 -0.00008 -0.00000 0.00000 -0.00000 0.00031 -0.00008 -0.00000 -0.00000 0.00000 -0.00005 -0.00006 -0.00000 -0.00006 -0.00005 -0.00000 -0.00000 -0.00006 -0.00000 -0.00000 0.00001 -0.00000 0.00000 -0.00000 0.00000 -0.00004 0.00167 -0.00000 0.00004 -0.00000
-0.00000 0.00000 0.00000 -0.00000 -0.00000 -0.00000 -0.00000 -0.00006 -0.00000 -0.00006 -0.00000 -0.00000 0.00000 0.00000 -0.00006 -0.00011 -0.00007 -0.00000 0.00013 -0.00000 -0.00001 -0.00000 -0.00003 -0.00014 -0.00000 0.00022 -0.00000 -0.00002 0.00000 -0.00001 -0.00000 -0.00000 -0.00000 -0.00000 -0.00000 0.00000 0.00000 -0.00000 -0.00006 -0.00000 0.00000 -0.00000 -0.00000 -0.00000 -0.00000 -0.00000 0.00179 -0.00000 0.00005 0.00000
-0.00006 0.00000 -0.00000 -0.00000 -0.00000 -0.00000 0.00000 -0.00000 0.00000 0.00000 -0.00000 -0.00000 0.00000 -0.00008 -0.00022 -0.00000 -0.00003 -0.00000 0.00007 -0.00000 -0.00000 -0.00000 -0.00000 -0.00004 -0.00003 0.00023 0.00000 -0.00010 -0.00004 -0.00000 -0.00000 -0.00000 -0.00002 0.00000 -0.00000 -0.00000 -0.00002 -0.00006 -0.00000 -0.00000 0.00000 -0.00000 0.00000 -0.00001 -0.00010 -0.00001 0.00189 -0.00000 0.00006 -0.00011
0.00000 0.00002 -0.00002 -0.00000 -0.00004 -0.00000 -0.00006 -0.00000 -0.00000 -0.00000 0.00000 -0.00013 -0.00000 -0.00000 -0.00001 -0.00000 -0.00010 -0.00002 0.00000 -0.00004 -0.00000 -0.00000 -0.00002 -0.00000 0.00000 0.00022 -0.00000 0.00000 -0.00000 -0.00008 -0.00007 -0.00000 -0.00000 -0.00007 -0.00001 0.00000 -0.00000 -0.00000 -0.00000 -0.00009 0.00007 -0.00002 -0.00000 -0.00000 0.00000 -0.00000 0.00193 -0.00000 0.00000 -0.00000
-0.00000 0.00009 -0.00000 -0.00000 -0.00000 -0.00000 -0.00001 -0.00008 -0.00009 0.00000 0.00000 0.00000 -0.00000 -0.00000 -0.00001 -0.00003 -0.00000 -0.00003 0.00005 0.00000 -0.00000 -0.00000 -0.00000 -0.00000 -0.00005 0.00024 0.00000 -0.00000 -0.00000 -0.00003 -0.00000 -0.00009 -0.00000 -0.00005 -0.00008 -0.00009 0.00000 -0.00000 -0.00000 -0.00004 0.00006 -0.00000 -0.00000 -0.00003 -0.00000 -0.00002 0.00170 -0.00016 0.00004 -0.00007
-0.00000 0.00000 -0.00018 0.00000 -0.00000 -0.00000 -0.00000 -0.00003 -0.00002 0.00000 -0.00002 0.00000 0.00000 -0.00000 0.00000 -0.00007 -0.00012 -0.00007 0.00006 0.00000 -0.00002 -0.00002 -0.00003 -0.00000 -0.00000 0.00023 -0.00000 -0.00000 0.00000 -0.00001 -0.00002 -0.00009 0.00000 -0.00000 -0.00005 -0.00000 -0.00001 -0.00003 -0.00000 -0.00000 0.00001 -0.00000 -0.00000 -0.00000 -0.00002 -0.00000 0.00183 -0.00000 0.00011 0.00000
-0.00006 0.00000 0.00000 -0.00000 -0.00000 -0.00000 -0.00000 -0.00000 -0.00000 -0.00000 0.00000 -0.00000 -0.00006 -0.00000 -0.00009 -0.00009 -0.00001 -0.00002 0.00005 -0.00006 -0.00009 -0.00003 -0.00006 -0.00006 -0.00005 0.00022 -0.00000 -0.00000 -0.00001 -0.00000 -0.00000 -0.00004 -0.00000 -0.00005 -0.00002 0.00000 -0.00006 -0.00000 0.00000 -0.00000 0.00000 -0.00000 -0.00000 -0.00000 -0.00017 0.00000 0.00182 0.00000 0.00005 0.00000
-0.00001 0.00000 -0.00000 -0.00002 -0.00002 -0.00000 -0.00000 -0.00000 -0.00000 -0.00000 -0.00003 -0.00000 -0.00000 -0.00000 -0.00002 -0.00000 -0.00000 0.00000 0.00007 -0.00003 -0.00000 -0.00000 -0.00000 -0.00000 -0.00000 0.00022 -0.00000 -0.00012 -0.00000 -0.00002 -0.00000 -0.00013 -0.00001 -0.00000 -0.00011 -0.00007 -0.00003 -0.00000 -0.00000 0.00000 0.00000 -0.00000 -0.00000 -0.00000 -0.00000 -0.00000 0.00180 0.00000 0.00010 -0.00000
-0.00000 0.00000 -0.00000 -0.00000 -0.00000 -0.00000 0.00000 -0.00004 -0.00000 0.00008 -0.00004 0.00000 -0.00007 0.00000 -0.00000 -0.00000 -0.00000 -0.00000 0.00002 -0.00000 -0.00010 -0.00003 -0.00009 -0.00000 -0.00000 0.00020 -0.00000 -0.00001 -0.00000 0.00000 -0.00003 -0.00007 -0.00000 -0.00000 -0.00006 -0.00001 -0.00000 -0.00009 0.00000 -0.00002 0.00005 -0.00000 -0.00000 0.00000 -0.00000 0.00000 0.00189 -0.00000 0.00006 -0.00002
-0.00011 0.00003 -0.00007 -0.00003 -0.00000 -0.00000 -0.00000 -0.00001 -0.00000 -0.00000 -0.00000 0.00000 -0.00000 -0.00010 -0.00000 -0.00000 -0.00008 -0.00001 -0.00000 0.00000 -0.00000 0.00000 0.00000 -0.00000 -0.00006 0.00020 -0.00003 -0.00000 -0.00000 -0.00000 -0.00000 -0.00000 -0.00001 -0.00002 -0.00000 -0.00000 -0.00000 -0.00001 -0.00008 -0.00007 0.00011 -0.00002 -0.00000 -0.00000 -0.00001 -0.00007 0.00198 -0.00004 0.00005 -0.00000
-0.00006 0.00010 0.00000 -0.00000 -0.00005 0.00001 -0.00011 -0.00000 -0.00003 -0.00007 -0.00000 -0.00009 -0.00006 -0.00000 -0.00000 -0.00000 -0.00000 -0.00004 0.00000 -0.00000 -0.00000 -0.00000 -0.00003 -0.00007 -0.00012 0.00031 -0.00000 -0.00000 -0.00006 -0.00012 -0.00001 -0.00000 -0.00001 -0.00012 -0.00000 -0.00000 -0.00010 -0.00015 -0.00001 -0.00000 0.00006 -0.00003 0.00000 0.00000 -0.00005 0.00000 0.00145 0.00000 0.00011 -0.00000
0.00000 0.00000 -0.00007 -0.00000 -0.00000 0.00000 -0.00000 -0.00000 -0.00000 0.00000 -0.00006 -0.00000 -0.00000 -0.00000 0.00000 -0.00000 -0.00015 -0.00000 0.00011 -0.00006 -0.00000 -0.00000 0.00000 -0.00000 -0.00004 0.00008 -0.00000 -0.00000 0.00000 -0.00000 -0.00011 -0.00001 -0.00000 -0.00000 -0.00000 -0.00013 -0.00000 -0.00007 -0.00002 -0.00005 0.00000 -0.00000 -0.00000 -0.00009 0.00000 -0.00008 0.00354 -0.00000 0.00011 -0.00000
-0.00000 0.00000 -0.00000 -0.00002 -0.00001 -0.00000 -0.00000 -0.00000 0.00000 -0.00000 -0.00000 0.00000 0.00001 -0.00000 -0.00000 -0.00014 -0.00005 -0.00005 0.00001 -0.00001 -0.00000 -0.00000 -0.00003 -0.00004 -0.00005 0.00035 -0.00013 -0.00000 -0.00000 -0.00002 -0.00000 -0.00000 -0.00006 -0.00000 -0.00000 -0.00000 -0.00000 -0.00000 0.00000 -0.00000 0.00009 -0.00010 -0.00004 -0.00000 -0.00008 -0.00010 0.00155 -0.00003 0.00000 0.00000
0.00000 0.00001 0.00000 -0.00003 -0.00006 -0.00000 -0.00000 -0.00000 -0.00002 -0.00008 -0.00018 -0.00003 -0.00000 -0.00000 -0.00000 -0.00000 -0.00000 -0.00002 0.00011 -0.00004 -0.00000 -0.00003 -0.00004 -0.00006 -0.00006 0.00023 -0.00000 -0.00009 -0.00000 0.00000 0.00000 0.00000 -0.00000 -0.00004 -0.00006 -0.00001 0.00000 -0.00000 -0.00000 -0.00000 0.00000 0.00000 -0.00000 -0.00004 0.00000 -0.00000 0.00168 -0.00011 0.00013 0.00000
-0.00007 0.00006 -0.00000 -0.00003 -0.00000 -0.00000 0.00000 0.00000 -0.00000 -0.00000 -0.00003 -0.00000 0.00000 -0.00002 -0.00001 -0.00001 -0.00008 -0.00000 0.00002 -0.00016 -0.00000 -0.00003 -0.00000 -0.00001 -0.00000 0.00021 -0.00000 -0.00000 -0.00000 -0.00002 -0.00000 -0.00000 0.00000 -0.00000 0.00000 -0.00004 -0.00003 -0.00000 -0.00003 -0.00000 0.00000 -0.00000 0.00000 -0.00000 -0.00016 0.00000 0.00162 -0.00007 0.00000 -0.00004
-0.00008 0.00000 -0.00006 -0.00000 0.00000 -0.00000 -0.00014 -0.00000 -0.00000 -0.00009 0.00000 -0.00000 -0.00002 -0.00000 -0.00000 -0.00003 0.00000 -0.00006 0.00001 -0.00000 -0.00002 -0.00001 -0.00000 -0.00003 0.00000 0.00021 0.00000 0.00000 -0.00002 -0.00001 0.00000 -0.00005 -0.00000 -0.00001 -0.00000 -0.00011 -0.00000 -0.00000 -0.00001 -0.00002 0.00000 0.00000 -0.00000 -0.00008 -0.00000 -0.00000 0.00175 -0.00001 0.00001 -0.00007
-0.00005 0.00008 0.00002 -0.00000 -0.00001 -0.00000 0.00000 -0.00000 -0.00000 -0.00000 -0.00000 -0.00000 -0.00004 0.00000 -0.00000 -0.00000 -0.00001 -0.00011 0.00011 -0.00000 -0.00000 -0.00000 -0.00010 -0.00001 -0.00000 0.00023 -0.00000 -0.00000 -0.00005 -0.00004 -0.00002 -0.00001 0.00000 -0.00000 -0.00011 -0.00000 -0.00000 -0.00002 -0.00000 -0.00000 0.00000 -0.00000 0.00001 -0.00007 0.00004 -0.00000 0.00160 -0.00000 0.00000 -0.00014
0.00000 0.00000 0.00000 -0.00000 -0.00003 -0.00000 -0.00003 -0.00010 -0.00021 -0.00000 0.00000 -0.00006 -0.00000 -0.00000 0.00000 -0.00000 -0.00000 -0.00006 0.00000 -0.00003 0.00000 -0.00000 -0.00000 -0.00002 -0.00002 0.00024 -0.00000 -0.00000 -0.00000 -0.00001 -0.00000 -0.00006 -0.00008 0.00000 0.00000 -0.00000 -0.00001 -0.00000 -0.00000 -0.00006 0.00000 -0.00003 0.00000 -0.00005 -0.00000 -0.00001 0.00159 -0.00011 0.00000 -0.00000
0.00000 0.51592 -0.00000 -0.00000 -0.00000 -0.00000 -0.00000 0.00000 -0.00000 0.00000 -0.00000 -0.00000 -0.00000 -0.00000 -0.00000 0.00000 0.00000 0.00000 0.00000 0.00000 0.00000 0.00000 -0.00000 0.00000 0.00000 1.01533 -0.00000 0.00000 -0.00000 0.00000 0.00000 0.00000 0.00000 0.00000 -0.00000 -0.00000 -0.00000 0.00000 -0.00000 0.00000 0.32434 -0.00000 -0.00000 -0.00000 0.14020 0.00000 0.00096 0.00004 0.29843 0.00000
-0.00000 0.00006 0.00000 -0.00001 -0.00003 -0.00003 -0.00000 -0.00018 -0.00000 -0.00000 0.00000 -0.00000 0.00000 -0.00012 -0.00000 -0.00000 -0.00005 -0.00002 0.00020 -0.00000 0.00000 -0.00000 -0.00018 -0.00006 -0.00006 0.00022 -0.00000 -0.00000 -0.00002 -0.00005 -0.00006 -0.00002 -0.00005 -0.00006 -0.00000 -0.00004 -0.00000 -0.00005 0.00000 -0.00000 0.00000 -0.00000 -0.00000 -0.00003 -0.00000 -0.00006 0.00157 -0.00000 0.00002 0.00000
-0.00002 0.00001 -0.00013 -0.00000 -0.00000 -0.00000 -0.00000 -0.00012 0.00000 -0.00000 -0.00000 -0.00018 -0.00000 -0.00002 -0.00000 -0.00014 -0.00006 -0.00000 0.00000 -0.00000 -0.00000 -0.00000 -0.00000 -0.00003 -0.00004 0.00021 -0.00008 0.00000 -0.00007 -0.00000 -0.00003 -0.00010 0.00000 0.00002 -0.00000 -0.00001 -0.00000 -0.00013 -0.00003 -0.00000 0.00000 -0.00003 -0.00000 -0.00000 -0.00000 -0.00002 0.00174 -0.00001 0.00010 -0.00008
-0.00000 0.00000 -0.00000 -0.00007 -0.00006 -0.00000 -0.00000 -0.00000 -0.00000 -0.00000 -0.00000 -0.00000 -0.00003 -0.00005 -0.00008 -0.00000 -0.00005 -0.00000 0.00000 -0.00000 -0.00004 -0.00003 0.00000 -0.00004 -0.00000 0.00021 -0.00000 -0.00005 -0.00000 -0.00001 -0.00000 -0.00002 -0.00005 -0.00000 -0.00004 0.00000 -0.00003 -0.00008 0.00000 -0.00000 0.00000 -0.00000 -0.00003 -0.00000 0.00000 0.00000 0.00161 -0.00000 0.00004 -0.00008
-0.00000 0.00000 -0.00002 -0.00008 -0.00000 -0.00000 -0.00000 -0.00000 -0.00002 0.00000 -0.00000 0.00000 -0.00000 -0.00000 -0.00006 -0.00013 -0.00019 -0.00000 0.00005 -0.00010 -0.00002 -0.00009 -0.00000 -0.00001 -0.00016 0.00021 -0.00016 -0.00000 -0.00000 -0.00000 -0.00000 -0.00000 -0.00004 -0.00006 0.00000 -0.00000 0.00000 -0.00004 -0.00000 0.00000 0.00004 -0.00011 -0.00005 -0.00000 -0.00001 -0.00000 0.00165 -0.00002 0.00002 -0.00005
-0.00005 0.00002 -0.00000 0.00000 -0.00000 0.00000 -0.00000 -0.00000 -0.00001 -0.00000 -0.00000 -0.00000 0.00000 -0.00000 -0.00004 0.00000 -0.00000 -0.00012 0.00000 0.00000 -0.00003 -0.00013 -0.00000 -0.00000 -0.00000 0.00022 -0.00008 -0.00006 -0.00000 -0.00000 -0.00000 0.00000 -0.00015 -0.00000 -0.00001 -0.00000 -0.00000 -0.00000 -0.00000 -0.00005 0.00004 -0.00000 -0.00000 -0.00002 -0.00006 -0.00000 0.00161 -0.00000 0.00001 0.00000
-0.00000 0.00002 -0.00007 -0.00000 -0.00002 -0.00000 -0.00000 0.00000 -0.00005 -0.00001 -0.00003 -0.00008 -0.00000 -0.00007 -0.00000 -0.00000 -0.00000 0.00000 -0.00000 -0.00008 -0.00006 -0.00000 -0.00001 -0.00000 -0.00000 0.00021 -0.00000 -0.00000 -0.00000 0.00000 -0.00006 -0.00011 -0.00010 -0.00000 -0.00000 -0.00000 -0.00000 -0.00004 -0.00000 -0.00000 0.00000 -0.00007 -0.00000 -0.00004 0.00000 -0.00000 0.00180 -0.00012 0.00009 -0.00000
-0.00000 0.00000 -0.00000 -0.00007 -0.00007 -0.00000 -0.00000 -0.00000 -0.00000 0.00000 -0.00000 -0.00000 -0.00000 -0.00000 -0.00000 0.00000 -0.00005 -0.00004 0.00015 -0.00000 -0.00000 -0.00000 -0.00000 -0.00000 -0.00000 0.00024 -0.00000 -0.00001 -0.00000 -0.00012 -0.00000 -0.00009 -0.00000 -0.00006 0.00000 -0.00000 -0.00000 -0.00001 -0.00000 -0.00007 0.00006 -0.00000 0.00000 -0.00000 0.00000 -0.00000 0.00152 -0.00000 0.00007 -0.00000
-0.00000 0.00000 -0.00000 -0.00000 -0.00000 0.00000 0.00000 -0.00002 0.00000 -0.00000 -0.00003 0.00000 -0.00000 -0.00000 -0.00003 -0.00007 -0.00000 0.00000 0.00000 -0.00005 -0.00010 -0.00002 -0.00000 -0.00000 -0.00000 0.00023 -0.00000 -0.00000 -0.00000 -0.00000 -0.00000 -0.00003 -0.00000 -0.00000 -0.00000 0.00000 -0.00000 -0.00000 -0.00000 -0.00000 0.00007 -0.00000 -0.00000 -0.00000 0.00000 -0.00003 0.00151 -0.00007 0.00000 -0.00000
0.00000 0.00000 -0.00010 0.00000 -0.00000 -0.00000 -0.00000 -0.00008 -0.00000 -0.00000 -0.00014 -0.00000 -0.00007 -0.00008 0.00000 -0.00000 -0.00000 -0.00000 0.00008 -0.00000 -0.00002 -0.00002 0.00000 -0.00004 -0.00000 0.00021 -0.00000 -0.00000 -0.00000 -0.00000 -0.00007 -0.00001 -0.00002 -0.00000 0.00000 -0.00001 -0.00000 -0.00005 -0.00000 -0.00006 0.00005 0.00000 -0.00008 -0.00000 0.00000 -0.00000 0.00148 -0.00010 0.00004 0.00000
-0.00017 0.00008 0.00000 0.00000 -0.00000 -0.00007 -0.00000 -0.00006 -0.00002 0.00000 -0.00000 -0.00000 -0.00000 -0.00005 -0.00003 -0.00002 -0.00000 0.00000 0.00006 -0.00000 -0.00001 -0.00000 -0.00000 0.00000 -0.00000 0.00023 -0.00007 -0.00006 -0.00000 -0.00002 -0.00000 -0.00000 -0.00001 -0.00000 -0.00000 -0.00000 -0.00013 -0.00000 -0.00002 -0.00004 0.00000 -0.00000 -0.00004 -0.00001 -0.00002 -0.00000 0.00148 -0.00009 0.00006 -0.00010
-0.00000 0.00010 -0.00001 -0.00000 -0.00000 -0.00000 -0.00000 0.00000 -0.00000 -0.00000 -0.00000 -0.00022 -0.00004 -0.00000 -0.00005 -0.00000 -0.00004 -0.00003 -0.00000 -0.00000 -0.00000 -0.00004 -0.00000 -0.00001 -0.00000 0.00024 -0.00002 -0.00006 -0.00011 -0.00000 -0.00002 -0.00006 -0.00003 -0.00000 -0.00000 -0.00006 0.00000 -0.00003 -0.00000 -0.00000 0.00000 -0.00000 0.00000 -0.00008 -0.00000 -0.00001 0.00147 -0.00000 0.00009 -0.00000
0.00000 0.00005 -0.00002 -0.00002 -0.00000 -0.00002 -0.00000 -0.00000 0.00000 -0.00000 -0.00008 -0.00000 -0.00000 -0.00000 -0.00000 -0.00006 -0.00001 -0.00000 0.00000 -0.00011 -0.00002 -0.00007 -0.00020 -0.00001 -0.00005 0.00023 -0.00000 -0.00000 -0.00000 -0.00005 -0.00013 -0.00007 -0.00000 -0.00000 -0.00015 -0.00002 -0.00000 -0.00005 -0.00000 -0.00000 0.00005 -0.00000 -0.00000 0.00000 -0.00018 -0.00000 0.00139 -0.00005 0.00003 -0.00007
-0.00001 0.00000 -0.00000 -0.00000 0.00000 0.00003 -0.00000 -0.00000 0.00000 -0.00000 -0.00000 -0.00004 -0.00000 0.00000 -0.00008 -0.00002 -0.00002 -0.00000 0.00003 -0.00005 -0.00000 -0.00001 -0.00005 -0.00000 -0.00002 0.00027 -0.00000 -0.00007 -0.00006 -0.00000 -0.00000 -0.00020 -0.00000 -0.00000 -0.00000 -0.00007 -0.00000 -0.00004 0.00000 -0.00000 0.00000 -0.00000 -0.00000 -0.00000 0.00000 -0.00001 0.00144 0.00000 0.00006 -0.00004
-0.00000 0.00000 -0.00000 -0.00000 -0.00005 -0.00000 -0.00000 -0.00003 -0.00000 -0.00000 -0.00007 0.00000 -0.00000 -0.00003 -0.00008 -0.00003 -0.00004 0.00000 0.00000 -0.00000 -0.00005 0.00000 0.00000 -0.00005 -0.00001 0.00025 -0.00011 -0.00000 -0.00000 -0.00000 0.00000 -0.00000 -0.00000 -0.00000 -0.00002 -0.00021 0.00000 -0.00002 -0.00000 -0.00000 0.00000 0.00000 -0.00000 -0.00000 -0.00000 0.00000 0.00142 -0.00005 0.00003 -0.00000
0.00000 0.06287 -0.00000 0.00000 -0.00000 -0.00000 -0.00000 0.00000 -0.00000 -0.00000 -0.00000 -0.00000 -0.00000 0.00000 0.00000 0.00000 0.00000 -0.00000 0.00007 0.00000 -0.00000 0.00000 0.00000 -0.00000 0.00000 0.08434 -0.00000 0.00000 -0.00000 0.00000 0.00000 0.00000 -0.00000 0.00000 -0.00000 -0.00000 -0.00000 -0.00000 0.00000 -0.00000 0.43307 -0.00000 -0.00000 -0.00000 0.05922 0.00000 0.06654 0.00000 0.18994 0.00000
-0.00001 0.00003 0.00000 -0.00000 -0.00000 0.00004 -0.00000 -0.00005 -0.00000 -0.00000 -0.00000 -0.00000 -0.00000 -0.00002 0.00000 -0.00000 -0.00005 -0.00000 0.00004 -0.00000 -0.00000 -0.00000 -0.00003 -0.00000 -0.00013 0.00024 -0.00000 -0.00000 -0.00000 -0.00000 -0.00004 -0.00008 -0.00005 -0.00006 -0.00003 -0.00009 0.00000 -0.00003 -0.00001 -0.00000 0.00009 -0.00000 -0.00003 -0.00003 -0.00004 -0.00000 0.00153 -0.00005 0.00006 -0.00000
-0.00004 0.00005 -0.00000 -0.00001 -0.00002 0.00000 -0.00000 -0.00002 -0.00000 -0.00000 -0.00000 -0.00000 -0.00001 0.00000 -0.00004 -0.00000 -0.00007 -0.00004 0.00008 -0.00000 -0.00001 -0.00000 0.00000 -0.00006 -0.00000 0.00033 0.00000 -0.00006 -0.00000 -0.00000 -0.00006 -0.00000 -0.00004 -0.00004 -0.00000 0.00000 -0.00000 -0.00008 -0.00000 -0.00000 0.00001 -0.00000 -0.00000 -0.00000 0.00000 -0.00005 0.00126 -0.00000 0.00010 -0.00000
-0.00008 0.00007 -0.00000 0.00000 -0.00007 -0.00007 -0.00000 0.00000 -0.00000 -0.00000 -0.00000 -0.00000 -0.00006 -0.00000 -0.00002 -0.00000 -0.00005 -0.00009 -0.00000 -0.00003 -0.00000 -0.00000 -0.00000 -0.00000 -0.00000 0.00022 0.00000 -0.00000 -0.00000 -0.00004 -0.00000 -0.00000 -0.00000 -0.00007 -0.00002 -0.00000 0.00001 -0.00000 -0.00000 -0.00009 0.00001 -0.00000 0.00000 -0.00000 0.00004 -0.00001 0.00141 -0.00000 0.00012 -0.00006
0.00000 -0.00000 0.00000 0.00002 0.00000 0.00000 0.00000 0.00000 0.00004 0.00000 0.00000 0.00000 0.00000 0.00000 0.00000 0.00004 0.00000 0.00002 -0.00003 0.00007 0.00004 0.00000 0.00004 0.00009 -0.00000 0.01755 0.00000 0.00004 0.00000 0.00005 0.00003 0.00001 0.00001 0.00003 0.00004 0.00000 0.00000 0.00011 0.00000 0.00000 -0.00000 0.00001 0.00000 0.00002 0.00003 0.00000 0.04931 0.00002 -0.00008 0.00005
-0.00000 0.00009 -0.00003 0.00000 -0.00001 -0.00000 -0.00000 -0.00014 -0.00000 -0.00001 -0.00000 -0.00000 -0.00000 -0.00000 -0.00003 0.00000 -0.00009 -0.00005 0.00000 -0.00000 0.00000 -0.00000 -0.00000 -0.00006 -0.00003 0.00033 -0.00001 -0.00004 -0.00001 -0.00000 -0.00008 -0.00002 -0.00000 -0.00000 -0.00006 -0.00011 -0.00008 -0.00000 -0.00000 -0.00002 0.00008 -0.00000 -0.00000 -0.00000 -0.00000 -0.00002 0.00128 -0.00017 0.00007 -0.00011
0.00001 -0.00000 -0.00000 0.00000 0.00000 0.00000 0.00000 0.00004 0.00013 0.00000 0.00000 0.00007 -0.00000 0.00000 0.00000 0.00000 0.00002 0.00000 -0.00001 0.00003 0.00004 0.00001 0.00001 0.00000 0.00003 -0.11953 -0.00000 0.00000 0.00006 0.00000 0.00000 0.00004 0.00000 0.00000 0.00000 0.00005 0.00000 0.00000 0.00005 0.00000 -0.00001 0.00000 0.00001 0.00003 0.00002 0.00002 1.11435 0.00005 -0.00003 0.00010
0.00000 0.00006 -0.00000 -0.00000 -0.00009 0.00000 -0.00000 -0.00000 -0.00006 -0.00000 -0.00001 -0.00011 0.00001 -0.00001 -0.00006 -0.00000 -0.00000 0.00000 0.00005 -0.00000 -0.00005 -0.00004 -0.00000 0.00001 -0.00000 0.00022 -0.00001 -0.00000 -0.00001 -0.00005 -0.00000 -0.00008 -0.00000 -0.00013 -0.00000 -0.00007 -0.00000 -0.00008 -0.00000 -0.00000 0.00000 -0.00000 -0.00000 -0.00000 -0.00005 -0.00003 0.00142 -0.00000 0.00006 -0.00000
0.00000 0.11490 -0.00000 -0.00000 0.00000 0.00000 -0.00000 0.00000 -0.00000 0.00000 0.00000 -0.00000 0.00000 -0.00000 -0.00000 0.00000 0.00000 0.00000 0.00003 -0.00000 -0.00000 -0.00000 -0.00000 0.00000 0.00000 0.08614 -0.00000 0.00000 0.00000 0.00000 0.00000 0.00000 -0.00000 0.00000 -0.00000 0.00000 0.00000 0.00000 -0.00000 0.00000 0.07285 0.00000 -0.00000 -0.00000 0.14326 -0.00000 0.06036 0.00000 0.39933 0.00000
0.00000 0.00000 -0.00000 -0.00006 -0.00002 0.00000 -0.00000 0.00000 -0.00001 -0.00000 -0.00000 -0.00000 -0.00005 -0.00005 -0.00008 -0.00000 -0.00005 -0.00007 0.00003 0.00000 -0.00005 -0.00000 -0.00000 -0.00000 -0.00000 0.00040 -0.00000 -0.00000 -0.00000 -0.00003 -0.00007 -0.00000 -0.00002 -0.00001 0.00000 -0.00000 -0.00002 -0.00000 -0.00000 -0.00017 0.00002 -0.00002 -0.00000 -0.00000 -0.00005 -0.00005 0.00122 -0.00006 0.00009 -0.00005
