0.00000 -0.00000 -0.03759 0.04402 -0.03705 0.00000 -0.21057 -0.00007 0.00000 -0.00001 0.01512 -0.00000 -0.00001 -0.05032 -0.00003 0.00035 0.22574 0.00000 0.00039 -0.02748 0.00000 -0.06259 -0.00527 -0.02197 -0.00118 -0.00384 -0.00000 -0.06765 -0.00000 -0.06548
-1.22755 0.00000 -0.14172 0.56446 -0.31904 0.00000 -0.30078 -0.00008 0.00000 -0.00001 -0.16450 -0.00000 -0.96896 0.94953 -0.00005 0.00039 -0.01069 0.00000 -0.67091 -1.29476 0.00000 -0.42361 -0.00748 -0.04025 -0.00152 0.00196 -0.00000 -0.08108 -0.00000 -0.31751
0.00000 -0.00000 0.00000 -1.78590 -0.00000 -0.00000 -0.00000 -0.00000 0.00000 -0.00000 0.00000 -0.00000 0.00000 0.00000 0.00000 0.00000 0.00000 0.00000 -0.00000 -0.01365 0.00000 -0.52174 -0.00000 -0.02701 0.00000 -0.00000 -0.00000 0.00000 -0.00000 -0.41254
0.00000 0.00000 -0.00000 0.00000 -0.00000 0.00000 -0.00000 -0.00000 -0.00000 0.00000 0.00000 -0.00000 -0.00000 0.00000 -0.00000 0.00000 -0.00000 -0.00000 -0.00000 -0.00010 0.00000 -0.25734 -0.00000 -0.01241 -0.00000 -0.00000 0.00000 -0.00000 0.00000 -0.17482
0.00000 0.00000 -0.03510 0.05384 0.00000 0.00000 -0.08940 -0.00039 0.00000 -0.00006 -0.06913 -0.00000 -0.00000 0.00000 0.00002 0.00648 -0.05497 -0.00000 -0.00000 -0.03733 0.00000 1.39909 -0.07505 -0.06589 -0.02020 -0.00171 -0.00001 -0.15415 -0.00001 -0.34198
0.02202 -0.24864 -1.18789 0.18232 -0.01065 0.00000 -0.01888 -0.00001 0.00000 -0.00000 -0.00210 -0.00000 0.02466 -0.08648 -0.00001 0.00002 -0.00538 -0.00000 0.00381 -0.01529 -0.32707 -0.15130 -0.00019 -0.02559 -0.00005 -0.00179 -0.00000 -0.00905 -0.00000 1.15820
0.00000 0.00000 -0.04447 0.05288 -0.00000 0.00000 -0.00000 -0.00036 0.00000 -0.00007 -0.13769 -0.00000 -0.00000 -0.00000 0.00016 0.00845 -0.60444 0.00000 -0.00000 1.67254 0.00000 -0.06853 -0.14800 -0.02971 -0.03154 1.62500 -0.00002 -0.37178 -0.00001 0.10843
0.00020 -0.00004 -0.04465 0.05841 -0.00003 0.01128 -0.00001 -0.00000 -0.01322 -0.25041 0.00000 -0.03326 -0.00002 -0.00013 -0.00000 0.00000 -0.00000 -0.00147 -0.00003 -0.03088 0.00003 -0.08280 -0.00000 -0.03387 -0.00000 0.00223 -0.33966 -0.00000 -0.09476 -0.05333
0.16109 -0.02490 -0.03029 0.04591 -0.00614 0.05027 -0.00516 -0.00000 0.00000 -0.00000 -0.00033 -0.00000 0.00847 -0.01155 -0.00000 0.00000 -0.00360 -0.41067 0.00299 -0.02139 -0.06757 -0.04777 -0.00003 -0.04384 -0.00001 -0.00280 -0.00000 -0.00145 -0.00000 -0.04769
0.00038 -0.00011 -0.17146 0.12450 -0.00004 0.02539 -0.00003 -0.00000 -0.06688 0.00000 0.00000 -0.25858 -0.00003 -0.00064 -0.00000 0.00000 0.00000 -0.00861 -0.00005 -0.05418 0.00002 1.57657 -0.00000 -0.10749 -0.00000 -0.45235 -0.13104 -0.00000 0.34155 -0.61929
0.00000 0.00000 -0.06817 0.31435 -0.00000 0.00000 -0.00000 -0.00093 0.00000 -0.00025 0.00000 -0.00001 -0.00000 -0.00000 0.00251 0.03874 -0.00000 -0.00000 -0.00000 -0.03520 0.00000 -0.12020 -0.19465 -0.02362 -0.11348 -0.00289 -0.00011 -0.00000 -0.00003 -0.08571
0.02425 -0.00941 0.48165 0.26227 -0.00090 0.05685 -0.00094 -0.00000 -0.52357 -0.00000 0.00000 -0.00000 0.00078 -0.01835 -0.00000 0.00000 -0.00031 -0.37080 0.00054 -0.58229 -0.00607 -0.96557 -0.00000 -0.06717 -0.00000 -2.39140 -0.00000 -0.00021 -0.00000 -0.83774
0.03695 0.00000 -0.04917 -1.21087 -0.06036 0.00000 -0.04851 -0.00016 0.00000 -0.00002 -0.36705 -0.00000 0.00000 -0.05676 0.00046 0.00183 -0.08478 0.00000 0.00468 -0.01683 0.00000 -0.51394 -0.02749 -0.03775 0.00037 -0.00378 -0.00000 0.23361 -0.00000 -0.37436
0.00000 0.00000 -0.02689 0.04583 0.06753 0.00000 -0.01440 -0.00005 0.00000 -0.00000 -0.02858 -0.00000 -0.00000 0.00000 -0.00003 0.00028 0.09343 0.00000 0.51620 -0.01661 0.00000 0.14131 -0.00530 -0.02030 -0.00118 -0.00143 -0.00000 0.05760 -0.00000 1.38662
0.00004 -0.00000 -0.11878 0.12149 -0.00000 0.00064 -0.00000 -0.50375 -0.00081 -0.35058 0.00000 -0.00474 -0.00001 -0.00001 -0.00000 -1.25854 0.00000 -0.00007 -0.00000 -0.04694 0.00001 -0.31962 -0.00000 -1.37568 -0.00000 0.00117 -0.19289 -0.00000 -0.00916 -0.32927
0.00009 0.00002 -0.04179 0.05560 -0.00000 0.00095 -0.00000 -0.25347 -0.00105 -0.25583 0.00000 -0.00587 -0.00001 -0.00002 -0.00000 0.00000 0.00000 -0.00010 -0.00001 -0.03271 0.00003 -0.16059 -0.00000 -0.00931 -0.00000 0.00075 -0.19436 0.00000 -0.01785 -0.12693
0.00000 0.00000 -0.04052 0.04184 -0.00000 0.00000 -0.00000 -0.00055 0.00000 -0.00008 -0.13738 -0.00000 -0.00000 0.00000 0.00009 0.01056 0.00000 -0.00000 -0.00000 -0.03042 0.00000 -0.09434 -0.10838 -0.01938 -0.02745 -0.01407 -0.00003 -0.14634 -0.00001 1.63457
0.03137 -0.29933 -0.04610 0.10790 -0.01605 -1.11813 -0.03686 -0.00000 0.00000 -0.00000 -0.00203 -0.00000 0.03027 -0.19699 -0.00000 0.00001 -0.00993 0.00000 0.00014 -0.04257 -0.47732 -0.24844 -0.00015 -0.05548 -0.00004 -0.00412 -0.00000 -0.00852 -0.00000 -0.90180
0.00001 0.00000 -0.05857 0.08126 -0.22167 0.00000 -0.05297 -0.00012 0.00000 -0.00001 -0.02681 -0.00000 -0.00000 0.00000 -0.00003 0.00107 -0.22406 -0.00000 0.00000 -0.01529 0.00000 -0.36559 -0.02495 -0.03651 -0.00502 -0.00342 -0.00000 -0.19860 -0.00000 -0.22320
-0.00000 -0.00000 -0.00000 0.00425 -0.00000 0.00000 0.00000 -0.00000 -0.00000 0.00000 0.00001 -0.00000 -0.00000 -0.00000 -0.00000 0.00000 0.00000 -0.00000 -0.00000 0.00000 0.00000 -0.00161 -0.00000 0.00002 -0.00000 0.00000 0.00000 0.00000 -0.00000 -0.05240
0.07006 -0.29521 -0.10108 0.13977 -0.27542 0.00000 -0.10103 -0.00003 0.00000 -0.00000 -0.02529 -0.00000 0.02364 -1.40204 -0.00002 0.00018 -0.20097 0.00000 -0.73829 -0.05831 0.00000 -0.42503 -0.00340 -0.06546 -0.00068 0.00178 -0.00000 -0.13142 -0.00000 -0.32753
0.00000 0.00000 -0.00000 0.00000 0.00000 0.00000 -0.00000 -0.00000 -0.00000 0.00000 0.00000 -0.00000 -0.00000 0.00000 -0.00000 0.00000 0.00000 -0.00000 -0.00000 0.00028 0.00000 0.00000 0.00000 0.03433 -0.00000 -0.00000 0.00000 -0.00000 0.00000 0.17464
0.00000 0.00000 -0.04267 -0.02053 -0.00000 0.00002 -0.00000 -0.01676 -0.00000 -0.00304 0.00000 -0.00011 -0.00000 0.00000 -0.28446 0.10494 0.00000 0.00000 -0.00000 -0.04206 0.00000 1.37184 0.00000 1.33586 -0.67860 -0.00049 -0.00232 -0.00000 -0.00015 -0.27625
0.00000 0.00000 -0.00000 0.00000 -0.00000 0.00000 -0.00000 -0.00001 0.00000 -0.00000 0.00000 -0.00000 -0.00000 0.00000 -0.00000 0.00001 0.00000 0.00000 -0.00000 -0.02683 0.00000 -0.00000 0.00000 0.00000 -0.00000 -0.00003 -0.00000 -0.00000 -0.00000 -0.05603
0.00001 0.00000 -0.03526 -0.21910 -0.00000 0.00011 -0.00000 -0.10466 -0.00009 -0.01890 0.00000 -0.00070 -0.00000 -0.00000 -0.60598 0.18478 0.00000 -0.00001 -0.00000 -0.02304 0.00001 -0.07637 -0.00000 -0.03687 -0.00000 -0.00159 -0.01892 0.00000 -0.00005 -0.04202
-0.00000 0.00000 -0.06118 0.03120 -0.00000 0.00000 0.00000 -0.00000 -0.00000 0.00000 0.00002 -0.00000 -0.00000 -0.00000 -0.00000 0.00000 -0.00000 -0.00000 -0.00000 0.02424 0.00000 -0.10116 -0.00000 -0.01012 -0.00000 -0.00000 0.00000 -0.00001 0.00000 -0.12559
0.00073 -0.00031 -0.09011 0.11132 -0.00010 0.06267 -0.00006 -0.00000 -0.10591 -0.00000 0.00000 -0.30479 -0.00006 -0.00080 -0.00000 0.00000 -0.00001 -0.01032 -0.00007 -0.03303 -0.00022 -0.20472 -0.00000 -0.03494 -0.00000 0.17380 0.00000 -0.00000 -1.09968 0.59568
0.00000 0.00000 1.16893 -0.14503 -0.00000 0.00000 -0.00000 -0.00022 0.00000 -0.00017 0.06639 -0.00001 0.00000 0.00000 0.00687 0.01997 0.00000 -0.00000 -0.00000 -0.05613 0.00000 -0.06524 -0.27975 -0.02232 0.00090 -0.00436 -0.00006 0.00000 -0.00003 -0.00726
0.00266 -0.00144 -0.05815 0.05822 -0.00024 0.02940 -0.00018 -0.00000 -0.16733 0.00000 0.00002 -0.27174 0.00006 -0.00600 -0.00000 0.00000 -0.00002 -0.07750 0.00005 -0.02178 -0.00105 -0.09189 -0.00000 -0.02571 -0.00000 0.20052 -0.00000 -0.00003 0.00000 -0.13916
0.00000 0.00000 -0.00000 0.00000 0.00000 0.00000 -0.00000 -0.00000 0.00000 -0.00000 0.00000 -0.00000 -0.00000 0.00000 -0.00000 0.00000 0.00000 -0.00000 0.00000 0.00000 0.00000 -0.00000 -0.00000 0.00000 -0.00000 -0.00000 0.00000 0.00000 -0.00000 0.00000
