-0.00102 0.01698 0.00074 -0.00249 0.01152 -0.00456 -0.01971 -0.00164 -0.01339 0.00252
0.00119 0.00056 0.03207 -0.05805 0.00308 -0.00356 0.02492 0.09999 -0.01186 0.08549
0.10309 -0.00922 0.00071 -0.26135 -0.01803 0.00587 0.02114 0.08615 -0.01358 -0.00787
0.40018 -0.00248 0.00183 -0.00048 0.06735 -0.00288 0.01995 0.00669 -0.00040 -0.00073
-0.08171 -0.05403 -0.01095 0.00493 -0.00032 -0.02270 0.00110 -0.00509 -0.01145 -0.00261
-0.22765 -0.00378 0.00065 0.00641 -0.00872 -0.00022 -0.00931 -0.00716 0.43765 -0.00284
-0.02030 0.03924 -0.01606 0.03328 0.17433 -0.00210 0.00008 -0.00025 0.00061 0.00347
-0.04924 0.00461 0.00332 -0.10799 0.01505 -0.01300 -0.12893 0.00188 -0.00339 0.15558
-0.22203 -0.00547 -0.00178 0.00365 -0.00790 0.00235 -0.00465 -0.00063 0.00094 -0.00091
-0.27343 0.00242 0.00282 0.20269 -0.11347 -0.00620 -0.11970 0.00429 0.00099 -0.00132
