-0.00013 -0.01410 -0.19080 -0.00001 0.00004 0.00040 0.00102 -0.00046 0.00062 0.00001 0.00141 0.00016 -0.00008 -0.00025 0.00013 -0.00002 0.00004 0.32844 -0.01882 -0.00009
-0.92826 -0.00004 0.06696 0.00038 0.00058 0.00111 -0.00951 -0.00207 0.00522 -0.00610 -0.00079 0.00158 0.00054 -0.10453 0.00041 -0.00949 1.51793 -0.05323 0.04160 0.49454
0.00075 0.00091 -0.00027 0.00135 -0.00035 0.00126 -0.12556 -0.00142 0.00164 -0.00231 0.00017 0.01064 0.00015 0.00231 0.00153 -0.00002 0.00007 -0.00057 0.67490 0.00014
-0.28242 0.02976 0.01437 0.00008 0.08523 -0.00004 -0.00447 0.00087 0.44044 -0.00484 0.23371 -0.29027 -0.60981 0.04683 0.00363 0.00050 -0.17063 0.00614 -0.00675 -0.04022
0.54766 -0.88317 0.07989 -0.00012 0.00000 0.00058 0.00062 0.00055 -0.00069 0.00255 -0.00053 -0.00003 0.00034 -0.16260 0.00001 -0.06367 -0.93567 -0.07220 -0.00007 -0.30387
-0.18857 -0.07964 0.05769 -0.59425 0.10526 -0.00018 -0.04285 -0.00027 -0.20491 0.00131 -0.02334 0.11171 0.05881 0.02781 0.07038 0.00311 -0.01379 -0.01618 0.04497 -0.01905
-0.00203 -0.00325 0.00045 0.04761 0.00439 0.00155 0.00001 0.00235 -0.60015 0.04746 0.05626 -0.39000 -0.02366 -0.02396 -0.02946 0.00028 -0.00172 -0.00044 0.00019 0.00005
0.20485 0.00629 0.06957 0.59222 -0.02531 -1.04362 0.03223 0.00052 0.20662 -0.00085 0.09999 -0.01948 -0.07286 0.02005 0.00819 0.00031 -0.02411 -0.00676 0.14607 0.00637
-0.16369 0.00706 0.00054 0.00012 -0.01568 -0.00019 -0.00060 0.00074 -0.00041 -0.04153 -0.26213 0.43841 0.01606 -0.06141 0.09028 0.00272 0.00451 0.00023 0.00010 0.00066
0.66568 -0.02447 0.02321 0.00109 0.06082 0.12566 0.00097 -0.15095 -0.00662 -0.00006 0.30970 -0.00282 0.00312 -1.00916 -0.29482 -0.16261 -0.04361 0.00536 0.00083 -0.00288
0.50910 -0.21969 0.00330 -0.00068 0.40377 0.00055 -0.00046 -0.00051 -0.00016 0.00087 0.00001 0.00049 -0.39540 0.31838 -0.65909 -0.03866 -0.19443 0.00803 -0.00025 -0.02903
-0.04435 0.01384 0.00053 -0.00061 -0.04379 0.00079 -0.00029 -0.00141 0.00104 -0.05396 -0.63238 -0.00061 0.23377 -0.06335 0.41711 0.00005 0.01214 0.00036 -0.00044 0.00403
-0.58655 0.28514 0.01014 0.00030 -0.42773 0.00097 -0.00039 -0.00094 -0.00070 -0.00058 -0.00087 0.00115 -0.00032 -0.21846 0.00031 -0.00716 0.25823 -0.00473 0.00546 0.00939
-0.33415 0.00030 0.01108 0.00148 0.00016 -0.00033 0.00048 0.00331 0.00055 -0.00038 -0.00001 0.00065 -0.00072 0.00025 -0.00100 -0.00017 0.00008 -0.00285 0.00049 0.00013
-0.63346 0.23643 0.00222 0.00079 -0.48984 0.00022 0.00077 -0.00023 0.00044 -0.00032 -0.00010 0.00123 0.46207 2.06056 -0.00031 -0.09588 0.17546 -0.00216 0.00177 0.00742
1.01088 -0.00020 0.28074 0.00163 0.00014 -0.01072 0.06269 0.06118 -0.02801 0.00115 0.00592 -0.01482 -0.00385 -0.27967 -0.00268 0.00002 -0.00022 -0.04743 0.04211 -0.10616
-3.66964 0.00292 0.15037 -0.00097 -0.00018 0.00133 -0.01495 -0.00283 0.00777 -0.01115 -0.00124 0.00285 0.00046 -0.20188 0.00130 -0.30706 -0.00005 -0.11986 0.03414 0.59113
-0.00046 0.00027 -0.62763 -0.00014 0.00009 -0.00129 0.07919 0.00139 -0.00480 0.00044 0.00031 -0.00439 0.00021 -0.00022 0.00113 -0.00016 0.00004 -0.00007 -0.40624 0.00001
-0.00284 0.00025 0.00028 -0.00531 -0.00003 0.00333 -0.55566 -0.00048 0.13589 -0.00352 -0.00419 0.04584 0.00266 0.00253 0.00508 0.00021 0.00008 -0.00016 0.00004 -0.00009
-3.07594 -0.00196 0.00896 -0.00182 0.00021 0.00709 -0.04091 -0.01907 0.05399 -0.04532 -0.00448 0.01255 0.00167 -0.15238 0.00282 -0.00163 0.00025 0.02106 0.01739 0.00003
