0.00194 -0.00799 -0.60008 0.00053 0.01379 -0.00145 0.00244 0.00130 0.14408 0.00640 -0.01517 0.00075 0.00008 -0.46644 0.00105 0.00552 0.18904 0.07509 -0.00237 -0.00190
-0.05574 -0.00019 0.02201 0.12972 -0.00027 -0.39603 -0.16092 0.39242 -0.00276 0.00421 0.00284 -0.09641 0.00585 0.00003 -0.25779 -0.00090 -0.00445 -0.00540 0.00185 0.02145
0.00071 0.00765 -0.00057 -0.00033 -0.03906 -0.00414 -0.00318 0.00221 -0.38220 -0.01827 0.12743 -0.00896 -0.00023 0.54085 -0.00105 -0.01233 -0.45397 -0.39820 0.00793 0.00060
-0.90467 -0.00014 0.41985 -0.00136 0.00258 -0.00330 -0.00236 0.00068 -0.02738 -0.00249 0.01252 -0.00390 -0.00250 0.35278 -0.00261 -0.00451 -0.03870 -0.03797 0.00515 0.23455
0.05765 -0.58460 -0.00585 -0.01276 0.00181 -0.02562 0.02391 -0.07378 0.00271 -0.00410 -0.00030 0.03348 -0.00002 -0.00475 0.00173 -0.01703 0.00124 0.00089 -0.62588 0.01147
0.36331 -0.00142 -0.07229 -0.13652 0.00208 -0.00072 0.09672 -0.40958 0.01414 -0.00034 -0.00304 -0.00005 -0.01851 -0.01349 0.06120 -0.00041 0.02188 0.00938 -0.00091 -0.03161
0.19062 0.00057 -0.25188 -0.51572 0.01248 -0.00044 -0.00073 -0.00072 0.04330 -0.10356 -0.00115 0.00095 -0.25369 -0.21378 0.02289 -0.00415 0.06041 -0.00077 -0.00149 -0.08215
-0.53585 0.00035 0.13223 0.78389 -0.00228 -0.00172 -0.66627 0.00067 -0.00418 -0.00531 0.00511 -0.00141 -0.04348 0.06314 -0.57778 -0.00197 -0.01081 -0.00833 0.00230 0.11460
0.00313 -0.06623 -0.00092 -0.00331 0.21455 -0.00443 0.00205 -0.00676 -0.00013 -0.01162 -0.53240 0.01180 -0.00046 -0.00123 0.00060 0.04207 -0.00192 0.00094 -0.13133 0.00371
0.07646 0.04145 -0.03850 -0.13837 -0.54463 -0.01041 0.00275 0.03414 0.01226 -0.00212 0.00563 0.06463 -0.00389 -0.08266 0.00595 0.13117 0.03029 -0.02588 -0.23831 -0.05288
-0.00905 0.13849 0.00296 0.01115 -0.78828 -0.11203 -0.02103 0.02766 -0.00056 -0.09630 0.00146 -0.26280 0.00017 0.00150 -0.01675 -0.37434 -0.00053 -0.00023 0.39126 0.00526
0.24561 0.02008 -0.03496 -0.20940 0.00082 0.43688 0.13111 -0.66097 0.00597 0.00447 -0.00101 0.00014 -0.02948 -0.02161 -0.01817 0.00103 0.00934 0.00213 -0.00085 -0.02250
-1.18485 0.01515 -0.32055 -0.38691 -0.32328 -0.03904 -0.01054 -0.01527 -0.26001 -0.66284 0.16745 -0.04855 0.00085 -0.66962 -0.00639 -0.02055 -0.26655 -0.54226 -0.08000 -0.99427
0.00134 0.01026 0.00080 0.00123 -0.05368 -0.00528 -0.00186 0.00692 -0.37268 -0.00330 0.21014 -0.01603 -0.00063 -0.00082 -0.00246 -0.03156 -0.43055 -0.46587 0.02343 0.04038
0.18104 -0.00357 -0.01674 -0.31888 0.00863 -0.00362 -0.03074 -0.00037 0.07584 -0.06618 -0.00495 -0.00393 -0.29622 -0.31178 -0.00110 0.00057 0.10029 0.00657 -0.00275 -0.33146
0.15309 -0.65078 -0.02206 -0.12725 0.00019 0.09360 -0.15842 -0.32042 0.00388 0.00562 -0.00063 0.23311 -0.02072 -0.01172 0.01918 0.00051 0.00522 0.00130 -0.00113 0.00136
0.00618 -0.04979 -0.00152 -0.00247 0.16383 -0.00440 -0.00021 -0.00415 -0.30974 -0.01253 -0.40348 0.01056 0.00032 -0.00093 -0.00144 0.04379 0.00073 0.78200 -0.10689 0.00143
0.00853 -0.06908 -0.00193 -0.00378 0.31064 0.00144 0.00316 -0.00796 0.22218 -0.00098 -0.68172 0.03431 -0.00066 -0.00083 0.00091 0.07775 0.00075 -0.00017 -0.19248 0.00079
-0.24948 0.18231 0.01138 0.00562 0.00077 -0.85124 -0.08456 0.07849 -0.00380 -0.00315 0.00200 -0.74001 -0.00400 -0.00128 -0.06469 -0.71030 -0.00474 -0.00394 0.00048 0.01947
0.18943 -0.00394 -0.12780 -0.00121 0.06054 -0.02134 0.00747 0.01173 -0.12414 0.01444 0.09746 -0.01143 -0.00012 0.02049 -0.00255 -0.02704 -0.17104 -0.27595 0.06557 -0.00162
