0.00000 -0.00019 -0.23853 -0.00006 0.00125 0.00000 0.00969 0.00536 1.09747 0.00000 -0.00000 0.00019 -0.03092 -0.00000 0.00000 0.00000 -0.00000 0.00000 -0.00000 -0.00000
0.00000 -0.00000 -0.00000 0.86387 0.00000 -0.00000 -0.00000 0.00000 0.00000 -0.00435 0.00000 -0.11186 -0.00000 0.91013 0.14812 0.00161 0.00002 0.00021 -0.00100 0.01235
0.00000 0.00729 0.00000 0.00081 -0.00586 0.00000 -0.35480 -0.03087 0.00000 -0.00000 0.00000 -0.00911 1.12022 0.00000 0.00004 -0.00000 -0.00000 -0.00000 0.00000 0.00000
0.00004 0.00000 -0.00000 0.00000 -0.00000 -0.00000 0.00000 0.00000 0.00000 -0.00399 -0.00004 -0.28280 -0.00000 0.77864 0.35731 0.01033 0.00031 0.00209 0.03981 0.05649
0.00000 -0.52100 -0.00000 -0.28012 0.00000 0.00000 0.00000 -0.00000 0.00000 0.00083 -0.00000 0.07695 -0.00000 -0.31853 -0.00243 -0.00008 -0.00000 -0.00003 -0.01552 -0.00219
-0.00257 -0.46033 -0.40379 0.50603 -0.00038 0.00000 0.15267 0.00572 -0.39417 0.00822 -0.00139 -0.39970 0.01969 0.44209 -0.49421 0.00629 0.00005 0.09476 -0.10905 0.24705
0.00000 -0.07189 0.00000 0.00175 0.21207 -0.00000 0.00000 1.11170 -0.00000 0.00000 0.00000 0.01450 0.00000 -0.01763 -0.00183 -0.00000 -0.00000 -0.00000 -0.00030 -0.00008
0.00000 -0.45037 -0.00000 -0.06569 1.39386 0.00000 0.00000 0.00000 0.00000 0.00010 -0.00000 0.16934 -0.00000 0.00136 -0.01245 -0.00001 -0.00000 -0.00000 -0.00409 -0.00062
0.00000 -0.00067 -1.09205 -0.00055 0.00651 0.00000 0.00984 0.00999 0.00000 -0.00000 -0.00000 0.00181 -0.42217 -0.00008 -0.00000 0.00000 -0.00000 -0.00000 -0.00000 -0.00000
-0.00352 0.00000 0.00267 0.00000 0.00000 -0.00000 -0.00004 -0.00000 -0.01259 0.00000 0.00000 -0.00000 0.00024 -0.00000 -0.00000 -0.14704 -0.09491 -0.26955 -0.00000 0.00000
0.50003 -0.00657 0.00000 -0.00014 -0.00352 0.00115 0.00217 -0.00542 0.05612 -0.01483 0.00000 -0.61949 -0.10737 0.21312 -0.05887 0.05502 -0.06868 -0.39985 0.01017 -0.35397
-0.00010 0.00000 0.00000 -0.00000 -0.00000 -0.00000 0.00000 -0.00000 -0.00000 0.01505 0.00000 -0.00000 -0.00000 -0.70183 -0.11294 -0.00255 -0.00003 -0.00039 0.00471 0.00400
0.00000 0.00435 -0.00000 0.01065 -0.03056 0.00000 -1.20817 -0.32976 -0.00000 -0.00000 -0.00000 -0.00661 0.00000 0.00341 0.00023 0.00000 0.00000 0.00000 0.00002 0.00000
0.00012 -0.00000 -0.00000 -0.00000 -0.00000 -0.00000 0.00000 0.00000 0.00000 -0.00704 -0.00000 0.00000 -0.00000 0.00000 0.83054 -0.00055 0.00046 0.00229 0.23059 0.01220
0.00142 -0.00000 -0.00001 -0.00000 0.00000 -0.00000 0.00000 0.00000 0.00014 -0.09760 -0.00000 -0.00000 -0.00000 0.00000 0.00000 0.04990 0.00600 0.02478 1.47030 0.20611
0.06767 0.00000 -0.01002 -0.00000 0.00009 0.00000 0.00041 0.00006 -0.00251 -0.00000 -0.00000 0.00000 -0.00223 -0.00000 -0.00000 0.00000 0.40257 1.16559 -0.00000 0.00000
1.17576 -0.00002 -0.02207 -0.00000 0.00016 -0.00000 0.00484 0.00080 0.31165 0.00000 0.00000 0.00009 -0.01085 -0.00000 0.00000 0.00000 0.00000 0.00000 0.00000 0.00000
0.24283 -0.00000 -0.00748 -0.00000 0.00004 0.00000 0.00131 0.00017 0.03017 0.00000 0.00000 0.00001 -0.00614 -0.00000 0.00000 0.00000 1.42202 0.00000 -0.00000 0.00000
0.00923 -0.00000 -0.00015 -0.00000 0.00000 -0.00000 0.00000 0.00000 0.00087 -0.99100 -0.00000 -0.00000 -0.00001 0.00000 -0.00000 0.02212 0.02032 0.00188 0.00000 0.34277
0.01516 -0.00000 -0.00233 0.00000 0.00000 0.00000 0.00001 0.00000 0.00529 -0.96316 -0.00000 0.00000 -0.00000 -0.00000 -0.00000 0.48632 0.01105 0.05844 0.00000 0.00000
