0.00000 0.00000 0.00000 0.00000 -0.39285 0.00000 -0.47088 0.00000 0.00000 0.00000
0.00000 0.00000 0.00000 0.00000 0.00000 0.00000 0.36520 0.00000 0.00000 0.00000
0.36323 0.00000 0.00000 0.56742 0.00000 0.00000 0.00000 0.00000 0.00000 0.00000
0.55354 0.00000 0.00000 0.00000 -0.65355 0.00000 -0.37893 0.00000 0.00000 0.00000
0.00000 1.27910 0.00000 0.00000 0.00000 0.00000 0.00000 0.00000 0.00000 0.00000
0.00000 0.00000 0.47707 0.32287 -0.81300 0.00000 0.00000 0.00000 -0.32850 0.00000
0.00000 0.00000 0.00000 0.00000 0.00000 0.00000 0.00000 0.36229 0.00000 -1.44990
0.00000 0.00000 0.37879 0.00000 0.00000 0.99845 0.00000 0.00000 -0.69033 0.00000
0.00000 0.00000 -0.45804 -0.37295 0.00000 0.00000 0.30164 0.00000 0.00000 0.00000
0.00000 0.00000 0.00000 0.00000 0.00000 0.00000 0.00000 -0.37467 0.00000 0.00000
