-0.00000 0.00006 -0.00075 -0.00005 -0.00076 0.00018 0.00296 0.00274 0.00036 -0.00127
-0.00320 0.00000 -0.00463 0.00000 0.00000 -0.00000 -0.00001 -0.00002 0.01342 -0.00012
-0.00075 0.00262 -0.00000 -0.00173 -0.00118 0.00124 -0.00020 0.00037 0.00039 0.00160
-0.00013 0.17638 -0.00594 -0.00000 -0.25170 -0.02978 0.05316 -0.23512 -0.01540 -0.06602
-0.00323 1.09227 -0.00973 0.00001 0.00000 0.00000 0.20492 -0.00001 0.00157 -0.15050
0.00009 0.06807 0.00041 0.00002 -0.34800 -0.00000 0.08726 -0.00003 -0.00142 -0.04764
0.00195 0.13004 0.00100 0.00017 0.00001 -0.00000 -0.00000 -0.00005 -0.02113 -1.17037
0.00078 0.20124 0.00033 0.00001 0.40048 0.15243 0.18501 -0.00000 -0.03465 -0.19403
-0.00083 -0.00010 0.00101 -0.00000 -0.00043 -0.00187 -0.00018 -0.00012 -0.00000 0.00165
-0.00256 -0.12450 -0.00286 -0.00008 -0.00007 0.00005 0.00000 0.00003 -0.01857 0.00000
