0.00000 -0.00032 -0.00000 0.00000 0.00000 -0.00001 0.00001 -0.00094 -0.21456 -0.00000 -0.00000 0.00005 -0.00001 -0.00069 -0.00002 -0.00014 0.00412 0.00000 -0.00000 -0.00013 -0.00000 -0.00028 -0.00013 -0.00134 -0.00000 -0.00000 -0.00147 0.00117 0.00000 -0.00163
-0.00008 -0.00000 -0.00000 0.01361 -0.00000 -0.00000 -0.00000 -0.00000 0.00000 -0.00001 0.00000 -0.00000 0.00000 0.00000 0.00000 -0.00000 0.00000 -0.00000 -0.00000 0.00000 0.00000 -0.00003 0.00000 -0.00000 -1.39932 0.00000 0.00000 0.00000 0.00000 0.00000
0.00102 0.00200 -0.00000 0.00272 0.00030 -0.00023 0.00000 0.00362 -0.04606 0.00000 0.00000 0.00000 -0.00000 -0.00702 -0.00000 -0.46342 0.05415 -0.54756 0.00571 -0.00000 -0.00000 -0.00089 0.00000 0.01361 -0.00000 0.00000 -0.00362 -0.08622 -0.00000 -0.01166
-0.00007 0.00000 0.00000 -0.00000 0.00000 0.00000 -0.00000 0.00004 0.00048 -0.00001 0.00002 -0.00000 -0.00000 -0.00000 -0.00000 -0.00000 0.00040 0.00000 -0.00014 0.00000 -0.00000 -0.00000 0.00015 -0.00064 -0.00000 -0.00001 -0.00000 -0.00007 -0.00000 0.00000
0.00000 0.00235 0.00000 -0.00000 -0.00000 0.18917 0.00127 0.84329 0.00000 0.00130 0.00018 -0.00000 -0.00000 -0.02273 -0.00000 0.00004 -0.00000 0.00000 -0.00000 -0.14812 0.00076 -0.00160 -0.10519 0.09943 -0.00346 0.00017 -0.01472 0.00003 -0.00048 0.00000
-0.00016 0.07401 -0.00004 -0.03625 0.00000 0.00000 0.00159 0.00000 0.00000 0.72570 0.00939 -0.00000 -0.00349 0.00000 -0.00000 -0.00000 -0.00000 0.00000 0.00000 0.67636 0.00026 0.00000 0.02392 0.00055 0.00380 0.00019 0.00000 -0.00000 -0.00510 -0.00000
-0.00233 0.00361 -0.32596 -0.00417 0.00000 0.00000 0.00000 -0.00196 0.26317 -0.00000 -0.00000 -0.00000 -0.00000 0.00033 -0.00000 0.11014 -0.00353 0.01842 0.00909 -0.00000 0.87627 0.00004 0.00000 0.00000 0.01846 0.09661 0.00020 0.01689 -0.00000 0.00189
0.00000 0.14025 -0.00000 -0.00460 0.00000 -0.04662 -0.00000 -0.00000 -0.00000 -0.01209 -0.00000 0.00000 -0.00081 -0.18926 -0.00000 -0.00000 -0.00000 0.00000 -0.00000 -0.00899 -0.00000 -0.11538 -0.00158 -0.16688 -0.00758 -0.00000 -0.22465 0.00000 -0.00000 0.00000
0.00000 -0.00053 -0.00001 -0.00067 -0.00044 0.00052 -0.00000 -0.00362 0.00000 0.00000 0.00000 -0.00001 0.00000 0.01015 -0.00007 0.00000 -0.16413 0.00003 0.01366 0.00013 0.00004 0.00203 0.00001 0.00019 0.00202 0.00000 0.00546 0.17572 -0.00000 0.00247
0.00058 0.00029 -0.00139 -0.00440 0.00000 -0.00000 0.01035 0.00000 0.00030 0.00000 0.06143 -0.00018 0.28759 -0.00000 -0.00000 0.00018 -0.00003 0.00013 -0.00000 -0.00000 0.00336 -0.00000 0.61844 0.03016 0.00285 0.00169 -0.00000 0.00001 0.00226 0.00000
0.00054 -0.00010 0.00114 -0.00030 -0.00000 0.00000 0.30318 -0.00002 0.00682 0.00000 0.00000 -0.00000 0.00000 0.00000 -0.00000 0.01366 -0.00248 0.00241 0.00079 -0.00000 0.04998 0.00000 0.00000 -0.00037 0.00416 0.15283 -0.00000 0.00231 -1.22227 0.00007
-0.00005 0.00054 0.00065 0.00000 -0.00000 0.00001 -0.00186 0.00256 -0.00117 -0.00134 0.00543 -0.00000 0.00235 0.00007 0.00000 0.00205 0.00174 0.00001 -0.00000 0.00000 0.00007 0.00088 0.00000 0.00000 -0.00009 -0.33166 0.00007 0.00000 0.00335 0.00000
-0.00105 -0.07218 -0.00900 -0.00267 0.00000 0.00000 0.05228 0.00000 0.00323 0.00000 1.07286 -0.00000 -0.00000 -0.00000 0.00000 0.00447 -0.00057 0.00010 0.00013 0.00000 -0.00278 0.00000 -0.00000 -0.55183 -0.90618 0.00153 0.00000 0.00041 -0.26631 0.00000
0.00000 0.12636 0.00000 -0.00219 -0.00000 0.23847 0.00006 0.00000 -0.00000 0.00172 0.00135 -0.00000 0.00473 -0.00000 -0.00000 0.00000 -0.00000 0.00000 -0.00000 0.09015 -0.00000 0.38030 0.01436 0.00017 0.00256 0.00000 0.44421 0.00000 -0.00024 0.00000
-0.00000 -0.03431 -0.10031 0.02322 -0.00463 -0.38571 -0.04791 -0.82502 -0.00319 -0.08694 0.00000 -0.00006 -0.10099 0.13075 -0.00000 -0.00117 0.04966 0.08545 -0.00922 0.14799 -0.18938 -0.00183 0.42849 -0.15231 0.00000 -0.00157 0.12493 -0.00386 0.00205 0.15484
-0.00323 0.00488 -0.00000 -0.23246 -0.00070 0.00144 0.00000 0.00439 0.15243 0.00007 0.00000 -0.00001 -0.00000 0.01442 0.00000 -0.00000 -0.61172 0.00000 0.16200 0.00014 -0.00000 0.00415 0.00001 0.12581 0.00165 -0.00000 0.02979 0.37463 -0.00000 0.00844
0.00003 0.00146 -0.00000 -0.00232 -0.00000 -0.01279 -0.00001 0.41341 -0.00000 -0.00090 -0.00000 -0.00000 -0.00000 -0.00317 -0.00002 0.00000 0.00000 0.00000 -1.41262 -0.00270 0.00000 -0.02609 -0.00000 -0.22300 -0.00481 -0.00000 0.00035 -0.00000 0.00000 -0.16050
-0.01519 0.05308 0.00000 -0.00554 -0.00094 0.00060 -0.00000 -0.00478 0.05219 0.00000 0.00000 -0.00000 0.00000 0.01463 0.00003 0.05732 -0.29833 0.00000 0.12079 0.00012 0.00000 0.00271 0.00000 0.18315 0.00478 -0.00000 0.00885 0.17408 0.00000 0.02160
-0.00007 -0.49748 0.00000 -0.00449 0.00137 0.00184 0.00001 -0.94110 -0.00000 0.00386 0.00001 0.00003 0.00014 0.06791 0.00000 0.00000 0.00000 -0.00000 -0.00000 0.00783 0.00000 -0.00180 0.00015 -0.22271 0.09531 -0.00000 0.00590 0.00000 -0.00000 0.42558
-0.00000 0.00296 -0.00057 0.38659 0.00000 0.00000 0.00420 -0.00000 0.00006 0.92383 -0.00261 -0.00000 0.08484 -0.00000 -0.00000 0.00001 -0.00000 0.00006 0.00000 -0.00000 0.00087 -0.00000 0.39382 0.00000 -0.00213 0.00036 0.00000 0.00000 -0.01069 -0.00000
-0.00104 -0.08545 -0.10021 0.00393 -0.00007 0.00000 -0.00000 -0.01522 0.00386 0.00000 -0.00000 0.00000 0.00000 0.00128 -0.00000 0.37369 -0.01060 0.99931 0.00374 0.00000 0.00000 0.00009 -0.00000 0.30674 0.00560 1.26988 0.00057 0.01102 0.00000 0.00510
-0.00000 0.00000 -0.00003 -0.00039 0.00000 0.71802 0.00024 0.00000 -0.00000 0.12863 0.00355 -0.00000 0.00791 0.00000 0.00000 0.00000 0.00000 -0.00000 -0.00000 0.45226 0.00000 -0.00000 0.00661 0.00000 0.00112 -0.00000 0.00000 -0.00000 -0.00146 -0.00000
-0.00209 0.00027 -0.00684 0.00020 0.00000 0.00000 -0.00445 0.00000 0.00180 -0.00000 0.45483 -0.00003 1.00981 0.00000 -0.00000 0.00097 -0.00002 0.00188 -0.00000 0.00000 0.00174 -0.00000 -0.00000 -0.00078 0.08672 0.00140 0.00000 0.00004 -0.08706 0.00000
0.00001 0.24546 0.00000 -0.00183 0.00000 0.00001 -0.00000 -0.00000 0.00000 -0.00000 0.00000 -0.00000 0.00000 0.00014 -0.00000 -0.00000 0.00000 -0.00000 -0.00000 -0.00000 -0.00000 0.00001 -0.00000 -0.00000 0.00628 0.00000 -0.00000 -0.00001 0.00000 0.00016
0.00006 0.00000 -0.00000 -0.01483 0.00001 0.00000 0.00000 -0.00000 0.00001 -0.00000 0.00013 0.00001 -0.00000 -0.00000 0.00000 0.00000 -0.00000 -0.00000 0.00000 0.00000 -0.00000 0.00000 0.00000 -0.00000 -0.00000 0.00000 -0.00000 -0.00000 -0.00003 0.00000
-0.01335 -0.00164 -0.17057 -0.00483 -0.00006 0.00000 -0.00000 -0.00794 0.01592 0.00000 0.00000 0.00000 -0.00000 0.00209 -0.00000 0.24273 -0.03068 0.25853 -0.00296 0.00001 0.00000 0.00013 -0.00000 0.00095 -0.05379 0.00000 0.00085 -0.00318 0.00000 0.00908
-0.00000 -0.00001 -0.00001 -0.00012 0.00000 0.43574 0.00001 -0.00000 0.00000 0.01505 0.00082 0.00000 0.00185 -0.00000 -0.00000 0.00000 -0.00000 0.00000 -0.00000 0.15395 -0.00000 0.70604 0.00700 0.00088 0.00000 -0.00000 -0.00000 -0.00000 -0.00033 0.00000
-0.00000 0.11224 -0.00002 -0.00027 -0.00050 0.00565 -0.00000 -0.67362 0.00000 0.00057 0.00000 -0.00000 -0.00000 0.04350 -0.00000 -0.00000 -0.80199 0.00000 -0.18019 0.00210 -0.00000 0.00954 0.00015 0.15800 -0.01670 -0.00000 0.01197 0.00000 0.00000 0.37282
-0.00000 0.00225 0.13426 -0.00283 -0.00000 0.00000 -0.67099 0.00021 -0.00042 0.00000 -0.00000 -0.00000 -0.00000 -0.00000 -0.00000 0.00293 0.00637 -0.00452 -0.00281 0.00000 -0.29460 0.00000 -0.00000 -0.00407 -0.00128 -0.38761 -0.00000 -0.00746 0.00000 -0.00032
-0.00000 0.06015 0.00000 -0.00608 -0.05458 0.07719 -0.00000 0.00004 0.00000 0.01239 0.00008 -0.00001 0.00030 0.34445 -0.00000 0.00000 0.00000 0.00000 0.00000 0.01202 -0.00000 0.21202 0.00222 0.00230 -0.00313 -0.00002 0.51673 -0.00000 -0.00002 -0.00000
