0.00000 0.00001 0.00007 -0.33635 -1.62879 -0.00000 1.21683 -0.72574 -1.20310 -0.04763
-0.06706 0.00000 -0.00014 -0.05450 0.03585 -0.00000 -0.00361 0.10123 0.02177 -0.00954
-0.08043 0.04490 0.00000 -0.02134 0.98496 -0.00019 0.09523 0.12609 -0.03750 -0.00518
-0.00000 0.00005 -0.00001 0.00000 -0.00004 -0.00000 1.57576 0.00000 0.01704 -1.73819
-0.00000 0.00002 0.00000 0.04321 0.00000 -0.00000 0.07282 0.45565 -0.02865 0.00316
-0.24701 -1.69391 -0.04391 -0.30384 -0.61074 0.00000 -0.30184 -0.29610 0.20579 -0.03577
0.00000 0.00002 0.00001 0.00000 -0.00008 0.00000 0.00000 -0.00001 -0.00000 -0.00005
-0.00001 0.00004 0.00001 -0.17978 0.00003 -0.00002 -0.36686 0.00000 0.18147 -0.01276
-0.00000 0.00001 -0.00006 -0.00122 0.00007 -0.00000 -1.18277 0.00002 0.00000 -0.00587
0.00000 -0.00003 0.00008 -0.00000 0.00003 -0.00000 -0.16034 -0.00000 0.00006 0.00000
