0.00000 0.00000 -0.00584 0.46240 0.00064 -0.16756 -0.49041 -0.88182 -0.16077 -0.77651
-0.15692 0.00000 -0.00016 -0.01485 -0.00000 0.00717 -0.10975 0.09393 0.30618 0.03584
-0.00038 -0.00166 -0.00000 -0.08639 -0.15592 -0.00001 -0.49992 0.44038 -0.07246 0.00867
-0.00000 -0.00004 -0.00000 0.00000 0.00002 -0.00000 -0.18819 -0.00041 -0.00003 -0.00000
-0.00332 -0.15605 -0.00000 -0.07230 0.00000 -0.00035 2.44600 -1.69056 -0.09878 -0.00124
-0.00001 -0.00011 -0.15317 -0.09693 -0.00241 -0.00000 -0.79333 1.00111 -0.08383 0.57276
-0.00000 0.00000 -0.00000 -0.00000 0.00000 -0.00000 0.00000 -0.00001 0.00000 -0.00000
-0.00000 0.00000 0.00000 0.01384 -0.00000 0.00000 0.24297 -0.00000 0.00000 -0.00002
-0.00000 0.00000 -0.00000 -0.11855 -0.00004 -0.00000 -0.60675 0.98895 -0.00000 0.00006
-0.00000 0.00001 -0.00001 -0.25217 0.00118 0.00000 -0.15717 -0.11243 -0.05158 -0.00000
