0.00000 -0.00000 0.00100 -0.02214 -0.10630 -0.62920 -0.00000 -0.48425 -0.55808 -0.00001 -0.45524 0.75564 0.02518 0.02036 -0.00024 -0.01577 -0.04971 -0.03966 0.02043 -0.02079 0.04009 -0.00000 -0.00005 -0.49779 -0.00024 0.95706 -0.01962 -0.03079 0.21171 -0.00530
-0.17025 0.00000 0.04125 -0.00791 -0.01066 -0.05068 -0.78791 -0.03254 0.06729 -0.01301 0.37871 0.00234 0.00055 0.00098 -0.00031 -0.00915 -0.01046 0.00582 0.04286 0.00075 0.03157 -0.13742 -0.00918 0.01456 -0.01356 -0.00141 -0.00775 -0.00776 -0.00658 -1.62172
-0.00000 -0.00000 0.00000 -0.00020 0.01103 -0.00001 0.00000 0.00014 0.00001 -0.00003 -0.00000 -0.00001 -0.00013 0.00000 -0.00030 0.01467 0.00002 0.00032 0.00001 0.00000 -0.00011 -0.00000 0.00002 -0.00000 -0.00000 -0.00009 0.00000 -0.00000 0.00000 0.00032
0.00004 0.00048 0.00226 0.00000 0.01159 -0.01151 0.00019 0.00005 0.01744 -0.00012 0.00016 -0.01362 -0.00156 0.00305 -0.00452 -0.01287 -0.00617 -0.00000 0.00892 0.02370 -0.01160 0.00007 -0.00705 0.00454 -0.01014 0.00836 -0.00375 0.00012 -0.00012 0.01130
-0.00000 -0.00000 0.00019 -0.00024 0.00000 -0.00002 -0.00000 0.00010 0.00000 0.00001 -0.00000 -0.00002 0.00009 -0.00000 0.00033 0.00000 -0.00025 -0.00014 0.00010 -0.00021 -0.00013 0.00000 0.00006 -0.00000 0.00000 0.00000 -0.00000 -0.00000 0.00000 0.00033
0.00000 0.00000 -0.01174 -0.00001 0.01334 0.00000 0.00000 -0.00022 -0.01841 -0.00000 0.00000 0.00000 -0.00284 0.04495 -0.00040 -0.00057 0.02145 0.00001 -0.00882 0.00015 -0.00007 0.00000 -0.00020 0.00476 -0.00009 0.00699 -0.00208 -0.00604 -0.37691 -0.00005
-0.22358 -0.00000 -0.00997 0.01219 -0.00172 -2.11538 0.00000 -0.00513 -0.12010 0.00002 -0.93230 2.30884 0.04080 0.01177 0.00019 0.01154 0.06879 -0.04143 0.03506 0.00700 -0.02180 -0.16475 0.00038 -0.03059 -0.00018 -0.06061 0.00895 -0.00277 0.74390 0.04933
-0.00000 0.00000 0.02431 0.00116 -0.01507 0.01027 0.00001 0.00000 -0.00033 0.00005 0.00002 -0.00005 0.00043 -0.00062 -0.00000 -0.00006 -0.01014 0.00168 -0.00016 -0.00023 -0.00008 0.00001 -0.00006 0.00009 0.00011 0.00459 -0.00013 0.00012 -0.00017 -0.01061
-0.00000 0.00000 0.01377 -0.00006 -0.02608 0.00003 -0.00000 0.00259 0.00000 -0.00001 0.00000 0.00002 0.00033 0.00000 -0.00054 0.00043 0.07325 -0.00017 0.00010 0.00056 0.00022 -0.00000 0.00002 -0.88698 -0.00000 0.07220 0.02569 -0.00000 -0.00000 -0.00006
-0.43220 -0.00014 -0.01517 -0.01271 -0.12026 0.00744 0.17768 0.03269 0.02676 0.00000 0.00404 0.01146 0.01300 -0.01454 0.00003 -0.00896 -0.15054 -0.01266 0.00454 -0.01485 0.03702 0.31018 0.00000 -0.00049 0.00001 1.30314 -0.04883 -0.00431 -0.00443 -0.00245
-0.00000 0.00000 -0.05627 0.01468 0.06098 -0.91901 -0.00000 0.02399 1.50683 -0.00000 0.00000 0.99457 0.02770 0.01159 -0.00013 0.01374 -0.08615 -0.02502 -0.00331 0.00159 -0.02266 -0.00000 -0.00009 1.40444 0.00029 -0.14676 -0.03628 0.00527 0.31163 0.00006
0.00000 -0.00000 0.00745 -0.00011 0.00849 0.91140 0.00000 -0.00561 0.01896 0.00000 0.00000 0.00000 -0.00558 0.01658 -0.00025 0.00180 -0.01921 -0.00019 -0.00642 -0.00014 -0.00042 -0.00000 0.00036 0.00600 -0.00013 0.02146 -0.00437 -0.00713 -0.32626 -0.00014
0.00003 -0.00000 -0.00599 -0.00056 -0.00045 -0.00052 0.00000 0.00600 -0.00895 -0.00003 0.00007 -0.00025 0.00000 0.01392 0.00006 0.00019 -0.02682 0.00000 0.00016 -0.00052 0.02413 -0.00000 -0.00026 0.00074 -0.00021 0.00064 -0.00300 -0.00024 -0.00787 0.00587
0.00000 0.00000 -0.01947 -0.00040 -0.94995 0.00001 0.00000 0.00004 0.92751 -0.00001 0.00000 0.00000 -0.00013 0.00000 -0.00059 -0.00379 -0.06359 0.00003 -0.00008 0.00056 -0.00015 -0.00000 0.00003 0.83783 -0.00029 -0.06981 -0.02522 0.00007 -0.00000 -0.00022
0.00444 -0.00326 -0.00455 -0.00033 0.00274 0.00458 -0.00234 0.02768 -0.00504 0.03268 0.00190 -0.00855 0.00735 -0.01215 0.00000 -0.00049 0.00588 0.00030 -0.00131 -0.00006 -0.01938 0.00503 0.01981 0.00442 0.00142 -0.06167 0.00150 -0.00032 0.00221 0.01740
-0.00011 -0.00012 0.00021 -0.00034 1.90053 -0.00114 -0.00002 -0.01317 0.00064 -0.00015 -0.00013 -0.00064 -0.00825 -0.00019 -0.00446 0.00000 0.01785 -0.00033 0.00121 0.00019 0.00196 0.00003 -0.00007 0.00011 -0.00005 -0.00009 0.00012 0.00005 0.00036 -0.01966
-0.00000 -0.00000 0.01630 -0.00013 0.01048 0.00000 0.00000 -0.00015 0.00000 -0.00000 -0.00000 -0.00000 -0.00011 0.00000 -0.00016 0.00008 0.00000 0.00016 0.00003 0.00031 0.00012 -0.00000 -0.00000 -0.00000 0.00000 0.00000 0.08071 -0.00000 -0.00000 -0.00002
-0.00003 -0.00006 0.00250 -0.49814 -0.00773 0.03469 -0.00002 0.00032 0.01054 0.00028 -0.00004 -0.00296 -0.00803 0.00825 -0.00043 0.00647 0.00738 0.00000 0.01817 0.01998 -0.02413 0.00005 -0.00446 0.00125 -0.00616 0.00633 -0.00147 0.00038 -0.00198 0.00771
0.00000 -0.00003 0.00466 0.00016 -0.02994 0.00001 0.00002 -0.01353 0.04285 -0.00047 -0.00016 -0.00017 -0.00488 -0.00392 0.00031 0.00038 -0.04559 0.00011 0.00000 -0.02377 0.00262 -0.00000 -0.00018 -0.05157 -0.00005 -0.00877 -0.00106 -0.00000 -0.00000 0.00952
-0.00001 0.00020 1.29150 -0.00002 -0.01008 0.03451 0.00001 -0.01427 0.01657 -0.00032 0.00003 0.01339 0.00034 0.00808 0.00388 0.01374 -0.01219 0.00009 -0.00005 0.00000 -0.00635 -0.00011 -0.00702 -0.00166 0.00008 0.00058 0.00046 0.00004 0.00157 -0.00289
-0.00001 0.00000 -0.00329 0.00011 -0.00386 0.01349 -0.00015 -0.00007 -0.01290 -0.00006 -0.00010 -0.00794 -0.00025 0.01549 -0.00008 -0.00009 -0.00893 -0.00017 -0.00015 0.00023 0.00000 -0.00020 -0.00011 -0.00480 0.00016 0.00244 0.00047 0.00025 0.00383 -0.00000
-0.40616 0.00000 -0.00839 -0.00098 -0.26211 -0.52854 -0.00000 0.01406 -0.07684 0.00001 -0.36914 0.58898 -0.61940 -1.67690 0.00023 -0.02231 -0.01358 -0.01106 0.01327 0.00918 0.00838 0.00000 -0.00004 -0.02086 0.00021 -0.03377 -0.00020 -0.01866 0.17057 -0.00486
0.01786 -0.00038 0.02223 -0.00024 -0.00650 0.00093 0.00037 -0.02842 0.01855 0.04447 0.01167 -0.00740 -0.00466 0.00118 -0.00010 0.01019 -0.47821 -0.00021 -0.01016 0.00017 -0.01613 -0.01385 0.00000 0.01542 0.00023 -0.00516 0.04029 -0.00004 -0.00192 -0.00350
0.00000 0.00000 -0.18720 0.00008 -1.02392 0.00000 -0.00000 -0.00004 -0.00000 0.00000 0.00000 0.00000 -0.00033 -0.00000 -0.00008 -0.00291 -2.59364 0.00003 -0.00006 -0.00026 -0.00002 0.00000 0.00004 0.00000 -0.00000 -1.70387 -1.30609 0.00000 0.00000 0.00004
0.00798 0.00010 0.00222 -0.00001 -0.01505 -0.01271 -0.00334 -0.01144 -0.43310 -0.05673 0.00854 -0.02712 0.01468 0.00904 0.00049 0.01922 0.01663 0.00013 -0.00323 0.00138 0.01791 0.00486 0.00723 -0.36586 0.00000 0.02981 0.01169 -0.00023 -0.00394 -0.01216
0.00000 -0.00000 0.01389 -0.00006 0.08273 -0.00001 -0.00000 0.00012 0.00000 0.00000 -0.00000 -0.00000 0.00024 0.00000 -0.00005 -0.00613 0.13774 0.00002 0.00006 0.00027 -0.00006 -0.00000 -0.00006 -0.00000 0.00000 0.00000 0.03554 -0.00000 -0.00000 0.00012
-0.00000 -0.00000 0.72940 -0.00008 0.41630 -0.00000 -0.00000 -0.00592 0.00000 -0.00001 -0.00000 -0.00000 0.00009 0.00000 -0.00015 0.00167 0.00002 0.00003 0.00004 0.00049 -0.00013 -0.00000 0.00000 -0.00000 0.00000 -0.00002 0.00000 -0.00000 -0.00000 -0.00002
0.00000 0.00012 0.24882 0.02008 -0.81713 -0.00009 -0.00004 -0.00506 -1.49618 0.00032 0.00004 0.00005 0.00610 -0.01261 -0.01127 0.01402 2.97274 0.00259 -1.40485 -0.02337 0.00574 -0.00000 -0.00809 0.27721 -0.00573 -0.06974 1.46213 0.00000 -0.00004 0.00278
-0.00000 -0.00000 0.52535 0.00033 -0.22847 -0.00000 0.00000 -0.00038 -0.06872 0.00000 0.00000 -0.00000 -0.00008 -1.50831 0.00060 -0.00580 0.02493 -0.00003 -0.02083 -0.00051 0.00035 0.00000 0.00016 -0.01005 0.00040 0.01647 -0.00325 -0.01379 0.00000 0.00014
0.00005 -0.00000 0.00237 -0.00007 0.00037 -0.01242 0.00006 0.00007 -0.00880 0.00030 -0.02214 -0.02192 0.00012 0.01230 0.00019 0.00004 -0.02404 0.00023 0.00014 -0.00061 -1.65785 0.00008 -0.00021 -0.01130 -0.00035 0.00371 -0.00183 -0.00021 -0.00058 0.00000
