0.00000 -0.03342 0.00606 -0.00000 0.02517 0.00292 -0.00399 -0.00000 0.00112 0.02477 -0.00184 -0.00019 -0.00055 -0.01663 -0.00097 -0.00144 0.00018 0.00764 0.00247 -0.02186 0.03389 -0.00000 -0.00150 0.00016 -0.00055 0.00015 0.01566 0.02875 0.00000 0.00006
0.00000 0.00000 0.00000 0.00001 0.29271 0.15142 -0.00000 0.00000 0.00606 0.00000 -0.00000 -0.00068 -0.00000 0.00000 -0.00000 0.00000 -0.00000 0.17660 0.01648 -0.00000 -0.00000 -0.00000 -0.00283 0.00000 -0.00000 0.00000 0.00000 0.00000 0.00000 -0.00000
-0.00000 -0.37922 0.00000 0.00000 0.11868 0.06117 -0.00006 0.00000 0.00116 0.00015 -0.00183 -0.00054 -0.00072 -0.04645 0.00006 -0.00150 0.00000 0.05807 0.00094 0.00001 0.00000 -0.00014 -0.00137 -0.00028 -0.00014 -0.00000 0.00151 -0.00000 0.00018 -0.39183
-0.00186 -0.03190 0.00215 0.00000 0.02173 0.00768 -0.00228 0.00003 0.00366 0.00098 -0.00072 -0.00192 -0.00057 -0.01662 -0.00082 -0.00155 -0.00023 0.00070 0.00254 -0.01541 0.03734 0.00033 -0.00146 0.00043 -0.00024 0.02198 0.00579 0.01251 -0.00086 -0.00097
-0.00000 0.00000 -0.00000 0.00005 -0.00000 -0.00000 -0.00000 0.00000 0.00047 0.00014 0.00002 0.00000 -0.00020 -0.00000 0.00004 -0.00015 0.00009 0.00016 0.00000 0.00004 -0.00000 -0.00000 -0.05356 0.00008 0.00000 -0.00000 -0.00000 0.00002 -0.00005 0.00003
-0.00013 -0.00000 0.00000 0.00002 0.04186 0.00000 -0.00000 -0.00010 0.09319 0.00032 -0.00025 -0.04520 -0.00064 -0.00000 -0.00003 0.00010 -0.00000 0.01402 -0.36132 -0.00122 -0.00006 0.00011 -0.37343 -0.00038 0.00027 0.00003 -0.00049 -0.00019 0.00000 -0.00007
-0.00011 -0.02676 0.00114 -0.00013 -0.00055 -0.38229 -0.00000 -0.00019 0.00062 0.02977 -0.00000 0.07649 -0.00019 -0.00260 -0.00119 -0.00127 -0.00002 0.00130 0.00807 -0.00690 0.05749 0.00000 0.03957 -0.00032 -0.00015 0.03261 0.01342 0.00439 -0.00002 0.00031
0.00007 -0.05795 0.02695 -0.00017 0.01227 0.00246 -0.00482 -0.00000 0.00145 0.00944 -0.00328 -0.00059 -0.00113 -0.01189 -0.00596 -0.00173 0.00008 0.02210 0.00824 -0.01278 0.00030 -0.00000 -0.00130 0.00000 -0.00009 -0.07338 0.02174 0.07152 -0.00000 -0.00103
-0.00013 -0.00011 0.00013 -0.00001 0.00000 0.00000 -0.00013 0.00003 0.00000 0.00169 -0.00099 -0.00128 -0.00171 -0.00010 -0.00154 -0.00068 -0.00000 0.01024 -0.00000 -0.00621 0.00055 0.00002 0.00000 -0.00024 -0.00128 0.00143 0.00446 0.00241 -0.00000 -0.00191
0.00000 -0.04239 0.00006 -0.00070 0.00577 0.00021 0.00000 0.00000 0.00089 0.00000 -0.00076 -0.00014 -0.00032 0.00006 -0.00002 0.00000 0.00000 0.02093 0.00165 -0.00008 0.02563 0.00004 -0.00059 0.00000 -0.00006 0.00001 -0.00006 0.01186 -0.00004 0.00002
0.00018 -0.03973 0.00127 -0.00008 0.03263 0.00491 -0.00115 0.00010 0.00109 0.00099 -0.00000 -0.00000 -0.01645 -0.04780 -0.00313 0.00002 0.00000 -0.75396 0.00005 -0.02903 0.01109 0.00011 -0.00199 -0.00041 -0.00035 0.00000 0.00000 0.00183 0.00001 -0.00141
0.00011 -0.00095 0.00000 -0.00008 -0.91533 0.00000 -0.00000 0.00018 0.00131 0.01703 -0.00353 0.00000 -0.00029 0.00005 -0.00015 -0.00055 -0.00042 0.02085 -0.00000 -0.00218 0.00116 0.00054 -0.00098 -0.00035 0.00017 0.00107 0.00032 0.00054 -0.00010 -0.00007
-0.00010 -0.02894 0.00142 0.00000 0.00484 0.00034 -0.00005 -0.00005 0.00055 0.00573 0.00011 -0.00020 -0.00000 -0.01360 -0.00207 -0.00000 -0.00034 0.02067 0.00618 -0.00000 0.02315 -0.00000 -0.00128 0.00007 0.00003 0.01038 0.00000 0.03270 -0.00035 -0.00751
-0.00000 -0.40370 -0.00000 0.00000 0.12274 0.04384 0.00012 -0.00011 0.00046 0.00986 -0.00000 -0.00000 0.00000 0.00000 0.00000 -0.00000 0.00006 0.07877 0.01428 0.00011 0.00000 0.00010 -0.00000 -0.00001 0.02878 -0.00081 0.00000 -0.00162 -0.00000 0.00000
0.00007 -0.01398 0.00019 -0.00006 0.00633 0.00064 -0.00006 -0.00024 0.00070 0.01632 -0.00051 -0.00193 -0.00083 -0.38682 0.00000 -0.00248 -0.00009 0.02845 0.03024 -0.00430 0.05127 0.00012 -0.00152 0.00059 0.00015 0.03445 0.02122 0.02675 -0.00005 0.40910
-0.00000 -0.03894 0.00038 -0.00010 0.00377 0.00072 -0.00037 -0.00022 0.00170 0.01563 -0.00970 -0.00177 0.10840 -0.01950 -0.00038 -0.00000 0.00013 0.00108 0.00195 -0.13328 0.00148 0.21330 -0.00128 -0.00043 -0.00830 0.00172 -0.24603 0.02437 -0.00002 0.00004
0.00012 -0.01976 0.00194 0.00003 0.01515 0.00052 -0.00050 -0.00042 0.00176 0.02434 -0.01292 -0.00082 -0.00015 -0.01578 -0.00024 -0.00892 -0.00000 0.01486 0.00853 -0.01409 0.03757 0.00007 -0.00061 0.00013 -0.00060 0.01944 0.02250 0.02376 0.00014 -0.00144
-0.00007 -0.00000 -0.00000 -0.00024 0.00300 0.00014 -0.00056 0.00000 -0.00009 0.00000 -0.00000 0.00009 0.00000 0.00000 -0.00000 0.00026 0.00020 0.00000 0.00002 -0.00004 -0.00002 -0.00000 -0.00078 0.00000 -0.00000 0.00000 -0.00001 -0.00000 0.00005 -0.00003
-0.00000 -0.00007 0.00009 -0.00000 0.06171 0.00000 0.00000 -0.00010 0.00005 -0.00015 -0.00071 -0.17963 -0.00030 0.00000 0.00000 -0.00145 0.00008 0.03357 0.00000 0.00000 -0.00000 0.00012 0.36723 0.00000 0.00000 0.00001 0.00034 -0.00000 0.00000 0.00015
-0.00005 -0.03206 0.00060 0.00000 0.00028 0.00063 -0.00020 0.00000 0.00014 0.01539 0.00006 -0.00048 -0.16615 -0.00528 0.00006 -0.00000 0.00013 0.01555 0.01529 0.00000 0.03289 -0.00000 0.00034 -0.00033 -0.00001 0.00428 0.00000 0.01727 -0.00005 -0.00018
0.00000 0.00148 -0.21886 -0.00000 0.00112 0.00033 -0.00000 -0.00000 0.00072 0.00001 -0.00007 -0.00077 0.00000 -0.00037 0.00000 -0.00007 -0.00000 0.01142 0.01970 0.00000 -0.00000 -0.00000 -0.00074 0.00000 0.00000 -0.00000 -0.00000 0.00000 -0.00001 0.15390
-0.00041 -0.02945 0.00146 0.00003 0.00852 0.00218 -0.00072 -0.00012 0.00213 0.01746 -0.01892 -0.00069 0.13974 -0.00591 -0.00017 0.00000 0.00000 0.01438 0.00795 -0.21084 0.02495 -0.00000 -0.00147 -0.00015 -0.00482 0.00084 0.00000 0.00828 -0.00003 -0.00076
0.00057 -0.00012 0.00004 0.00003 0.00000 -0.00000 0.00000 -0.00000 -0.15346 0.00217 -0.00076 0.00003 -0.00005 0.00014 0.00019 -0.00190 -0.00007 0.00023 0.00000 -0.00027 0.00129 -0.00000 0.00000 -0.00005 0.00023 0.00013 0.00218 0.00040 -0.00017 0.00070
-0.00016 -0.04357 0.00089 -0.00014 0.00946 0.00170 -0.00396 0.00000 0.00387 -0.30766 -0.00617 -0.00191 -0.00041 -0.01733 -0.00103 -0.00465 -0.00002 0.02331 0.02590 -0.00213 0.03359 0.00012 -0.00150 -0.00000 0.00004 0.00454 0.01760 0.03000 -0.00000 -0.00104
-0.00005 -0.04014 -0.00002 0.00000 0.00474 0.00082 0.00000 -0.00013 0.00133 0.01910 -0.00354 -0.00026 -0.00006 -0.00000 -0.00008 0.00000 -0.00033 0.04323 0.04717 -0.02086 0.01389 -0.00004 -0.00127 -0.00000 -0.00000 -0.16214 0.00000 -0.60887 -0.00000 -0.00017
-0.00631 -0.12081 0.05071 0.00007 0.03133 0.00034 -0.00001 0.00000 0.00100 0.01371 -0.01194 -0.00010 -0.00000 -0.00077 -0.00000 -0.00167 0.00000 0.04424 0.02591 0.00007 -0.36109 -0.00079 -0.00088 -0.00011 -0.00000 -0.00000 0.00000 0.20513 -0.00001 -0.00677
-0.00000 -0.03315 0.00040 0.00005 0.00211 0.00045 -0.00000 0.00002 0.00008 0.01105 -0.01628 -0.00024 -0.05975 -0.01853 -0.00006 -0.00000 -0.00000 0.01127 0.00293 0.45226 0.00704 -0.23219 -0.00099 0.00000 -0.03521 0.01063 0.00000 0.04999 -0.00004 0.00000
-0.00008 -0.06873 0.02416 0.00000 0.01751 0.00045 0.00000 0.00000 0.00048 0.00006 -0.00006 0.00000 -0.00000 -0.00000 -0.00000 0.00000 -0.00002 0.02915 0.02980 0.00001 -0.09822 0.00000 -0.00022 0.00000 -0.00000 0.00000 0.00000 0.00000 0.00000 -0.00199
-0.00015 -0.06369 0.00088 -0.00012 0.01803 0.00157 -0.00006 -0.00000 0.00263 0.02366 -0.01618 -0.00004 -0.00026 0.04719 -0.02209 -0.00534 -0.00020 0.01288 0.02008 -0.00431 0.01337 -0.00036 -0.00144 0.00003 -0.03694 0.01930 0.03135 0.00704 0.00000 -0.23961
0.00037 -0.01760 -0.00000 0.00003 0.00470 0.00024 -0.00023 -0.00005 0.00027 0.00012 -0.00026 -0.00053 0.00007 0.51221 0.00000 -0.00795 -0.00015 0.00000 0.00348 0.00012 0.00000 0.00000 -0.00049 0.00017 0.00183 -0.00000 0.00262 -0.00024 -0.00000 0.00000
