-0.00000 -0.00000 0.00000 -0.00000 -0.00008 -0.00000 0.00000 -0.00000 0.00000 0.00000 0.00000 0.00000 0.00000 -0.00000 0.00000 0.00000 -0.00000 0.00000 -0.00000 -0.00000 -0.00000 -0.05607 0.00034 0.00000 0.00004 -0.00000 -0.00022 0.00000 -0.00000 -0.00008
-0.38080 -0.00000 -0.00041 0.23068 -0.00015 0.00109 0.00000 -0.00011 -0.00011 0.00035 0.00030 -0.00075 -0.00000 0.00010 -0.00000 0.00028 -0.00000 -0.00056 0.01979 -0.13462 0.00000 -0.00062 -0.00000 0.00000 0.00005 0.00075 -0.00000 -0.00020 -0.00000 -0.00000
-0.36356 0.00738 0.00000 -0.64084 -0.00009 -0.00000 0.00000 0.00032 0.00013 -0.00000 -0.00009 0.00000 0.00008 -0.00000 -0.00003 0.00031 -0.00004 0.00000 0.00110 -0.02835 0.00000 -0.15859 -0.00066 -0.00056 0.00000 -0.00085 -0.00001 0.00000 -0.00004 -0.20393
-0.21203 0.00000 -0.00000 0.00000 0.00000 0.00000 0.00000 -0.00000 -0.00007 0.00008 0.00000 -0.00000 -0.00000 0.00000 0.00000 0.00000 0.00113 -0.00000 0.00579 -0.01476 0.00000 -0.04817 0.01411 0.00322 -0.00056 0.00761 -0.00000 -0.00000 0.00000 -0.00000
-0.00002 0.00062 -0.00036 0.02239 -0.00000 0.00199 -0.00000 -0.00000 -0.00028 0.00347 0.00006 -0.00107 -0.00010 0.00000 -0.00002 -0.00000 0.00025 -0.00025 0.01053 -0.00012 0.00000 0.13828 -0.00000 -0.00000 0.00004 -0.00019 -0.00000 0.00000 -0.00000 0.00004
-0.00095 0.00036 -0.34810 -0.00000 -0.00019 0.00000 0.00000 -0.00036 -0.00012 0.00028 -0.00000 -0.00099 0.00063 -0.00008 -0.00044 -0.00011 -0.00000 -0.00000 -0.00000 -0.00056 0.00008 -0.07443 -0.00000 0.00000 -0.00000 -0.00032 -0.00000 -0.00014 0.00006 0.16750
-0.14218 0.00061 -0.00017 0.03269 -0.00000 0.00031 -0.00000 -0.00019 -0.00000 -0.00019 0.00015 -0.00078 0.00002 -0.00000 -0.00057 0.00007 -0.00011 0.00000 0.01068 0.23486 0.00006 -0.03803 0.00004 -0.00000 0.00000 0.06622 -0.00006 -0.00000 0.00000 -0.00401
-0.00008 0.00126 -0.00015 0.02689 -0.00000 0.00055 -0.00000 -0.00000 -0.00017 0.00014 0.00007 -0.00077 0.00000 -0.00051 -0.00020 0.00010 -0.00007 -0.00011 0.00904 -0.00000 -0.00000 -0.00299 0.00006 0.00000 0.00012 -0.00021 -0.00013 -0.00004 -0.00000 -0.00378
0.17994 0.00103 -0.00094 0.02218 -0.00016 0.00260 0.00000 -0.00000 -0.00000 0.00035 0.00000 -0.00067 0.00000 -0.00508 -0.00008 0.00017 0.00029 -0.00090 0.00143 -0.00072 -0.00000 -0.00076 -0.00000 -0.00005 0.00008 -0.00061 -0.00001 -0.00002 -0.00000 -0.00451
0.00000 0.00053 -0.11866 0.00264 0.00000 0.00075 0.00031 -0.00017 -0.00023 0.00000 0.00036 -0.00000 0.00014 0.00005 -0.00038 0.00023 0.00000 -0.00040 0.00992 0.00069 -0.00004 0.33756 0.00000 0.00000 0.00024 0.00000 -0.00014 -0.00000 0.10093 0.00016
0.00000 0.00008 -0.00033 0.04893 0.00000 0.00007 -0.00000 0.00000 -0.00004 0.00034 -0.00000 -0.00062 -0.03074 -0.01210 -0.00027 0.00008 0.00000 -0.00042 0.00053 -0.00016 -0.00000 -0.00325 0.00001 0.00000 0.00000 -0.00032 -0.00000 -0.00022 0.00000 -0.01375
-0.00030 0.00651 0.04289 0.05770 -0.00000 0.00026 0.00000 -0.00013 -0.00017 -0.12795 0.00005 -0.00000 -0.00119 -0.02021 -0.00058 -0.00005 -0.00013 -0.00012 -0.00000 -0.05950 0.00013 -0.13337 0.00000 -0.00004 0.00007 -0.20875 0.00006 -0.00016 -0.00095 -0.08094
0.05889 -0.12746 0.01712 -0.25385 -0.00016 0.00000 0.00031 -0.00008 0.00000 0.00019 -0.00000 -0.00058 0.00000 -0.08755 -0.00015 -0.00012 0.00010 0.00000 0.01384 0.04052 0.00008 -0.00098 0.00029 -0.00000 0.00801 -0.03668 -0.00035 0.00001 -0.00009 -0.00025
-0.17443 0.00432 -0.00078 0.01333 0.00010 0.00080 0.00000 0.00005 -0.00011 0.00088 -0.00000 -0.00000 -0.00000 -0.00000 -0.00068 0.00031 0.00016 0.00000 0.00000 -0.00002 -0.00000 -0.00036 0.00000 0.00065 0.00006 0.00358 0.00000 -0.00029 0.00010 0.29294
-0.00000 0.00140 -0.00064 0.05639 -0.00006 0.00081 0.00008 -0.00001 -0.00000 0.00072 0.00036 -0.00075 -0.00000 -0.00000 -0.00000 -0.10714 0.00000 -0.00045 0.00093 -0.00007 0.00003 -0.00022 -0.00023 -0.23461 0.00007 -0.00020 -0.00000 -0.04274 -0.00002 -0.04101
-0.00005 0.00056 -0.00000 0.02951 -0.00000 0.00022 0.00012 -0.00008 -0.00008 0.00028 0.00000 -0.00080 -0.00054 0.00000 -0.00000 0.00000 -0.00001 -0.00032 0.01126 0.00000 -0.00000 -0.03929 0.00000 0.00000 -0.00000 -0.00046 -0.00000 0.00034 -0.00015 -0.00341
0.19979 0.00040 -0.00146 0.00079 -0.00000 0.04083 -0.01179 -0.00019 0.00000 0.00328 0.00000 -0.00102 0.00026 -0.00035 -0.00025 0.00029 -0.00000 -0.00091 0.00371 -0.05846 -0.00000 0.00001 0.00002 -0.00000 0.00000 -0.00471 -0.00015 -0.00010 0.00002 0.18009
0.00000 0.00138 0.01072 0.07542 0.00000 -0.18775 0.00000 -0.00001 -0.00015 0.00048 0.00024 -0.00072 0.00000 -0.00034 0.00003 0.00003 0.00004 -0.00000 0.00395 -0.00015 0.00000 -0.02313 -0.00000 -0.00007 0.00024 -0.00042 -0.00012 0.00002 -0.00017 -0.12438
0.05101 0.00001 -0.00078 0.00026 -0.00017 0.00874 -0.00000 -0.00000 -0.00001 0.00064 0.00000 -0.00093 -0.00000 0.18769 -0.00083 0.00007 0.00008 -0.00001 0.00000 -0.00023 -0.00000 -0.00596 0.00000 -0.00000 -0.00000 -0.00043 -0.00017 -0.00029 0.00018 -0.00000
0.00000 -0.00000 -0.00000 -0.00029 -0.00008 -0.00005 0.00000 -0.00024 -0.00005 -0.00003 -0.00020 -0.00000 0.00002 -0.04035 -0.00030 0.00000 -0.00000 -0.00017 0.00257 0.00000 0.00006 -0.00023 0.00000 -0.00015 0.00000 0.15302 -0.00014 0.00000 -0.00000 -0.04437
-0.00936 0.01491 0.00000 0.07687 -0.00013 0.00037 0.00000 -0.00014 0.00000 0.00011 0.00019 -0.00087 -0.00145 -0.05184 -0.00045 0.00000 0.00001 -0.00050 -0.14933 -0.00031 -0.00000 -0.02134 0.00006 0.00000 0.00000 -0.00039 -0.00001 0.00000 -0.00005 -0.06864
0.00000 0.00018 -0.00000 -0.00000 0.00000 0.00000 0.00000 -0.00010 -0.00036 0.00000 0.00018 -0.00000 -0.00004 0.00003 0.00000 -0.00000 0.00016 -0.00007 -0.00020 0.01285 -0.00000 0.00000 0.00000 0.00000 -0.00002 0.00041 -0.00029 -0.00000 0.00626 -0.00076
-0.00041 0.00220 -0.00133 0.00012 -0.00012 0.00452 -0.00000 -0.00024 -0.00018 0.00177 0.00036 -0.00132 -0.00010 -0.00005 0.00000 -0.00072 0.00000 -0.00042 0.00086 -0.00031 0.00000 0.05475 -0.00000 0.26691 -0.00000 -0.00032 -0.00012 -0.02132 0.00029 -0.00216
-0.00492 0.00932 -0.00091 0.00061 0.00000 0.00040 0.00006 -0.00008 -0.00023 0.00095 0.00000 -0.00010 -0.00000 -0.00005 -0.00000 0.07931 -0.00004 -0.00012 0.00653 -0.00065 -0.00000 0.09245 0.00000 -0.00000 -0.00000 -0.00057 -0.00004 -0.06250 -0.00009 -0.01854
-0.01279 0.01125 0.05196 0.00013 -0.00021 0.00002 -0.00000 -0.00000 -0.00000 0.00023 0.00007 -0.00031 0.00052 -0.00000 -0.00000 0.00025 -0.00000 -0.00015 0.00089 -0.00000 0.00000 -0.01947 -0.02225 -0.04320 -0.00000 -0.00000 -0.00013 0.11791 0.00000 -0.00020
-0.10375 0.00010 -0.00523 0.00178 0.00000 0.01647 0.00000 -0.00042 -0.00003 0.07945 0.00028 -0.00000 0.00000 0.00006 -0.00037 0.00000 -0.00078 -0.00042 0.00101 0.00000 -0.00000 -0.00025 0.00000 0.00000 0.00000 -0.00000 -0.00006 -0.00802 0.03822 -0.02689
-0.00000 0.00129 -0.00074 0.04179 -0.00015 0.02130 0.00000 0.00000 -0.00008 0.00008 -0.00000 -0.00061 -0.00027 -0.00015 -0.00023 0.00024 0.00012 -0.00058 0.00398 -0.00032 0.00000 -0.00116 0.00002 -0.00002 0.00009 -0.00074 -0.00000 -0.00017 -0.15491 0.00323
-0.02691 0.01540 0.30423 0.00011 -0.00014 0.00044 0.00005 -0.00005 -0.00000 0.00057 0.00000 -0.00320 0.01786 0.00040 0.00000 0.00349 -0.00010 -0.00026 0.01064 -0.00000 0.00000 -0.00073 -0.00000 -0.00000 0.00000 -0.00000 -0.00009 -0.00000 0.00000 0.16842
0.00000 0.00079 -0.02617 0.04259 0.00000 0.00677 0.00030 -0.00014 -0.00020 0.00000 0.00032 -0.00159 0.00000 -0.00016 -0.00005 0.00004 -0.00000 -0.00026 0.00211 0.00100 0.00000 -0.00000 -0.00005 -0.00014 0.00000 0.00000 -0.00000 -0.00001 -0.00000 -0.20039
0.01755 0.00468 -0.00000 0.03921 0.00015 0.00000 -0.00159 -0.00012 0.00023 0.00029 -0.00001 -0.00000 -0.00047 0.00000 0.00000 0.00000 0.00000 -0.00000 0.00017 -0.00002 -0.00000 -0.00279 0.00018 0.00004 0.00000 -0.00007 0.00000 -0.00000 0.00000 0.00000
