-0.00000 -0.00000 -0.00001 0.00002 -0.00003 -0.00002 -0.00001 -0.00000 0.00004 0.00001 -0.00006 -0.00013 -0.00001 -0.00003 -0.00002 -0.00001 0.00001 0.00002 -0.00027 -0.00002 0.00002 -0.00000 -0.00006 0.00001 0.00001 0.00001 -0.00009 0.00001 -0.00029 -0.00002 0.00002 -0.00002 -0.00030 0.00005 0.00032 0.00038 -0.00021 -0.00004 -0.00002 -0.00000 0.00005 0.00011 0.00004 -0.00001 -0.00003 -0.00040 0.00002 0.00004 -0.00000 -0.00042
-0.07857 0.00000 0.00008 -0.00005 0.00000 0.00001 -0.00215 -0.00000 0.00003 0.00001 -0.01492 -0.00000 -0.00001 -0.00004 0.00044 -0.00002 0.00003 -0.00000 -0.00011 0.00012 0.00002 0.00002 -0.00011 0.00001 0.00006 -0.00433 0.02688 -0.00001 -0.00007 -0.00002 -0.00003 -0.00001 -0.03574 0.00045 0.02380 -0.00040 0.73727 0.00001 -0.00002 -0.00041 -0.00017 -0.03870 0.00004 -0.00001 -0.00016 0.11479 0.00000 -1.50724 0.00000 -0.03442
-0.01166 -0.02092 -0.00001 0.00001 0.00303 0.02568 0.00558 -0.02703 0.00440 -0.00138 -0.07135 -0.00126 -0.03351 0.00001 0.00002 -0.00000 -0.00001 0.00270 0.00374 -0.00057 -0.00005 0.00003 -0.00025 -0.00555 -0.01430 0.00244 -0.07188 -0.00542 0.00164 0.00001 0.00000 -0.00585 -0.15029 0.00640 0.02063 -0.10825 0.00370 -0.00078 -0.05294 0.35995 -0.02308 -0.11942 -0.00000 0.00318 -0.00553 -0.01722 -0.00028 0.04249 -0.00203 -0.11821
-0.02981 -0.01420 -0.00038 -0.00000 -0.00142 0.02555 -0.00517 -0.10902 -0.00040 0.01578 -0.03304 -0.00023 -0.00720 -0.08860 0.20577 0.00000 -0.14981 -0.01748 -0.00019 0.00003 0.00001 -0.49767 0.00001 -0.01060 -0.00224 -0.00021 -0.02631 -0.00985 1.31561 -0.20799 0.00311 -0.00057 -0.01786 0.02260 0.01477 1.09427 0.00357 -0.00063 -0.02105 -0.02622 -0.05900 -0.02018 -0.28929 -0.01206 -0.00008 -0.02552 0.00008 0.03001 -0.01026 -0.02566
-0.06101 -0.08785 -0.00005 0.00012 0.00000 0.00001 0.00813 -0.00008 -0.20361 -0.39419 -0.04820 -0.26244 -0.00002 -0.00011 0.00277 0.00052 -0.00006 -0.00001 -0.14900 -0.05370 -0.00472 0.00105 -0.01523 -0.00001 -0.00006 -0.07435 -0.07857 -0.00003 0.02606 0.00001 -0.00005 2.32458 -0.05804 0.09403 -0.00023 -0.02157 -0.02737 0.00035 -0.06141 -0.06019 -0.00007 -0.04717 0.00016 -0.05978 -0.15020 -0.08474 0.00564 0.13591 0.00000 -0.07596
-0.04183 -0.01734 0.00004 0.00001 -0.15710 0.00000 -0.00480 0.00000 -0.08647 -0.00304 -0.02912 -0.10988 0.00000 -0.00003 0.00017 0.00006 0.00003 -0.11337 -0.07390 0.00251 -0.00020 0.00005 -0.00089 -0.00001 -0.00000 -0.03427 -0.04259 0.00001 0.03939 -0.00001 0.00000 -0.17670 -0.02909 0.05168 0.01886 0.00019 0.00234 -0.06267 -0.03029 -0.03598 -0.00004 -0.04771 0.00001 -0.02762 -0.16913 -0.03878 -0.00429 0.07671 -0.00001 -0.01461
-0.04537 -0.00002 0.00006 -0.00001 0.00001 0.00004 -0.00000 -0.00000 -0.00001 0.00001 -0.00216 -0.00003 -0.00000 -0.00002 -0.00002 0.00001 0.00002 -0.00004 0.00000 -0.00005 0.00001 -0.00001 -0.00008 -0.00000 -0.00004 -0.00137 -0.00116 0.00001 0.00013 0.00001 -0.00001 -0.00002 -0.03846 -0.00001 0.00093 -0.00124 0.00001 -0.00003 -0.00012 -0.00551 -0.00001 -0.00827 -0.00000 -0.00000 0.00001 -0.00002 0.00001 0.00017 -0.00001 -0.08387
-0.01685 -0.00068 0.00003 -0.00001 -0.00782 -0.00039 0.00910 0.00003 -0.00631 0.01004 -0.01348 -0.00616 -0.00010 0.00001 -0.00001 -0.00001 -0.00001 0.00134 -0.00486 -0.00011 -0.00001 -0.00001 -0.00011 -0.03766 0.00001 -0.01822 -0.01193 -0.04456 0.01977 0.00001 0.00002 -0.08135 -0.01082 0.00925 0.01320 -0.00618 -0.00752 0.35963 -0.00557 -0.00648 -0.00000 0.61592 -0.00001 -0.01468 -0.00100 -0.01715 0.00122 0.02873 -0.42517 -0.01315
-0.04125 -0.03927 0.00026 -0.00013 0.00001 0.00001 0.00818 -0.00035 -0.00000 0.00001 0.49962 -0.07016 -0.00001 -0.00016 0.01122 0.00202 -0.00003 -0.00001 -0.07623 -0.11698 0.00252 0.00265 -0.07991 -0.00000 -0.00013 1.64804 -0.04256 -0.00007 0.01973 -0.00000 -0.00001 -0.00008 -0.02748 -1.27095 0.05122 -0.01686 0.07505 -0.00139 -0.01657 -0.00651 -0.00019 -0.02021 0.00028 -0.04581 -0.08024 -0.11773 0.00165 0.08146 -0.00005 -0.03069
-0.15023 -0.13809 0.00072 -0.00002 0.00001 0.00002 0.01261 -0.00003 -0.10071 0.00000 -0.14556 -0.11555 -0.00001 0.00001 0.00011 0.00007 -0.00000 -0.00001 -0.07836 -0.00808 -0.00042 0.00006 -0.00650 -0.00002 -0.00013 -0.21228 -0.20526 -0.00000 0.00034 0.00001 0.00002 0.00000 -0.11639 -0.00191 -0.00148 -0.03718 0.05966 -0.00004 -0.14042 -0.12884 -0.00007 -0.07243 0.00001 -0.04678 -0.03128 -0.22955 0.00654 0.32457 -0.00002 -0.11840
-0.03462 -0.00001 0.00001 0.00003 0.00001 0.00001 0.00009 -0.00001 -0.00000 0.00001 -0.00000 -0.00010 0.00001 0.00001 0.00003 -0.00002 0.00002 -0.00000 0.00034 0.00016 -0.00000 0.00002 -0.00023 -0.00000 0.00002 0.00000 -0.00077 0.00001 -0.00003 0.00000 0.00002 -0.00000 -0.00488 -0.00001 0.00036 -0.00041 0.00001 -0.00001 0.00000 -0.00025 -0.00001 -0.01166 0.00002 -0.00000 -0.00005 -0.00426 0.00000 0.00003 -0.00001 -0.00740
-0.02499 -0.10003 0.00019 0.00020 0.00001 0.00001 -0.00152 -0.00022 -0.00001 0.00001 -0.01694 -0.00000 0.00002 -0.00005 0.00483 0.00141 0.00003 -0.00001 0.00001 -0.11598 0.00242 0.00069 -0.06968 -0.00000 -0.00005 -0.00490 -0.03371 -0.00007 0.02042 0.00001 -0.00003 -0.00006 -0.03628 0.05630 0.00690 -0.00045 -0.02415 -0.00073 0.20071 -0.00340 -0.00016 -0.02425 0.00018 -0.00000 -0.10047 -0.01730 -0.70912 0.03800 -0.00002 -0.03234
-0.05358 -0.05528 0.00004 0.00002 -0.31657 -1.47293 -0.00275 -0.00001 -0.16227 -0.00153 -0.05501 -0.21782 -0.00000 -0.00004 0.00033 0.00006 -0.00006 -0.23055 -0.16316 -0.01641 -0.00103 0.00016 -0.02168 -0.00001 0.00000 -0.07885 -0.06489 0.00002 0.07795 -0.00001 0.00001 -0.34344 -0.06258 0.11679 0.00257 -0.00658 0.00215 -0.13651 -0.06034 -0.06670 -0.00004 -0.09407 0.00000 -0.10870 0.02044 -0.09022 0.00439 0.13626 -0.00001 -0.03613
-0.04435 -0.03718 -0.00176 -0.00001 -0.00852 0.00258 -0.00007 -0.08345 -0.00724 0.02141 -0.03914 -0.00868 0.00338 -0.00001 0.00001 0.00001 0.00001 0.00133 -0.00621 -0.00019 -0.00001 -0.00001 -0.00016 -0.04523 -0.07796 -0.04872 -0.04976 -0.04599 -1.19882 0.00001 -0.12422 -0.17326 -0.02875 0.04506 -0.00063 0.00111 0.00390 -0.05028 -0.03247 -0.04356 -0.04741 -0.02199 -0.00000 -0.02460 -0.00210 -0.09666 0.00139 0.12348 -0.03292 -0.04882
-0.04241 0.00264 -0.00094 -0.00001 -0.00283 0.01549 -0.75812 -0.10602 -0.00015 0.00684 -0.01793 -0.00009 -0.00533 -0.05772 -0.00001 0.00002 -0.05180 -0.01032 -0.00007 -0.00003 0.00001 -0.00001 -0.00002 -0.00468 -0.06271 0.00207 -0.00584 -0.00948 0.01715 0.00000 -0.08394 -0.03492 0.32572 0.01995 0.00513 -0.01396 -0.00671 -0.01035 0.00044 -0.00535 -0.04228 -0.01784 -0.00001 -0.00853 -0.00002 0.52198 0.00002 0.02410 -0.00978 1.31590
-0.07627 -0.03786 0.04587 -0.43328 -0.00046 0.00343 0.00910 -0.04921 -0.00006 0.00405 -0.04712 -0.00007 -0.00171 -0.06700 0.12788 0.00001 -0.09757 -0.00365 -0.00008 0.00001 -0.00000 -0.41385 0.00001 -0.01363 -0.00610 -0.00081 -0.06998 -0.02676 0.04434 -0.13245 -0.00488 -0.00048 -0.05831 0.05550 -0.00054 -0.04863 0.00447 -0.00020 -0.03597 -0.04062 -0.01012 -0.03758 -0.18402 -0.00377 0.00001 -0.05296 0.00003 0.11989 -0.03276 -0.03942
-0.02636 -0.02846 0.01713 -0.00001 -0.00896 0.02375 -0.00346 -0.09635 -0.00630 0.01670 -0.02008 -0.00968 -0.00295 -0.08232 0.00001 0.00001 0.00000 -0.01086 -0.00449 -0.00013 -0.00001 -0.00001 -0.00008 -0.03826 -0.08466 -0.02613 -0.05231 -0.03675 0.02307 0.00001 -0.10777 -0.07002 -0.01184 0.02610 0.00109 0.00155 0.00322 -0.02400 -0.01723 -0.02216 -0.04350 -0.01944 0.00001 -0.02275 -0.00130 -0.04439 0.00085 0.03857 -0.03832 -0.03087
-0.04076 0.69060 0.00020 0.00002 -0.07599 0.00001 0.00288 -0.00001 -0.07471 0.02422 -0.01352 -0.09371 -0.00002 -0.00002 0.00053 0.00010 -0.00004 -0.00001 -0.09409 -0.00230 -0.00037 0.00007 -0.00042 -0.00001 -0.00003 -0.02355 -0.01357 -0.00002 0.03885 0.00000 -0.00008 -0.09521 -0.02423 0.01508 0.00099 -0.00252 0.00131 0.00001 -0.01842 -0.01382 -0.00017 -0.02638 0.00001 -0.02840 -0.06225 -0.01334 -0.00137 0.02813 -0.00001 -0.02212
-0.01581 -0.01465 0.00019 0.00028 0.00001 -0.00000 0.00649 -0.00034 -0.00001 0.00001 -0.00635 -0.09107 0.00001 -0.00010 0.00912 0.00169 0.00003 -0.00001 -0.00000 -0.12285 0.00029 0.00266 -0.08356 -0.00004 -0.00012 -0.03421 -0.02584 -0.00010 0.09833 0.00008 -0.00001 -0.00013 -0.00305 0.03034 0.00084 -0.00051 0.00377 -0.00151 -0.02044 -0.00830 -0.00026 -0.02059 0.00043 -0.07247 -0.07606 -0.05399 0.00029 0.04421 -0.00006 -0.03885
-0.03202 -0.01099 0.00392 0.00425 -0.00000 0.00005 -0.00369 -0.00983 -0.00001 0.00005 -0.01220 0.00001 -0.00002 -0.00443 0.01522 -0.02785 -0.00262 -0.00003 0.00001 -0.00000 -0.28695 0.01330 -0.19295 -0.00053 -0.00382 -0.02425 -0.03743 -0.00110 0.00226 -0.00043 -0.00059 -0.00519 -0.01658 0.00473 0.00745 -0.01987 -0.01434 -0.02969 -0.02063 -0.01828 -0.00729 -0.02625 -0.00015 -0.00001 0.00001 -0.02733 -0.00000 0.04307 -0.00070 -0.01799
-0.02618 -0.02519 0.01434 -0.30224 -0.00011 0.00052 0.00864 -0.02351 -0.00002 0.00038 -0.01252 0.00000 -0.00022 -0.01623 0.02571 -0.66293 -0.00963 -0.00066 -0.00005 -0.00001 -0.00000 0.08888 0.00000 -0.00602 -0.02320 -0.01464 -0.01789 -0.01229 -0.00088 0.00139 -0.00638 -0.02351 -0.01304 0.02425 0.00539 -0.00601 0.00229 -0.03772 -0.01589 -0.01311 -0.04908 -0.01642 0.00588 -0.00054 -0.00000 -0.03268 0.00002 0.02887 -0.01221 -0.02251
-0.08820 -0.04202 0.00009 -0.00000 -0.00342 0.02302 -0.00533 -0.18007 -0.00087 0.01227 -0.04996 -0.00069 -0.00740 -0.14159 0.19561 0.00001 -0.18302 -0.01605 -0.00049 -0.00002 0.00001 -0.00000 -0.00002 0.00413 -0.03791 -0.02321 -0.10176 0.00007 0.05191 -0.30878 -0.02845 -0.01396 -0.07093 0.04378 0.00315 -0.03422 0.00361 -0.01388 -0.03185 -0.07298 -0.05516 -0.04031 -0.29594 -0.02210 -0.00016 -0.04784 0.00008 0.12371 0.00077 -0.05825
-0.02642 -0.01503 0.00848 -0.01982 -0.00008 0.00008 0.00800 -0.01189 -0.00001 0.00003 -0.01132 -0.00001 -0.00004 -0.00604 0.00307 -0.07739 -0.00512 -0.00010 0.00001 -0.00002 -0.35074 0.00634 -0.00000 -0.00095 -0.00761 -0.03280 -0.01923 -0.00203 0.00481 -0.00094 -0.00105 -0.00778 -0.01619 0.01691 0.00095 -0.00450 0.00338 -0.03004 -0.01423 -0.01805 -0.01168 -0.01311 0.00079 -0.00004 -0.00002 -0.03786 0.00001 0.04379 -0.00134 -0.01786
-0.08703 -0.06888 0.00015 0.00001 -0.04718 0.11205 0.67129 -0.00000 -0.02118 -0.00179 0.66211 -0.01060 -0.13956 -0.00001 -0.00011 0.00002 0.00002 -0.06214 -0.00724 -0.00814 -0.00031 0.00003 -0.00611 -0.00000 -0.00001 -0.14853 -0.11913 0.00001 0.00055 -0.00003 0.00001 -0.11464 -0.07477 -1.72736 -0.00088 0.00038 0.11915 -0.02358 -0.06655 -0.01937 -0.00005 -0.07539 0.00005 -0.05558 0.00293 1.58608 -0.00028 0.15042 -0.00001 -0.07749
-0.03813 -0.01225 -0.00009 0.00001 -0.00115 0.04667 0.00774 -0.09995 -0.00088 0.00045 -0.02510 -0.00866 -0.07392 0.00001 0.00001 0.00002 -0.00001 -0.01714 -0.01094 -0.00058 -0.00001 0.00001 -0.00030 -0.05332 0.00000 -0.01965 -0.03456 -0.05499 0.02204 0.00001 0.00001 -0.05040 -0.02638 0.01487 0.00106 -0.01529 0.00314 -0.02096 -0.02017 -0.01643 -0.06230 -0.02032 0.00000 -0.01629 -0.00577 -0.01878 0.00054 0.03379 -0.03862 -0.01774
-0.02551 -0.00011 0.00002 -0.00005 0.00001 0.00001 0.00064 -0.00002 -0.00000 0.00001 -0.03013 -0.00003 -0.00001 -0.00003 0.00024 -0.00009 0.00002 0.00000 -0.00002 -0.00003 -0.00009 -0.00003 -0.00002 -0.00001 -0.00002 -0.00000 -0.00865 -0.00004 -0.00004 -0.00000 0.00001 -0.00001 -0.01123 -0.00001 -0.00290 -0.00206 0.00001 -0.00001 -0.00140 -0.00001 -0.00002 -0.01896 -0.00001 -0.00000 -0.00000 -0.00460 0.00001 0.02261 -0.00001 -0.02116
-0.04160 -0.00000 0.00000 0.00003 0.00001 -0.00001 0.00125 -0.00001 -0.00001 0.00001 -0.01568 -0.00002 -0.00000 -0.00003 0.00015 -0.00000 -0.00002 0.00001 -0.00001 0.00002 0.00002 -0.00001 0.00014 -0.00001 0.00002 0.00027 -0.00001 -0.00001 -0.00003 -0.00002 0.00001 -0.00001 -0.02142 0.00001 1.02096 -0.00027 -0.00001 -0.00006 -0.00000 -0.00001 -0.00002 -0.03916 0.00003 -0.00000 -0.00003 -0.05669 -0.00001 -0.10809 0.00002 -0.01902
-0.20224 -0.07104 0.00018 0.00002 -0.02821 0.08758 0.00593 0.00000 -0.00481 -0.00323 -0.18200 0.00057 -0.14334 -0.00005 -0.00005 0.00000 0.00003 -0.04608 -0.00119 -0.00275 -0.00008 0.00003 -0.00142 -0.08640 -0.00000 -0.06935 -0.08388 -0.00000 -1.73791 -0.00001 0.00000 -0.19894 -0.11772 0.09844 -0.00097 -0.02809 0.00356 -0.06459 -0.04569 -0.05811 -0.00005 -0.13766 0.00002 -0.02291 -0.00663 -0.31313 0.00167 -1.53678 -0.00001 -0.14255
-0.00973 -0.00990 0.00020 -0.00000 -0.00004 0.00004 0.00247 -0.00001 -0.00005 0.00035 -0.00689 -0.00002 -0.00001 0.00002 0.00004 0.00001 0.00001 -0.00000 -0.00000 -0.00001 0.00002 -0.00001 -0.00000 -0.00025 0.00001 -0.01526 -0.02169 0.00000 -0.00000 0.00001 0.00000 -0.03158 -0.00470 0.01404 0.00652 0.00001 0.00092 -0.00788 -0.00935 -0.01261 0.00000 -0.00110 0.00004 -0.00004 -0.00000 -0.02704 0.00001 0.09218 -0.00001 -0.01335
-0.04888 -0.04892 0.00412 -0.00001 -0.00605 0.02958 0.02517 -0.29908 -0.00549 0.02758 -0.03898 -0.00600 -0.00488 -0.20575 -1.57724 0.00001 -0.18663 -0.01583 -0.00518 -0.00006 0.00001 -0.00001 -0.00003 -0.04036 -0.19349 -0.06871 -0.06553 -0.06308 0.10723 0.00000 -0.27180 -0.13713 0.63431 0.08657 0.02069 -1.20811 0.00396 -0.05356 -0.04151 -0.03780 -0.14280 -0.03379 -0.00001 -0.03665 -0.00102 -0.17372 0.00022 0.12542 -0.06992 -0.14498
-0.05125 -0.05014 -0.88248 -0.00001 0.00379 0.06609 -0.00229 -0.13732 -0.00486 -0.15823 -0.05059 -0.01412 -0.09265 0.00001 -0.00001 0.00000 0.00001 -0.03030 -0.03021 -0.00156 -0.00001 -0.00000 -0.00131 -0.08396 -0.10626 -0.09172 -0.07348 -0.09103 0.01954 0.00001 0.00000 -0.85988 -0.05004 0.00888 0.00081 -0.02378 0.00727 -0.04763 -0.05674 0.22474 -0.06707 -0.04062 -0.00001 -0.01485 -0.01043 -0.08850 0.00080 0.12950 -0.06681 -0.04794
-0.00107 0.00095 0.00007 0.00002 -0.00002 0.00001 -0.00347 -0.00001 -0.00372 -0.34808 -0.64297 -0.00174 0.00001 0.00001 0.00001 -0.00004 0.00001 -0.00001 -0.00012 -0.00047 -0.00001 0.00002 -0.00036 -0.00001 -0.00003 0.01118 -0.04364 0.00001 0.00005 0.00001 0.00000 -0.00000 -0.00086 1.42742 0.00813 -0.00733 -0.05536 -0.00001 0.00151 -0.03895 -0.00000 -0.00358 0.00000 0.00422 -0.00329 0.04340 -0.00053 0.00752 -0.00001 -0.00208
-0.01739 -0.00005 0.00000 -0.00001 -0.00002 0.00005 0.00003 -0.00005 -0.00003 0.00001 -0.00335 0.00002 -0.00001 0.00001 -0.00001 0.00001 0.00003 -0.00000 0.00050 -0.00014 0.00000 -0.00001 -0.00012 0.00001 -0.00003 -0.00009 -0.00035 0.00001 0.00043 0.00000 -0.00001 -0.00001 -0.00000 0.00008 -0.00005 -0.00006 -0.00000 -0.00003 -0.00005 -0.00004 -0.00006 -0.00089 0.00002 -0.00001 0.00002 -0.00048 -0.00007 0.00017 0.00001 -0.00017
-0.05004 -0.00578 0.00010 0.00003 -0.00000 -0.00001 -0.03677 -0.00001 -0.00000 0.00001 0.10569 -0.00000 0.00001 0.00001 0.00004 -0.00001 0.00001 -0.00000 0.00002 -0.00007 0.00002 0.00007 -0.00008 -0.00000 -0.00002 -0.15536 -0.17542 0.00001 0.00002 0.00001 0.00001 -0.00001 -0.01235 0.00000 0.00839 -0.00011 -1.39320 -0.00000 -0.01428 -0.00038 0.00001 0.00150 0.00002 -0.00000 -0.00008 -0.77841 0.00000 0.16688 -0.00001 -0.06170
-0.00832 -0.00006 0.00000 0.00001 0.00001 -0.00001 0.00110 -0.00008 -0.00000 0.00001 -0.00384 0.00001 0.00000 -0.00004 0.00039 -0.00001 0.00003 0.00002 -0.00002 0.00000 -0.00001 0.00000 -0.00013 -0.00001 -0.00001 0.00029 -0.00000 -0.00002 -0.00006 -0.00002 -0.00001 -0.00001 -0.00893 -0.00001 0.00000 -0.00001 0.00000 -0.00004 -0.00000 -0.00023 -0.00010 -0.00993 0.00004 0.00001 0.00002 -0.00695 0.00000 0.06991 0.00002 -0.00356
-0.00976 -0.00576 0.00000 -0.00000 0.00006 0.00098 -0.00002 -0.00020 -0.00006 -0.00002 -0.00476 -0.00003 -0.00020 -0.00007 0.00032 0.00001 -0.00013 -0.00087 -0.00043 0.00001 0.00002 -0.00001 -0.00001 -0.00066 0.00003 -0.00116 -0.00159 -0.00007 0.02004 0.00000 -0.00000 -0.00001 -0.01919 0.00231 0.01913 -0.00000 -0.00407 -0.00002 -0.00002 -0.00362 -0.00004 -0.01042 -0.00001 -0.00001 -0.00001 -0.01659 0.00001 0.00788 0.00003 -0.01355
-0.00610 -0.00000 -0.00016 0.00002 -0.00000 0.00001 -0.01711 -0.00001 -0.00001 0.00001 -0.14622 -0.00000 0.00001 0.00001 -0.00001 -0.00001 -0.00002 -0.00001 0.00001 -0.00003 0.00002 0.00002 -0.00011 -0.00001 -0.00003 -0.04207 -0.06971 0.00001 -0.00000 0.00001 0.00002 -0.00001 -0.00391 0.00000 0.00566 -0.00011 0.00000 -0.00000 -0.00009 -0.00008 0.00001 -0.01547 -0.00001 -0.00000 -0.00005 -0.42722 0.00000 0.05334 -0.00001 -0.02148
-0.04474 -0.04196 -0.00005 0.00003 -0.00266 0.00001 0.00690 -0.00001 -0.00044 -0.00327 0.26961 -0.00158 -0.00001 -0.00002 0.00005 0.00005 0.00003 -0.03321 -0.00098 -0.00002 -0.00001 0.00001 -0.00003 -0.00001 0.00001 -0.09203 -0.03631 -0.00001 -0.00003 0.00001 -0.00001 -0.10974 -0.04606 -0.67623 0.01226 -0.02087 0.01561 -0.00000 -0.02632 -0.02890 0.00002 -0.23814 0.00003 -0.00800 -0.00004 -0.11052 0.00022 0.12370 -0.00001 -0.02459
-0.06458 -0.09326 0.00001 -0.00004 -0.00000 0.00005 -0.00473 -0.00009 -0.00010 0.00001 -0.05605 -0.00001 0.00000 -0.00003 0.00055 -0.00003 -0.00007 -0.00003 0.00002 -0.00005 -0.00003 -0.00007 -0.00015 0.00000 -0.00000 -0.00094 1.39884 -0.00004 -0.00007 -0.00003 -0.00001 -0.00008 -0.03027 0.00008 -1.27914 -0.10489 -0.00403 -0.00002 -0.00000 -0.00199 -0.00019 -0.04397 0.00008 -0.00001 -0.00003 -0.11530 -0.00000 -0.83122 0.00002 -0.05917
1.63968 -0.00062 -0.00000 0.00002 -0.00001 0.00004 0.00022 -0.00004 0.00042 0.00001 -0.01229 -0.00061 0.00000 -0.00003 0.00007 -0.00002 0.00003 0.00006 -0.00001 -0.00010 -0.00003 0.00002 -0.00011 -0.00008 0.00004 -0.12703 -0.00914 -0.00003 -0.00010 -0.00000 0.00002 -0.00001 -0.06640 0.01024 0.02602 -0.00460 -0.00402 0.00000 -0.00402 0.00000 -0.00022 -0.00766 0.00003 -0.00001 0.00000 -0.01192 0.00005 0.01740 0.00000 -0.01379
-0.02172 -0.00213 0.00001 0.00000 -0.00094 0.01530 0.00737 0.62819 -0.01224 0.00597 -0.01865 -0.01112 -0.01812 -0.00001 0.00007 -0.00003 0.00001 -0.00386 -0.00791 -0.00015 -0.00000 0.00002 -0.00011 -0.01266 -0.00001 -0.00107 -0.01147 -0.01408 0.00994 0.00001 -0.00000 -0.05003 -0.00943 0.04050 0.01675 -0.00033 -0.00032 -0.44907 -0.00442 -0.00625 -0.00000 -0.25718 0.00001 0.00024 -0.00103 -0.01555 0.00046 0.02658 0.05286 -0.01170
-0.01297 -0.00005 0.00000 0.00001 -0.00004 0.00000 0.00017 -0.00000 -0.00008 0.00001 -0.00027 -0.00003 0.00001 -0.00003 -0.00000 -0.00002 0.00001 0.00001 -0.00010 -0.00003 -0.00001 -0.00001 -0.00025 0.00000 0.00000 0.00001 -0.00010 0.00001 -0.00091 0.00001 -0.00000 -0.00002 -0.00595 0.00042 0.00018 -0.00040 0.00002 -0.00001 -0.00002 -0.00111 -0.00001 0.00000 0.00002 -0.00009 -0.00000 -0.00098 -0.00002 0.00008 -0.00000 -0.01178
-0.04856 -0.01704 0.01137 -0.00001 -0.00514 0.04889 -0.79354 -0.09276 -0.00510 0.02354 -0.01987 -0.00270 -0.01379 -0.06125 0.08028 0.00001 -0.05466 -0.05607 -0.00237 -0.00004 0.00001 -0.00000 -0.00003 -0.01580 -0.06041 -0.02284 -0.05471 -0.01956 0.02798 -0.10522 -0.07814 -0.06486 -0.03485 0.02470 0.00518 -0.00282 -0.24380 -0.02288 -0.01683 -0.01135 -0.05372 -0.03762 -0.00001 -0.02201 -0.00059 -0.27958 0.00022 0.03448 -0.01873 -0.05450
-0.02178 -0.15904 0.00029 0.00004 -0.00002 0.00006 0.57020 -0.00012 0.00001 -0.00001 -0.08333 0.33530 0.00001 -0.00000 0.00080 0.00014 0.00001 0.00002 -0.00001 -0.00539 -0.00059 0.00005 -0.00128 -0.00001 0.00001 -0.60659 -0.03709 -0.00006 0.02474 0.00001 0.00003 -0.00031 -0.03692 0.14925 0.00976 -0.05108 -0.01439 -0.00014 0.02386 -0.06044 -0.00048 -0.01666 0.00003 0.00000 -0.00151 1.50649 -0.05477 0.01296 0.00001 -0.01836
-0.03719 -0.00762 0.00031 0.00040 0.00001 0.00001 -0.15507 -0.00045 -0.00001 -0.00002 -0.02279 -0.00001 -0.00001 -0.00051 0.01283 -0.00022 -0.00012 -0.00001 0.00001 -0.18001 -0.01957 0.00289 -0.14824 -0.00007 -0.00013 -0.15432 -0.04802 -0.00007 0.03265 0.00021 -0.00006 -0.00047 -0.03767 0.00404 0.00071 -0.00040 -0.00076 -0.00601 -0.02076 -0.02513 -0.00112 -0.03306 0.00036 -0.00006 -0.00000 -0.55144 0.00003 0.05165 -0.00004 -0.03283
-0.01252 0.00002 -0.00010 -0.00001 0.00001 0.00001 -0.34682 -0.00001 -0.00001 0.00001 -0.00530 0.00000 0.00001 0.00001 -0.00000 0.00000 -0.00002 -0.00001 0.00000 -0.00001 0.00002 -0.00001 0.00002 -0.00000 -0.00003 0.00086 -0.00006 0.00001 0.00004 0.00001 0.00001 -0.00001 -0.01000 0.00000 0.00006 0.00000 0.00000 -0.00001 -0.00002 -0.00019 -0.00001 -0.01073 -0.00001 -0.00000 0.00000 -0.00000 0.00001 0.00003 -0.00001 0.00129
-0.01762 -0.02929 0.00093 -0.00017 0.00001 0.00002 0.01704 -0.00113 -0.00001 0.00001 -0.01087 0.00002 -0.00001 -0.00005 0.01916 0.00347 0.00017 -0.00001 -0.00000 -0.06281 -0.04389 0.00357 -0.04875 -0.00012 -0.00042 -0.01902 0.03582 -0.00016 0.03258 0.00032 -0.00012 -0.00038 -0.01197 0.09249 -0.79279 -0.00113 -0.00783 -0.00525 0.40200 -0.00333 -0.00077 -0.01510 0.00104 -0.00001 -0.02730 -0.04008 -0.00001 0.00062 -0.00008 -0.01465
-0.05806 -0.00000 0.00000 0.00000 0.00001 0.00000 0.00406 0.00000 -0.00001 0.00001 -0.06320 0.00001 -0.00001 0.00001 -0.00008 0.00001 0.00005 -0.00000 -0.00003 0.00002 -0.00002 -0.00001 -0.00004 -0.00001 0.00003 -0.00005 -0.00002 0.00000 0.00001 0.00000 -0.00003 -0.00001 -0.02585 -0.00002 -0.00000 -0.00003 -0.00001 -0.00001 -0.00000 0.00013 0.00002 -0.03163 0.00001 -0.00000 -0.00003 -0.11553 -0.00001 0.00000 -0.00001 -0.04131
-0.07294 -0.04983 -0.00002 -0.00000 -0.01188 0.11558 0.00849 0.00000 0.00317 -0.00387 -0.04061 -0.00508 -0.14517 -0.00003 0.00005 0.00001 0.00001 -0.05913 -0.00682 -0.00080 -0.00002 -0.00001 -0.00073 -0.16321 0.00000 -0.11047 -0.04449 -0.18758 0.07792 0.00001 -0.00001 -0.24535 -0.04858 0.07544 -0.00104 -0.03119 0.00454 0.06819 -0.04653 -0.05541 -0.00001 0.66049 -0.00003 -0.02239 -0.01164 -0.05860 0.00016 0.10734 -0.00001 -0.05814
-0.01879 -0.00004 0.00000 -0.00001 -0.00001 -0.00007 -0.00001 -0.00004 0.00002 0.00001 0.00034 0.00001 -0.00003 -0.00003 -0.00000 0.00001 0.00002 -0.00000 0.00002 -0.00009 -0.00000 -0.00001 -0.00005 0.00001 -0.00001 0.00001 -0.00049 0.00001 -0.00006 0.00000 -0.00001 0.00000 -0.02748 0.00001 0.00045 -0.00021 -0.00001 0.00001 -0.00001 -0.00100 0.00008 -0.00011 0.00001 0.00001 0.00002 -0.00012 0.00000 0.00009 0.00000 -0.00000
