-0.14787 0.00141 0.02102 -0.00727 -0.00000 -0.00366 -0.00207 -0.00000 -0.00382 -0.00198 0.00003 0.00001 0.00448 -0.00160 -0.00004 0.03316 0.00682 -0.00227 -0.00291 -0.00005 -0.00002 -0.00003 -0.00001 0.00000 -0.00002 -0.00161 -0.00000 -0.00001 -0.00071 -0.00157
0.00093 -0.01385 -0.00842 0.00638 -0.00000 -0.00476 0.00326 0.00090 -0.00000 -0.00273 -0.00000 -0.00831 -0.01551 -0.00806 -0.03345 0.00000 -0.00094 0.00240 -0.00000 -0.01663 -0.00004 -0.00053 -0.00015 0.00000 -0.00545 -0.00000 0.00000 -0.00206 -0.00003 0.00187
0.01287 0.00058 0.35763 -0.00977 -0.01284 0.00208 -0.00308 -0.00866 -0.17159 -0.00050 -0.00076 0.00233 0.00341 -0.01777 -0.03250 0.04501 -0.04913 -0.12098 -0.00002 -0.00000 -0.00572 -0.00098 -0.01223 -0.11953 -0.00196 -0.00213 -0.00060 -0.00093 -0.00001 0.00034
-0.01366 0.00216 -0.00779 -0.00536 0.00000 -0.00432 -0.01285 0.00196 -0.00556 -0.00074 -0.00902 -0.00199 0.00310 -0.00001 -0.00003 -0.00181 -0.00051 -0.00711 -0.00213 -0.00000 -0.00006 -0.00003 -0.00186 0.00003 0.00144 -0.00232 -0.00195 -0.00040 -0.00004 0.00000
-0.00382 -0.01916 -0.00600 0.00063 0.00058 -0.00226 -0.00265 0.00003 -0.00085 -0.00171 -0.00730 -0.00095 -0.00214 -0.00002 -0.00003 0.00077 0.00005 0.00002 -0.00412 -0.00199 -0.00184 -0.00003 -0.00001 -0.00161 -0.00162 -0.03912 -0.00000 0.00000 -0.00003 -0.00284
-0.00183 -0.00262 -0.00165 -0.00000 -0.00000 -0.00988 0.00311 -0.00000 0.00033 -0.00246 -0.00000 -0.00065 -0.00533 -0.00588 -0.00004 0.00006 -0.00000 0.00001 -0.00000 -0.00016 -0.00014 -0.00004 -0.00137 0.00000 -0.00667 -0.01026 0.00001 -0.00000 -0.00114 -0.00074
-0.00364 0.00307 -0.00481 -0.00675 0.00000 -0.06001 -0.01142 -0.00408 -0.00210 0.00005 -0.02491 -0.00370 -0.05443 -0.00056 -0.00002 0.00000 0.00193 -0.00238 -0.00120 -0.00110 -0.00004 -0.00588 -0.00925 -0.00191 -0.00003 -0.00000 -0.00354 -0.00000 0.00421 0.00017
-0.00891 -0.00015 -0.01398 0.00520 0.00081 -0.02995 -0.00947 0.01657 -0.00381 -0.34121 -0.06594 -0.08794 -0.00878 -0.05430 -0.00234 -0.04275 -0.00465 -0.01992 -0.00000 -0.05095 -0.00085 -0.00166 -0.00237 -0.02513 -0.00002 -0.00150 -0.01446 -0.00415 -0.00010 0.00391
-0.01094 -0.00000 -0.00512 -0.00412 -0.00165 -0.00044 -0.00648 0.00003 -0.00607 -0.00156 -0.00580 0.00001 -0.00000 -0.00000 -0.00001 -0.09054 -0.03706 -0.00412 -0.00786 -0.00003 -0.00457 -0.00004 -0.00002 -0.00368 -0.00002 -0.00662 0.00001 -0.00185 -0.01907 -0.00284
0.00473 -0.00076 0.01631 -0.01146 -0.01075 -0.00454 0.00057 -0.08077 0.00000 0.11037 -0.02666 0.01078 0.00513 -0.00180 0.00000 0.00374 0.00143 0.00056 -0.00679 -0.00794 -0.00002 -0.03343 -0.00001 -0.00615 -0.00585 0.00038 0.00000 0.00166 -0.00319 -0.00594
0.00207 0.00002 0.00320 -0.00697 -0.00300 0.00002 -0.00285 -0.00437 -0.00263 -0.00001 0.16196 0.00003 0.00110 0.00000 -0.00003 -0.00105 -0.00003 -0.00390 -0.00360 0.00461 -0.00242 -0.00002 -0.00000 -0.00373 -0.00005 -0.00061 -0.00357 -0.00004 -0.01520 0.00248
0.00000 -0.00574 -0.00184 0.00126 -0.00000 -0.00086 -0.00000 -0.00001 0.00076 -0.00331 -0.09748 -0.01042 -0.00250 -0.00755 -0.00003 0.00008 -0.00047 0.00102 0.00288 -0.00712 -0.04035 -0.03745 -0.01584 -0.00000 -0.02376 0.00012 -0.00029 -0.02125 -0.00003 0.00000
0.00422 -0.02120 -0.00323 0.00820 -0.00048 -0.03887 -0.08090 -0.00000 0.00154 -0.00329 -0.05191 -0.00362 -0.06560 -0.00297 -0.00299 0.00000 -0.00230 0.00001 -0.02325 -0.00153 -0.00004 -0.00003 -0.00000 0.00001 -0.01867 -0.00515 0.00002 -0.00000 -0.01201 -0.04948
-0.00044 -0.01130 0.00029 -0.00000 -0.00049 -0.00505 -0.01659 -0.00000 0.00000 -0.00552 -0.02932 -0.00398 0.00012 -0.00365 -0.00106 -0.06183 -0.09176 0.00001 -0.01077 -0.00152 -0.00003 -0.00155 -0.00000 0.00001 -0.00684 -0.00000 0.00002 -0.00323 -0.00093 -0.00389
-0.00144 -0.00000 -0.00175 0.00000 -0.13560 -0.00050 -0.00376 0.00000 0.00000 -0.00017 -0.08264 -0.00366 -0.03250 -0.03156 -0.01065 0.00029 -0.01572 -0.00336 -0.00254 -0.00003 -0.01006 -0.04279 -0.05895 -0.03227 -0.05373 -0.00414 -0.03560 -0.00415 -0.00002 0.00000
-0.00822 -0.00708 -0.64299 0.00704 0.00176 -0.00909 -0.00002 0.00331 0.02464 -0.00091 -0.00001 -0.00973 -0.00965 -0.00464 0.00170 0.34354 -0.17922 0.00001 -0.00001 -0.00371 -0.00002 -0.00196 -0.00096 -0.00104 -0.00496 -0.00000 0.00001 -0.00023 -0.00003 -0.00131
0.01164 0.00226 0.09180 -0.04399 -0.01392 0.01113 -0.00001 -0.05713 -0.00690 0.11214 -0.00471 0.02129 0.00630 -0.00000 -0.01973 -0.01469 0.49804 0.00007 -0.01437 -0.00527 -0.00179 -0.00004 -0.00160 -0.00571 -0.00001 0.00051 0.00000 0.00434 -0.00597 -0.00247
-0.00408 0.00080 0.00002 -0.00308 0.00000 -0.00201 -0.00222 -0.00036 -0.00131 -0.00000 -0.00405 -0.00000 -0.00000 -0.00002 -0.00387 -0.19639 -0.08240 -0.00860 -0.00363 -0.00059 -0.00014 -0.00129 -0.00584 -0.00272 -0.00002 -0.00683 -0.00344 -0.00000 -0.00590 -0.00215
-0.00446 -0.00097 -0.00158 -0.00176 -0.00257 -0.00173 -0.00316 -0.00078 -0.00518 -0.00000 -0.00658 -0.05770 -0.00068 -0.00001 -0.01273 -0.00179 -0.00316 -0.00389 -0.01241 -0.06518 -0.00653 -0.00003 -0.02008 -0.00411 -0.02115 -0.00544 0.00000 -0.00000 -0.00291 -0.06304
0.00111 -0.00484 0.00486 -0.00000 -0.00000 -0.00117 -0.00001 -0.00000 -0.00000 -0.00046 0.26912 -0.00577 -0.00256 -0.00141 -0.00004 -0.00211 -0.07850 0.00001 -0.00000 -0.00165 -0.00254 -0.02542 -0.00153 -0.00318 -0.00250 -0.01949 -0.00474 -0.06699 -0.00004 0.00002
-0.00045 -0.00225 0.00001 -0.00056 -0.00380 -0.00000 -0.00407 -0.00000 -0.00350 -0.00223 -0.03713 -0.00126 -0.00015 -0.00000 -0.00427 -0.00163 -0.00446 -0.00034 -0.00763 -0.00362 -0.00842 -0.00295 -0.00220 -0.00405 -0.00088 -0.00748 -0.00157 -0.00464 -0.01071 -0.00402
0.00000 -0.01214 0.00002 0.00000 -0.00000 -0.00084 -0.00464 0.00000 -0.00000 0.00000 -0.01596 -0.00578 -0.00005 -0.00098 -0.00041 -0.00090 -0.00001 0.00001 -0.00069 -0.00522 -0.05608 -0.00787 -0.00658 -0.04823 -0.00400 -0.00000 -0.00465 -0.00318 -0.01151 0.00000
0.00000 -0.09542 0.00002 -0.00000 -0.00000 -0.00064 -0.03663 -0.00036 -0.00000 0.00000 -0.00261 -0.00156 0.00000 0.00000 -0.00141 -0.00417 -0.00039 -0.00285 -0.03307 -0.00341 -0.00006 -0.00586 -0.00545 -0.00114 -0.00140 0.00000 -0.03580 0.00000 -0.03274 -0.07023
-0.00800 -0.00265 -0.00762 0.00209 0.00000 -0.00779 -0.00345 0.06982 -0.00254 -0.02990 -0.03990 -0.00845 -0.00247 -0.00224 -0.00129 -0.17984 -0.08259 -0.00451 -0.00231 -0.00449 -0.00662 -0.00177 -0.00311 0.19141 -0.00049 -0.01011 -0.02259 -0.04745 -0.02495 -0.04260
-0.00093 -0.00512 -0.00342 0.00156 -0.00000 -0.00639 -0.00001 0.00298 -0.00000 -0.00516 -0.07639 -0.00868 -0.00496 -0.00744 -0.00015 -0.00888 -0.02243 0.00001 -0.02386 -0.00254 -0.00083 -0.00633 -0.01847 -0.02546 -0.00978 -0.03779 -0.04454 -0.01879 -0.00322 -0.00762
-0.00405 0.00000 0.00119 -0.00498 0.38575 -0.00022 -0.00071 -0.00251 -0.00280 0.00000 -0.02983 0.00000 -0.00000 -0.00001 -0.00540 -0.00253 -0.00391 -0.00372 -0.00587 -0.00512 -0.00688 -0.00122 -0.01489 -0.01213 -0.01184 -0.01012 -0.00052 -0.00282 -0.00955 -0.01063
0.00000 0.00001 0.00328 -0.00094 -0.39254 0.00000 -0.00378 -0.00256 -0.00000 0.00000 -0.00475 0.00001 -0.00000 -0.00000 -0.05668 0.00007 -0.00111 -0.00123 -0.00112 -0.00550 -0.00002 -0.00421 -0.00550 -0.00243 -0.00003 0.00000 -0.00694 -0.00000 -0.00230 -0.00023
0.00000 -0.00083 0.00687 -0.12231 -0.00235 0.00001 -0.00208 -0.13762 -0.00151 -0.00143 -0.00035 0.00005 0.00047 -0.00165 -0.00442 0.00014 -0.00280 0.00002 -0.02147 -0.00290 -0.00415 -0.00458 -0.00302 -0.04364 -0.00785 -0.00379 -0.00092 -0.00991 -0.00934 -0.09249
-0.00521 -0.00000 0.00880 0.00001 -0.00068 -0.00649 -0.00001 0.00027 -0.00068 -0.00433 -0.00385 0.00000 -0.00311 -0.00355 -0.00427 -0.00228 -0.03450 -0.00648 -0.00388 -0.00308 -0.02853 -0.00879 -0.00308 -0.03010 -0.00265 -0.00817 -0.00573 -0.00372 -0.01443 -0.04706
-0.00534 0.00041 0.00007 -0.00001 -0.00431 -0.00724 0.00935 0.00527 -0.00180 -0.00886 -0.00000 -0.00569 -0.00938 -0.03834 -0.00003 -0.00749 -0.00519 -0.00311 -0.00317 -0.00000 -0.00761 -0.00003 -0.00157 -0.00759 -0.00529 -0.01413 -0.00413 -0.00622 -0.01362 0.20732
