0.00000 -0.01003 -0.03824 -0.01312 -0.00810 -0.00989 -0.01527 0.00002 -0.01844 0.00002 -0.00000 0.00020 -0.05588 -0.00022 -0.01456 0.00001 -0.00003 -0.02426 -0.00365 -0.00026 -0.00165 -0.01009 -0.00000 0.01088 0.00910 0.01822 0.01048 -0.00370 -0.02661 -0.00016 -0.00001 0.00661 -0.42161 0.00003 0.00009 -0.00918 -0.00218 -0.00484 -0.00103 0.00010 -0.07339 -0.00193 -0.02215 -0.01389 -0.00784 -0.00011 0.01102 -0.00001 0.00121 -0.00013
-0.00000 0.00000 0.00000 -0.00004 0.00099 -0.03094 0.00019 0.00003 -0.01798 0.00022 0.00002 0.00003 0.00000 0.00003 0.00022 0.00002 -0.00001 -0.00012 -0.01868 -0.00011 -0.00005 0.01884 0.00001 0.00043 0.00147 0.00300 0.12125 0.01402 -0.03572 0.00964 -0.00001 0.01464 -0.00000 0.00003 0.00004 -0.00005 0.00015 0.00566 -0.00002 0.00015 -0.00000 0.00000 -0.00604 0.00012 0.00768 0.00001 0.03258 0.00008 -0.00000 0.00005
-0.00001 0.46730 0.00000 -0.00557 0.00068 -0.60277 -0.00004 0.00001 0.01924 0.00003 0.00003 0.00011 0.89793 0.00001 0.00481 0.00006 -0.00001 0.01240 0.00418 -0.00013 0.00078 -0.00410 -0.00000 0.00019 0.00437 -0.00185 -0.07006 -0.00573 0.00047 -0.02195 -0.00000 0.00473 0.00000 0.00011 0.00003 0.01057 0.00110 0.00037 -0.00005 0.00014 0.02608 0.00032 0.02192 -0.00005 0.00945 0.00000 -0.03013 0.00021 0.41547 0.00005
-0.00001 -0.00572 0.00012 0.00000 -0.00230 -0.00226 0.00042 -0.00006 -0.00049 -0.00004 -0.00000 0.00003 -0.03767 0.00049 0.00000 -0.00000 0.00021 0.00191 0.00033 -0.00004 0.00007 -0.00072 0.00001 0.00244 0.00000 -1.71333 -0.00035 -0.00001 -0.00185 -0.00526 -0.00000 -0.00003 -0.00000 0.00002 0.00094 0.00000 0.00002 -0.00006 -0.00010 0.00019 0.00011 0.00000 0.00003 0.00031 -0.03214 0.00002 0.00021 0.00004 0.00020 0.00013
0.00017 0.00082 0.00011 -0.00000 0.00000 1.53108 0.00001 0.00054 -0.00274 0.03442 -0.00013 -0.00001 0.00099 -0.00196 -0.00015 0.00157 -0.01196 -0.00316 -0.00000 -0.00000 -0.00000 0.00219 0.00129 0.07750 -0.00000 0.00718 0.00001 0.00436 -0.00017 -0.00041 0.00018 -0.00001 -0.00000 -0.00003 0.00465 0.00003 0.00000 -0.00004 0.00225 -0.00036 -0.00003 0.00043 -0.00003 -0.00519 0.00624 -0.00005 0.00181 0.00166 0.00008 0.00000
-0.00001 0.00000 -0.00000 0.00010 0.00000 0.00000 0.00009 0.00003 0.00000 0.00010 -0.00003 -0.00002 -0.00020 0.00009 0.00000 -0.00041 0.00001 0.00031 -0.00000 0.00001 -0.00000 0.00022 0.00001 -0.00005 -0.00000 0.00650 0.00001 -0.00005 -0.00012 -0.00004 0.00002 -0.00001 -0.00000 -0.00004 0.00011 -0.00000 0.00002 0.00001 0.00001 -0.00034 -0.00006 -0.00002 0.00000 -0.00006 -0.00007 -0.00000 -0.00000 -0.00009 -0.00000 0.00004
0.00001 0.00211 -0.01303 0.00162 -0.01609 0.01237 0.00000 -0.00407 -0.00507 0.02843 -0.00163 -0.00010 0.00054 0.00075 0.01188 -0.00016 -0.00654 -0.00610 0.00177 0.00004 -0.00000 -0.01343 -0.00006 0.00653 0.00354 0.01788 -0.03870 0.00720 -0.02061 -0.00513 0.00174 -0.01061 -0.00001 -0.00012 -0.00016 -0.00212 0.01622 0.00105 -0.00027 -0.01056 0.00004 -0.00011 -0.00348 -0.01759 -0.01088 0.00001 -0.03254 -0.00001 -0.00006 -0.00931
-0.03832 0.00262 -0.03326 -0.03013 -0.00025 -0.01700 0.00003 0.00000 -0.02204 -0.01770 0.24347 0.00017 -0.00725 0.01026 0.00009 -0.00008 -0.00454 0.00805 -0.00633 0.00001 0.00000 -0.01917 -0.00002 -0.00901 -0.00102 0.00734 0.03594 -0.00002 -0.02488 -0.00536 -0.00518 0.02503 0.00492 -0.00441 0.00004 0.01005 -0.00010 0.00939 -0.00290 -0.00000 -0.05729 -0.00000 -0.00662 -0.01369 -0.00776 -0.00007 0.04191 -0.00006 -0.00069 0.00000
0.00000 -0.00001 0.00004 -0.00012 0.00016 1.77678 0.00005 0.00001 0.00000 0.00007 -0.00002 -0.00009 0.00014 0.00000 0.00011 -0.00004 0.00000 0.00010 0.00000 -0.00003 -0.00000 0.01213 -0.00026 -0.00000 0.00045 0.00826 -0.07790 0.02506 0.00003 -0.02407 0.00005 -0.00754 0.00000 -0.00005 -0.00005 0.00000 0.00000 0.05933 -0.00007 -0.00005 -0.00010 -0.00002 -0.01515 -0.00001 0.01870 -0.00002 -0.00000 0.00003 0.00000 -0.00003
0.00480 0.00459 0.02578 0.01391 0.00000 0.00114 -0.00001 0.00010 0.00075 0.00000 -0.00003 0.00001 0.02589 -0.00003 0.01177 0.00021 -0.00001 -0.00293 0.00011 0.00000 0.00004 -0.00898 -0.00004 0.00030 0.00023 -0.03007 0.01118 0.00817 0.01495 -0.00308 0.43552 -0.00090 -0.00070 0.00006 0.00001 0.00209 0.00008 0.00031 0.00000 0.00027 -0.00944 0.00132 0.00048 -0.00231 -0.00177 0.00001 -0.02364 -0.00010 -0.00425 0.00003
-0.05859 -0.01253 -0.02279 -0.02344 -0.00457 -0.00255 -0.00018 0.00000 -0.02004 -0.01099 0.00000 -0.00002 -0.01354 -0.00068 0.00005 0.00011 -0.02063 -0.00198 -0.00447 -0.00002 0.00004 0.00263 -0.00013 -0.00273 -0.00536 0.02749 -0.03693 0.01395 0.00133 0.01031 -0.00275 -0.01112 0.01059 0.00116 -0.00023 -0.00075 -0.00030 -0.00357 -0.00357 0.00000 -0.05967 -0.00002 -0.00877 -0.02084 -0.01359 -0.00009 0.02620 0.00010 -0.00917 0.00000
-0.00068 0.00134 -0.01687 -0.00627 -0.03010 -0.00425 -0.01323 -0.00200 -0.00595 -0.03439 -0.01651 0.00000 -0.06599 -0.00950 0.01417 0.00601 -0.02267 -0.01150 0.00730 -0.01155 -0.01499 0.01274 0.00809 0.04251 -0.00143 0.02165 0.06315 0.01062 -0.01611 0.00338 -0.00026 -0.03202 0.00338 0.00011 -0.00533 -0.00633 -0.00594 0.01348 0.00227 -0.02782 -0.04727 -0.02536 -0.01466 -0.00028 0.00314 -0.02505 -0.02011 -0.01601 -0.00433 0.00003
-0.00000 0.46924 0.00000 -0.00000 0.00170 0.01343 -0.00005 -0.00001 0.00687 -0.00002 0.00000 -0.00000 0.00000 0.00002 -0.00004 0.00013 -0.00001 0.00002 0.02096 -0.00004 -0.00003 -0.00865 0.00001 -0.00004 0.00043 0.00716 0.00038 -0.00059 0.03395 -0.00777 -0.00000 0.00453 -0.00000 0.00002 -0.00002 0.00003 0.00170 0.00354 -0.00001 0.00008 0.00000 -0.00001 -0.00025 0.00003 -0.00406 0.00001 0.00050 0.00003 -0.00000 0.00009
-0.00615 -0.01707 -0.02564 0.00213 -0.00022 -0.01705 0.00036 -0.00002 -0.01166 0.02602 -0.00009 -0.00006 0.01636 0.00000 -0.00032 0.00005 0.00000 -0.01018 -0.00146 0.00027 -0.00003 -0.00369 -0.00005 -0.00003 -0.00093 -0.00326 0.04207 0.00295 0.00995 -0.00144 -0.00170 -0.00196 0.00680 -0.00008 0.00012 -0.01196 -0.00024 -0.00493 0.35210 -0.00070 0.00854 -0.00014 -0.00048 -0.00019 0.00119 -0.00011 -0.03373 -0.00022 -0.00097 0.00077
-0.00014 -0.00209 0.00017 0.44803 -0.00308 0.01322 -0.00002 0.00113 -0.01311 -0.00021 -0.00097 -0.00001 -0.03239 -0.00023 0.00000 0.00008 -0.00061 -0.03921 0.00048 0.00010 0.00004 -0.01863 -0.00004 0.00115 -0.00440 -0.08076 0.03788 0.00004 0.03151 -0.00141 -0.00003 -0.00759 -0.00017 0.00003 -0.00007 -0.00014 0.00025 0.02181 -0.00010 -0.04637 -0.01450 -0.00000 -0.00728 -0.00057 0.00443 0.00005 -0.03084 -0.00031 0.00003 -0.00012
0.05997 -0.02559 -0.01034 -0.01019 0.00044 0.00327 -0.00403 -0.02592 -0.00935 -0.00638 0.00810 0.00014 0.00024 -0.02319 0.00690 0.00000 -0.00311 -0.03752 -0.01076 0.00024 -0.01993 -0.00314 -0.00008 0.03728 0.00120 0.00132 -0.04513 -0.00509 0.00084 -0.00159 0.00606 0.02114 0.00245 0.00001 -0.00009 -0.01601 -0.02766 0.01664 0.01149 -0.00325 -0.03853 0.00001 -0.00093 0.03728 -0.01035 -0.00890 -0.00091 -0.00497 -0.00627 -0.00039
-0.00024 -0.02421 -0.01057 -0.00002 -0.00001 0.01240 0.00001 -0.00027 -0.01680 0.01693 0.00002 -0.00004 -0.03020 0.33037 0.00043 -0.00005 0.00000 -0.02389 -0.00017 0.00002 0.00026 1.08091 -0.00002 -0.00000 -0.00013 -0.00097 -0.04212 0.00009 -0.00077 0.00023 -0.00218 -0.00008 -0.00023 -0.00002 0.00006 0.00068 -0.00011 0.00009 -0.36094 0.00011 0.00594 -0.00010 0.00255 1.83377 -0.00572 -0.00002 0.01042 0.00005 0.00451 -0.00014
0.00004 -0.00714 0.00008 0.00021 0.00037 -0.01167 -0.00013 0.00005 -0.00698 -0.00017 0.00038 0.00000 -0.01009 0.00001 0.00004 0.00001 -0.00000 0.00000 0.00325 0.00001 0.00206 -0.00702 -0.00004 -0.00005 -0.00019 -0.00021 -0.01496 0.00017 0.00804 -0.00367 0.00008 0.00207 0.00003 -0.00003 -0.00012 0.00006 0.00179 0.01453 0.00002 0.00023 -0.00667 0.00000 0.00059 -0.00002 -0.00818 0.00001 0.00553 0.00006 -0.00000 0.00009
-0.00006 0.00001 -0.00006 -0.00212 -0.07659 -0.06598 0.00001 0.00005 -0.05054 -0.00020 0.00004 0.00016 0.00005 0.00022 0.00003 -0.00004 -0.00003 0.00030 0.00000 0.00025 -0.00002 -0.03247 0.00033 -0.00915 -0.04017 0.00048 -0.07005 0.00196 0.00000 -2.12971 0.00005 -0.03547 -0.00001 0.00001 -0.00018 -0.01141 0.00018 0.01987 -0.00001 0.00026 0.00000 -0.00000 -0.05099 -0.01422 -0.01227 0.00014 0.04887 -0.00014 0.00000 -0.00018
-0.01051 -0.00854 -0.00800 0.00175 -0.02771 -0.02211 -0.00345 -0.00647 -0.01533 -0.04074 -0.00516 0.00004 -0.03015 -0.00374 -0.01532 0.00329 -0.02038 -0.02295 -0.00844 0.00000 0.00048 -0.01928 0.00199 -0.03648 -0.00781 0.00465 0.06999 0.00563 0.00998 0.00894 -0.01120 -0.03796 0.00459 -0.01570 -0.00544 -0.01233 -0.00140 -0.02187 -0.02251 0.02993 0.00100 -0.01066 -0.01420 0.01451 -0.00225 -0.00003 -0.02546 -0.00020 -0.00302 -0.00812
0.00017 -0.01306 -0.00052 -0.01201 -0.01541 0.00431 0.02642 -0.02475 0.21235 -0.02847 -0.00892 -0.00007 -0.04554 -0.02004 -0.01368 -0.00009 0.00100 -0.00009 -0.00168 0.00269 0.00000 0.00158 0.01793 0.00673 -0.00001 0.00369 0.00536 -0.01344 0.03226 0.00272 -0.01007 0.02712 0.00011 0.00001 -0.00920 -0.01212 0.00026 -0.01440 0.01240 -0.05279 -0.02746 -0.00016 -0.01053 -0.00015 0.00974 0.00015 0.49811 0.00316 0.01092 -0.00023
-0.00001 0.00007 -0.00037 0.00003 -0.00006 -0.00207 -0.00009 -0.00005 0.00001 -0.00033 0.00001 -0.00007 -0.00011 0.00001 0.00001 0.00014 0.00000 -0.00016 -0.00000 -0.00001 -0.00016 0.00000 0.00000 -0.00001 -0.00001 0.00000 0.00000 -0.00002 0.00006 0.00004 0.00007 -0.00000 0.00002 -0.00002 -0.00002 -0.00000 0.00004 0.00000 -0.00008 0.00016 0.00009 -0.00005 -0.00000 0.00008 0.00000 -0.00001 -0.00019 -0.00002 0.00001 0.00001
0.02747 -0.00535 -0.06838 -0.01042 0.00079 0.00735 -0.01370 -0.02206 -0.00460 0.01992 0.00052 0.00016 0.01023 -0.01629 -0.01797 -0.00220 -0.00703 -0.01155 -0.00107 0.00034 0.00000 -0.01970 0.00000 0.05492 -0.00211 -0.01658 0.05508 -0.00182 -0.01008 0.01162 -0.01143 -0.06161 -0.00050 -0.00006 0.00026 -0.02110 -0.02514 -0.00450 0.00083 0.02661 0.00151 -0.03470 -0.00744 -0.00793 0.01243 0.00012 0.00221 0.00429 0.00139 0.00130
0.00009 -0.01725 -0.02490 0.00004 0.00001 -0.02943 -0.00005 0.00024 -0.02895 0.01376 0.00003 0.00001 -0.02898 -0.02284 -0.00055 0.00002 -0.48194 -0.02397 0.00012 0.00001 0.00026 -0.02048 0.00001 0.00000 0.00012 -0.00048 -0.01414 0.00339 -0.00002 0.00021 -0.00122 -0.00002 0.00012 -0.00009 -0.00000 0.00021 -0.00002 0.00046 0.02016 -0.00002 -0.00108 0.00004 -0.00120 -0.04494 -0.01723 0.00000 -0.00559 -0.00001 -0.00176 0.00016
-0.00019 0.00015 -0.00019 -0.04846 -0.04207 0.00514 0.00000 -0.00041 -0.00010 0.00676 0.00032 -0.00016 0.00002 0.00020 0.00009 -0.00054 -0.00016 -0.00134 -0.00001 -0.00007 -0.00025 -0.02917 -0.00007 0.00541 0.00000 0.05942 0.00004 -0.44207 -0.00037 0.00001 0.00037 -0.00001 -0.00005 0.00044 0.00022 -0.00001 0.00032 0.00001 0.00026 -0.00070 -0.00012 -0.00035 0.00000 -0.00216 -0.00960 0.00000 0.00030 -0.00009 -0.00005 0.00004
0.00001 -0.00009 0.00009 -0.00000 0.00029 -0.00015 -0.00003 0.00005 0.00007 0.00002 -0.00001 -0.00003 -0.00016 -0.00001 -0.00000 0.00022 -0.00016 -0.00594 -0.00010 -0.00002 -0.00011 -0.01658 -0.00001 -0.00307 0.00000 0.00000 0.00027 0.00001 -0.00026 0.00006 0.00000 0.00005 0.00000 -0.00003 -0.00113 -0.00001 -0.00004 -0.00005 0.00000 -0.00010 -0.00001 -0.00000 -0.00002 0.00000 -0.01518 -0.00002 -0.00019 -0.00001 -0.00001 -0.00014
-0.00018 0.00000 -0.00002 0.00003 0.00439 0.05571 0.00007 0.00001 -0.00000 0.00018 0.00001 -0.00002 -0.00006 0.00005 0.00001 0.00002 -0.00000 -0.00017 0.00000 -0.00001 0.00006 0.02453 -0.00001 0.00017 0.01117 -0.00984 0.00000 0.00245 0.00000 -0.00001 0.00000 -0.00000 -0.00000 0.00001 0.00007 -0.00000 0.00005 0.00000 0.00003 -0.00028 -0.00001 -0.00002 0.45073 0.00005 0.48301 -0.00000 -0.00002 -0.00002 -0.00000 -0.00002
0.00032 -0.00000 0.00029 -0.02328 0.00009 0.00636 -0.00005 0.00043 0.00000 0.00015 0.00001 -0.00007 0.00031 0.00006 -0.00051 0.00010 0.00012 0.00659 0.00008 0.00015 -0.00006 -0.02796 -0.00010 -0.00019 -0.00000 0.00620 -0.00026 0.00000 0.00044 0.00051 -0.00010 0.00007 -0.00000 -0.00001 -0.00012 0.00000 -0.00032 -0.00002 -0.00014 0.00037 0.00009 0.00033 -0.00000 0.00261 -0.02286 0.00001 0.00006 -0.00260 0.00001 0.00006
-0.00001 0.00003 -0.00006 -0.00014 0.00565 0.01146 0.00000 0.00000 0.00939 -0.00012 0.00001 0.00002 0.00002 -0.00010 -0.00002 -0.00012 -0.00002 0.00007 0.26307 0.00049 -0.00000 0.00710 -0.00007 -0.00388 0.00261 -0.00611 -0.05420 -0.00001 0.00000 -0.04973 -0.00000 0.00415 0.00000 0.00001 -0.00003 -0.00673 0.00015 -0.01504 -0.00004 -0.00010 0.00000 0.00001 0.00622 -0.00864 -0.01844 0.00017 -0.02195 -0.00003 -0.00000 0.00004
0.00035 0.00004 -0.00001 0.00004 -0.00420 0.01510 0.00013 0.00004 -0.00000 -0.00015 0.00009 -0.00001 0.00003 -0.00005 0.00002 -0.00000 0.00032 0.00014 -0.00000 0.00013 -0.00000 -0.01157 0.00012 0.00199 -0.01279 0.00734 -0.08099 0.00141 -0.00000 0.00000 -0.00001 0.00000 0.00005 -0.00003 0.00024 0.00000 -0.00003 -0.00000 -0.00001 0.00019 -0.00001 0.00003 -0.01631 -0.00033 -0.00890 0.00000 -0.00003 0.00011 0.00002 -0.00003
-0.05037 -0.01825 -0.02606 -0.02571 0.00008 -0.02104 0.00023 -0.00006 -0.00678 0.00000 0.00017 0.00006 -0.04201 -0.00007 -0.01045 0.00025 0.00006 -0.00611 -0.00379 -0.00000 0.00007 0.01201 -0.00007 -0.00009 0.00067 0.04853 0.02811 -0.00403 -0.02980 0.00001 0.00000 -0.00796 0.01047 -0.00011 0.00010 -0.03125 0.00041 0.01977 0.00001 -0.00018 0.00405 -0.00494 -0.00203 0.01269 0.01839 0.00012 0.02173 -0.00002 0.00758 -0.00013
0.00020 -0.00007 0.00033 -0.01737 -0.03711 0.00420 -0.00018 -0.00003 0.00007 0.00020 0.00002 -0.00002 0.00020 -0.00012 -0.00006 -0.00004 -0.00015 0.00013 -0.00000 0.00001 -0.00005 0.01107 0.00000 0.00445 -0.19901 0.01512 -1.98747 -0.00912 0.00007 0.03149 0.00003 0.00000 -0.00004 0.00007 0.00008 0.00000 -0.00001 -0.39132 -0.00001 0.00005 0.00001 0.00001 -0.20575 -0.00015 0.00530 -0.00005 -0.00003 0.00003 -0.00000 0.00001
-0.00000 -0.02727 -0.06246 -0.03919 -0.03496 -0.03532 -0.02883 -0.00009 -0.04529 0.00030 0.00000 0.00003 -0.12515 0.00011 -0.01031 -0.00004 -0.00003 -0.02873 0.00588 0.00032 -0.01046 -0.00794 -0.00002 0.00397 0.01592 0.01459 -0.06143 -0.03227 -0.04753 -0.00599 0.00002 0.00292 0.00000 0.00002 -0.00016 -0.01555 -0.03531 0.02489 -0.00014 0.00020 -0.10836 -0.00758 -0.03226 -0.01744 -0.02456 -0.00012 0.00947 -0.00012 -0.00356 0.00020
0.02813 -0.00283 -0.02208 -0.01711 -0.02011 -0.01762 -0.00709 -0.00039 0.00206 0.01426 0.00066 0.00363 -0.01755 -0.01092 0.00415 -0.00957 -0.02162 0.00699 -0.01352 -0.00007 -0.00124 -0.02115 -0.00674 0.00074 0.00087 -0.02815 0.10040 0.01777 -0.03056 0.00692 0.00115 0.02222 0.01299 0.00000 -0.01285 -0.01592 0.00020 -0.00114 0.00448 0.00156 -0.04255 -0.03020 0.00946 0.00533 -0.00953 -0.00091 -0.03105 0.01764 -0.00960 0.00021
0.01844 0.00155 0.05072 0.00061 0.00011 -0.03080 -0.00990 -0.01802 -0.01423 0.06196 0.00385 0.00029 -0.02423 0.01926 0.00179 0.01230 -0.01184 -0.00779 -0.00077 -0.00020 -0.00015 -0.02875 0.00285 -0.03390 0.00746 -0.00026 0.07269 -0.01459 -0.00751 0.00936 -0.00209 0.00849 0.00021 0.00003 0.00000 -0.00175 0.00817 0.00641 -0.00513 0.02973 -0.02341 -0.00307 -0.01380 0.00590 -0.00839 -0.00337 -0.01667 0.00026 -0.00796 -0.00002
0.00047 -0.01077 0.00000 -0.02947 -0.00438 -0.05080 0.00033 0.00004 -0.51966 -0.00030 0.00147 0.00015 -0.02902 0.00001 -0.00134 0.00004 0.00014 0.00105 0.00002 0.00007 -0.00007 0.00944 0.00001 0.00128 0.06920 0.00618 0.94512 -0.26941 -0.00025 0.13128 -0.00000 0.59168 0.00002 -0.00001 0.00057 0.00000 0.00000 -1.50009 -0.00004 -0.00048 0.00001 -0.00931 0.05954 -0.00030 -0.02217 -0.00001 -1.09600 0.01238 0.00002 -0.00001
0.00044 -0.01130 0.00120 -0.01786 -0.02703 -0.00080 0.00001 -0.01133 -0.01702 -0.00599 -0.00155 -0.00000 0.00041 0.00466 0.00149 -0.00001 -0.00249 0.00062 0.00319 -0.00002 0.00007 -0.00900 -0.00001 0.02968 0.00194 -0.00314 0.01519 -0.00035 -0.00937 0.00642 0.00103 -0.02502 0.00001 0.00503 -0.00021 -0.01973 0.00000 -0.01722 0.01176 -0.01879 0.00059 -0.00007 -0.01055 0.00085 -0.02128 -0.00744 -0.01258 -0.00005 -0.00007 -0.01249
-0.00038 0.00021 0.00000 -0.00310 -0.00405 0.02267 -0.00020 -0.00008 -0.00000 0.00020 -0.00017 -0.00001 -0.00036 -0.00003 -0.00002 0.00003 -0.00020 -0.00018 -0.00002 -0.00013 0.00005 -0.01267 -0.00005 0.00050 0.06499 0.01751 0.87067 0.01848 0.00007 -1.85483 -0.00004 -0.00000 -0.00006 -0.00006 -0.00019 -0.00000 -0.00000 0.00000 -0.00003 0.00002 -0.00005 0.00001 0.04119 0.00025 -0.02403 -0.00000 0.00002 -0.00010 -0.00000 0.00001
-0.00013 -0.01880 -0.02901 -0.00826 0.00018 -0.00427 0.00033 0.00024 -0.00966 -0.05906 0.00004 0.00018 0.02332 0.00000 0.00577 0.00012 -0.00000 -0.03528 -0.00039 0.00003 -0.00007 -0.00787 0.00015 0.00001 0.00182 -0.02334 0.03100 -0.00913 0.00757 0.00232 -0.00276 0.00023 0.00380 -0.00033 0.00028 -0.01504 0.00013 0.01346 0.00000 -0.00012 -0.04763 0.00011 -0.00325 0.00008 0.01397 0.00000 -0.01183 0.00027 0.00247 0.00000
-0.00443 0.00848 -0.01469 -0.00093 -0.00227 -0.00168 0.00022 -0.18819 -0.00172 -0.01073 0.45281 -0.00004 -0.00259 -0.00041 -0.00002 0.00010 0.00488 0.00509 0.00243 -0.00001 -0.00001 0.00464 -0.00002 0.02524 -0.00149 -0.00657 0.01186 -0.00676 -0.00049 -0.00551 0.00023 0.01255 -0.00010 0.00021 -0.00002 -0.00202 -0.00001 0.01318 -0.00460 0.00000 0.01503 -0.00000 0.00421 0.00343 0.00251 -0.00005 -0.00271 0.00002 -0.00007 -0.00007
0.00000 -0.82230 -0.00003 0.00732 0.01649 0.02101 0.01107 0.00001 0.00160 -0.00003 -0.00000 0.00001 1.72485 -0.00004 0.00012 0.00005 0.00001 0.00000 0.24449 0.00398 -0.00003 0.01131 0.00048 -0.00132 0.00650 0.00371 -0.05951 0.00347 0.61556 -0.01602 0.00031 0.00148 -0.00000 -0.00000 -0.00003 0.00416 0.00104 0.00444 -0.00000 -0.00002 0.00000 0.00005 0.00177 0.00232 0.02628 0.00001 -0.00973 0.00001 0.00000 0.00006
0.00006 0.01455 0.00772 0.48069 -0.00130 0.06505 0.00538 -0.01057 0.00943 0.00045 -0.01625 -0.00000 -0.03263 0.00748 -1.07962 -0.00861 -0.01382 1.21694 -0.01255 -0.00001 0.00603 -0.00568 -0.00001 0.02677 0.00473 -0.07614 -0.06218 0.00050 -0.00924 -0.00413 0.00006 -0.01529 0.00013 -0.00001 0.00007 0.00011 0.00569 0.02040 0.00320 -0.09017 -0.00408 0.00000 -0.01854 -0.00780 0.02087 -0.00001 -0.02001 0.00094 0.00078 0.00014
-0.00009 -0.00000 0.00002 0.00902 -0.00401 1.32809 0.00000 0.00008 0.00000 0.00070 0.00002 0.00003 -0.00006 0.00029 0.00014 -0.00034 -0.00009 0.00021 0.00000 -0.00002 0.00025 -0.03713 0.00003 0.00030 0.34713 -0.02361 0.00001 -0.03286 -0.00010 -0.00003 0.00008 -0.00000 -0.00000 0.00004 0.00016 -0.00000 0.00014 0.00000 0.00021 -0.00041 -0.00008 -0.00004 0.00000 0.00003 -0.88151 -0.00000 0.00036 -0.00032 -0.00002 0.00002
-0.00006 -0.00090 -0.02495 -0.00109 -0.00005 -0.02199 -0.00008 -0.00001 -0.01905 -0.00018 0.00002 -0.00005 -0.00433 0.00680 -0.00149 0.00006 0.00000 -0.01601 -0.00007 0.00003 0.00049 0.00195 -0.00002 -0.00000 -0.00028 0.00072 -0.01454 0.00009 -0.00030 0.00061 0.00003 -0.00014 0.00002 0.00004 0.00008 -0.00064 -0.00018 0.00155 -0.02158 0.00022 0.00023 -0.00008 -0.00201 0.00000 -0.00763 -0.00003 -0.00836 0.00006 0.00001 -0.00011
0.00005 0.00001 -0.00001 0.00000 0.00004 -0.03849 0.00000 -0.00005 -0.00000 -0.00001 -0.00004 -0.00003 -0.00001 0.00003 0.00008 -0.00008 -0.00000 -0.00002 0.00000 -0.00001 -0.00002 0.63631 0.00001 -0.00001 0.00008 -0.00010 0.00000 -0.00007 0.00003 0.00000 -0.00001 0.00000 -0.00000 0.00001 -0.00002 -0.00000 0.00002 0.00000 0.00000 -0.00015 -0.00001 -0.00002 -0.00000 -0.00003 0.00000 0.00000 -0.00001 -0.00003 0.00001 -0.00002
0.01710 -0.00550 -0.06217 -0.01178 -0.00879 0.01721 -0.03105 0.00182 -0.01090 0.03711 0.00130 0.00001 -0.03777 -0.01418 0.01251 -0.00001 -0.02732 0.00518 -0.00182 0.01861 0.00321 0.00018 0.00360 0.07545 0.04853 0.02552 0.60334 0.01224 0.00100 0.02743 0.00652 -0.01444 -0.00115 0.00036 -0.00014 -0.01690 -0.00017 -0.55269 0.01292 -0.04213 -0.00778 -0.03044 0.03293 0.00873 -0.01287 0.00000 -0.02121 0.01588 0.00618 0.00002
0.00005 0.00002 -0.00008 -0.00747 -0.00026 -0.02486 -0.00005 -0.00002 -0.45579 0.00006 -0.00001 -0.00003 -0.00004 -0.00000 -0.00002 0.00003 -0.00005 -0.00016 0.00000 -0.00006 0.00000 0.01004 0.00011 0.00017 -0.00459 0.00482 -0.02226 0.01546 0.00001 -0.01282 -0.00001 -0.02231 -0.00006 0.00001 0.00002 -0.00000 0.00013 0.05305 0.00011 0.00013 0.00003 -0.00001 -0.00642 -0.00024 0.00097 0.00002 0.00000 -0.00500 -0.00000 -0.00001
-0.02338 0.01050 0.01329 -0.01589 0.00049 -0.01311 0.00621 0.00190 -0.01853 0.01968 -0.00444 0.00004 0.03311 -0.00407 -0.00798 -0.00016 -0.01234 -0.01345 -0.00408 0.01032 0.00003 -0.00268 0.00030 0.02220 -0.00115 0.01465 0.03679 -0.00044 -0.01431 -0.00480 0.00472 -0.01752 -0.00085 0.00001 0.00183 0.00001 0.02313 0.01493 0.00151 0.02656 -0.03478 -0.00023 0.00348 0.01019 0.01878 0.00001 -0.00022 0.00000 -0.00339 0.00544
-0.00007 0.06411 0.00000 -0.00622 -0.00536 -0.03162 0.00015 0.00008 -0.02686 0.00016 -0.00000 0.00012 0.00541 0.00005 0.02433 -0.00023 0.00001 -0.03443 -0.00477 -0.00007 -0.00015 -0.03997 -0.00001 0.00027 -0.01186 0.02167 -0.05012 -0.01223 -0.00293 0.03067 -0.00003 -0.01689 0.00000 -0.00003 0.00005 -0.02429 0.00600 0.00603 -0.00009 -0.00052 -0.09864 0.00098 -0.02084 0.00009 -0.02293 0.00001 0.02765 -0.00005 0.00000 0.00017
-0.01305 -0.00820 0.02829 -0.01234 -0.03363 -0.01126 -0.00006 0.02862 -0.00697 -0.02126 -0.00006 0.02158 -0.01035 0.00001 0.00174 -0.00031 -0.00370 -0.00803 -0.00374 -0.00006 -0.00563 -0.02994 0.00048 -0.00522 0.00440 -0.00454 -0.03375 0.01248 -0.00388 -0.00781 -0.00077 -0.02072 0.00298 -0.00348 -0.03145 -0.01385 -0.00012 0.02816 -0.01152 0.01430 -0.02282 -0.01234 -0.01471 -0.02097 0.00388 -0.00303 -0.01173 -0.00031 0.00051 0.00000
