0.00000 0.00000 -1.14275 -0.50994 -1.35901 0.00000 0.00000 0.00000 0.00000 0.00000
0.00000 0.00000 0.00000 0.00000 0.00000 0.00000 0.00000 0.00000 0.00000 0.00000
0.00000 0.00000 0.00000 0.00000 0.00000 0.00000 0.00000 0.00000 0.00000 0.00000
0.00000 3.21006 0.00000 0.00000 1.90471 -0.50744 0.00000 0.00000 0.00000 0.00000
0.00000 -0.68717 0.00000 0.00000 0.00000 0.00000 0.00000 0.00000 0.00000 0.00000
0.00000 0.00000 0.00000 0.00000 0.00000 0.00000 0.00000 0.00000 0.00000 -0.50623
-0.50880 0.00000 0.00000 0.00000 0.00000 0.00000 0.00000 0.00000 0.00000 0.00000
0.00000 0.00000 1.95771 0.00000 0.00000 0.00000 -0.50624 0.00000 0.00000 0.00000
0.00000 -1.89810 -0.72943 0.00000 -0.85577 0.00000 0.00000 -0.50709 0.00000 0.00000
0.00000 -0.46322 0.00000 0.00000 0.00000 0.00000 0.00000 0.00000 -0.50616 0.00000
