1.000 0.000 -0.064 0.000 0.000 0.000 0.000 0.000 0.424 0.000
0.000 1.000 0.000 0.326 0.000 0.000 0.000 0.000 0.000 0.000
-0.064 0.000 1.000 0.000 0.000 0.000 0.000 0.486 0.000 0.000
0.000 0.326 0.000 1.000 0.537 0.000 0.000 0.000 0.463 0.000
0.000 0.000 0.000 0.537 1.000 0.000 0.000 0.000 0.000 0.000
0.000 0.000 0.000 0.000 0.000 1.000 0.000 0.000 0.000 0.317
0.000 0.000 0.000 0.000 0.000 0.000 1.000 0.000 0.000 0.000
0.000 0.000 0.486 0.000 0.000 0.000 0.000 1.000 0.000 0.000
0.424 0.000 0.000 0.463 0.000 0.000 0.000 0.000 1.000 -0.516
0.000 0.000 0.000 0.000 0.000 0.317 0.000 0.000 -0.516 1.000
