0.00000 0.92371 -0.75980 0.00000 -1.79550 0.63581 0.00000 0.00000 1.00000 0.00000
0.00000 0.00000 0.00000 1.00000 0.00000 0.00000 0.00000 0.00000 0.00000 0.00000
1.00000 0.00000 0.00000 0.00000 0.00000 0.00000 0.00000 1.00000 0.00000 0.00000
0.00000 1.36892 0.00000 0.00000 1.31126 0.00000 0.00000 0.00000 1.00000 0.00000
0.00000 0.00000 0.00000 1.00000 0.00000 0.00000 0.00000 0.00000 0.00000 0.00000
0.00000 0.00000 0.00000 0.00000 0.00000 0.00000 0.00000 0.00000 0.00000 1.00000
0.00000 0.00000 0.00000 0.00000 0.00000 0.00000 0.00000 0.00000 0.00000 0.00000
0.00000 0.00000 1.91104 0.00000 0.00000 0.00000 0.00000 0.00000 0.00000 0.00000
-1.11739 0.00000 0.00000 1.64831 0.00000 0.00000 0.00000 0.00000 0.00000 1.97754
0.00000 0.00000 0.00000 0.00000 0.00000 -1.69490 0.00000 0.00000 1.00000 0.00000
