0.00000 0.00000 0.00000 0.00000 0.00000 0.00000 0.00000 0.00000 0.00000 0.00000 0.00000 0.00000 0.00000 0.00000 0.00000 0.00000 0.00000 0.00000 0.00000 0.00000
0.00000 0.00000 0.00000 0.00000 0.00000 0.00000 0.49469 0.00000 0.00000 0.00000 0.00000 0.00000 0.00000 0.00000 0.36619 0.00000 0.00000 0.00000 0.43166 0.00000
-0.88597 0.00000 0.00000 0.00000 0.00000 0.00000 0.00000 0.00000 0.00000 0.00000 0.00000 0.00000 0.00000 0.00000 0.00000 0.00000 0.00000 0.00000 0.00000 0.00000
0.00000 0.00000 0.00000 0.00000 0.00000 0.00000 0.00000 0.00000 0.00000 0.00000 0.00000 0.00000 0.00000 0.00000 0.00000 0.00000 0.00000 0.00000 0.00000 0.00000
0.00000 0.00000 0.00000 0.00000 0.00000 0.00000 0.00000 0.00000 0.00000 0.00000 0.00000 0.39717 0.00000 0.00000 0.00000 0.47097 0.00000 0.53257 0.00000 0.00000
0.00000 0.00000 1.75127 0.00000 0.00000 0.00000 0.00000 0.00000 0.00000 0.32777 0.34201 0.00000 0.00000 0.00000 0.00000 0.00000 0.35869 0.00000 0.00000 0.46871
0.00000 0.00000 0.00000 0.00000 0.33901 0.00000 0.00000 0.00000 0.00000 0.00000 0.00000 0.00000 0.00000 0.40534 0.42427 0.00000 0.00000 0.00000 0.47603 0.00000
0.00000 0.00000 0.00000 0.32634 0.00000 0.00000 0.00000 0.00000 1.27654 0.37142 0.00000 0.00000 0.00000 0.00000 0.00000 0.00000 0.00000 0.00000 0.00000 0.00000
0.00000 0.00000 0.00000 0.00000 0.00000 0.00000 0.00000 0.00000 0.00000 0.00000 0.00000 0.00000 0.00000 0.00000 0.00000 0.00000 0.00000 0.00000 0.00000 0.00000
0.46278 0.64180 0.00000 -1.15272 0.00000 0.00000 0.46001 0.00000 0.00000 0.00000 0.00000 0.00000 0.00000 0.00000 0.00000 0.00000 0.00000 0.00000 0.36770 0.00000
0.32171 0.00000 0.00000 0.83212 0.00000 0.00000 0.00000 0.36474 0.00000 0.00000 0.00000 0.00000 0.51062 0.35566 0.00000 0.00000 0.52918 0.00000 0.00000 0.00000
0.00000 0.00000 0.00000 0.31797 0.00000 0.60148 0.00000 0.00000 0.00000 0.00000 0.45586 0.00000 0.98435 -0.42875 0.00000 0.00000 0.32473 0.00000 0.00000 0.59457
-0.96893 0.00000 0.00000 0.00000 0.00000 0.00000 0.00000 0.00000 0.00000 0.00000 0.00000 0.00000 0.00000 0.00000 0.00000 0.00000 0.00000 0.00000 0.00000 0.00000
1.25001 0.00000 0.38504 0.42797 0.00000 0.00000 0.00000 0.00000 0.00000 0.00000 0.00000 0.00000 -1.36481 0.00000 0.00000 0.00000 0.00000 0.00000 0.00000 0.00000
0.49699 0.00000 -1.21498 0.00000 0.60687 0.00000 0.00000 0.00000 0.00000 0.00000 0.00000 0.32748 0.00000 0.00000 0.00000 0.40205 0.00000 0.49688 0.00000 0.00000
0.00000 0.00000 0.00000 0.00000 0.00000 0.38207 0.00000 0.00000 0.00000 0.00000 0.31581 0.55699 0.00000 0.33628 0.00000 0.00000 0.00000 0.00000 0.00000 0.33247
-0.41493 0.31117 0.00000 0.34677 0.00000 0.00000 0.00000 0.41056 0.00000 0.55506 0.00000 0.00000 0.00000 0.00000 0.00000 0.00000 0.00000 0.00000 0.00000 0.00000
0.93142 0.00000 0.00000 0.00000 0.00000 0.33388 0.00000 0.00000 0.00000 0.00000 0.00000 0.50763 0.00000 0.00000 0.00000 0.53054 0.00000 0.00000 0.00000 0.00000
0.00000 0.00000 0.00000 0.00000 0.43617 0.00000 0.00000 0.00000 0.00000 0.00000 0.00000 0.00000 0.00000 0.00000 0.53939 0.00000 0.00000 0.36371 0.00000 0.00000
0.00000 0.00000 0.00000 0.00000 0.00000 0.00000 0.00000 0.00000 0.00000 0.38093 0.49887 0.00000 0.00000 0.00000 0.00000 0.00000 0.44311 0.00000 0.00000 0.00000
