0.00206 0.38728 -0.08702 0.17268 0.15822 0.92764 -0.09319 -0.05301 -0.41231 0.00446 -0.60909 0.18862 -0.81276 -0.98574 0.64912 0.61058 0.68796 -0.72684 0.38471 0.00572 0.33721 0.16479 -0.51010 0.01236 0.52982 0.04344 0.81453 0.38375 -0.03402 0.22479
0.14488 -0.00004 0.02025 0.02711 -0.00961 -0.41808 -0.01069 -0.00862 0.76108 -0.20209 0.99120 -1.14701 0.61976 0.17894 -0.32598 -0.06372 -0.58399 -0.51394 -0.51383 0.58940 -0.46836 -0.99787 0.03063 0.01743 0.07354 -0.02314 0.00475 -0.85394 0.00273 -0.99054
0.16336 0.38451 -0.00000 0.03507 0.13848 0.64636 -0.01255 0.02130 -0.55896 0.10148 -0.99543 1.00016 -0.67632 -0.67234 0.65386 0.27936 0.75646 -0.13209 0.40292 -0.26998 0.76729 0.61169 -0.24900 0.01329 0.22120 -0.13823 0.23286 0.50382 0.01601 0.66991
0.03235 0.41022 -0.25893 0.00011 -0.16529 0.40238 -0.11387 -0.02290 -0.80721 -0.07707 -1.29051 1.88898 -0.56075 -0.24264 0.54152 -0.57340 0.50640 1.28834 0.52127 -0.90436 0.64402 1.51598 0.14602 0.03651 -0.52755 -0.38128 -0.48972 0.73627 -0.31951 0.78139
0.20644 0.39306 0.06948 -0.07450 -0.00004 0.60292 0.11754 0.09029 -0.57444 0.00821 -1.03201 0.79889 -0.81041 -0.45045 0.52274 0.28957 0.76324 0.29886 0.48448 -0.30749 0.76326 0.75118 -0.00575 -0.01855 -0.06265 0.01134 -0.00617 0.40900 0.08059 0.52779
-0.00071 0.00915 -0.00258 0.02171 -0.00545 -0.00003 -0.01784 -0.01333 0.40016 -0.04576 0.87898 -1.68219 0.34500 -0.30324 -0.03007 -0.01753 -0.44357 -0.38464 -0.04381 0.07373 -0.14890 -0.92163 0.00854 0.00726 0.01335 -0.01086 -0.00402 -0.50744 -0.00703 -0.70818
0.32102 -0.42299 0.27980 0.17889 0.21149 -0.44040 0.00008 0.04440 0.62057 -0.18150 0.87316 -1.11503 0.84303 0.20483 -0.44044 0.29967 -0.69597 -0.59933 -0.49340 0.71882 -0.64855 -1.05799 -0.26305 -0.49818 0.36395 0.30990 0.48159 -0.85031 0.65885 -0.69412
0.07237 -0.29551 0.26287 0.33253 0.11125 -0.23460 0.11543 0.00004 0.64206 -0.16784 0.52549 -0.78907 1.26085 -0.00542 -0.35597 0.42113 -0.97616 -0.96646 -0.66476 0.82605 -0.47154 -0.89356 -0.54433 -0.02328 0.42562 0.11203 0.34812 -1.23569 0.41199 -1.32779
-0.01725 0.00164 -0.00223 0.00374 -0.00165 -0.00026 -0.00881 -0.00156 -0.00001 -0.01842 0.46333 -0.64719 0.17357 -0.04225 0.00255 -0.03271 -0.02382 0.14473 0.00868 -0.00253 -0.06721 -0.27283 0.00065 0.00450 0.00053 -0.00541 -0.00030 -0.04663 -0.00561 -0.05062
0.01686 0.03062 0.06039 -0.07898 0.27603 0.33977 0.14607 0.09960 0.00219 -0.00002 -0.34999 0.08446 -0.56492 -0.31556 0.08594 0.23478 0.53183 -0.93012 -0.01573 0.05497 0.21139 0.09394 -0.26120 -0.07101 0.19490 0.05261 0.48169 0.19601 0.10269 -0.08723
-0.00804 -0.00032 -0.00012 0.00026 -0.00033 0.00021 -0.00043 0.00066 -0.00160 0.00042 0.00000 -0.73092 0.04178 -0.00726 0.00097 -0.01055 -0.00200 0.07066 -0.00346 -0.00105 0.00038 -0.10250 -0.00097 0.00024 -0.00147 -0.00031 0.00090 -0.01501 -0.00022 -0.00693
-0.00416 0.00018 0.00033 -0.00057 0.00022 0.00046 0.00143 -0.00006 0.00717 0.00382 0.00712 -0.00005 0.08236 0.00721 0.00174 -0.00265 -0.01156 -0.00448 -0.00320 0.00234 -0.00051 -0.02013 -0.00058 -0.00026 -0.00153 0.00095 0.00099 -0.02327 0.00075 -0.06644
0.11268 -0.00438 0.00162 -0.00579 0.00016 0.01995 0.00693 0.00147 -0.05197 0.00748 -0.13186 -0.02540 -0.00000 0.03816 -0.00025 -0.00224 0.30009 -0.27891 -0.03054 0.00040 0.03304 0.03034 -0.00248 -0.00427 -0.00601 0.00257 0.00142 -0.23383 0.00557 0.05327
-0.01257 0.00585 0.00149 -0.02447 0.01034 0.02192 0.01470 0.01213 -0.12019 0.04044 0.31748 -0.12630 0.19158 0.00000 -0.00237 -0.07311 -0.00979 0.32474 -0.02467 -0.02527 -0.00011 0.03470 -0.01277 -0.00786 -0.02255 0.01250 0.00760 -0.22171 0.00387 -0.06885
0.04382 0.09261 0.00361 0.01817 -0.00846 0.35909 -0.01106 -0.01761 -0.47016 -0.11991 -0.56490 0.43679 -0.65364 -0.42510 0.00002 -0.00741 0.68089 -0.25990 0.20290 0.03004 0.32608 0.42939 0.00802 0.00649 0.01208 -0.01233 0.00592 0.35683 -0.00109 0.44342
0.00789 -0.02993 0.01234 -0.02195 0.04369 -0.31155 0.03137 0.00733 0.18384 0.05618 0.30534 1.24519 0.28686 0.11921 -0.12707 -0.00002 -0.01553 0.57984 0.00147 0.00203 0.00423 0.74693 -0.00174 -0.00787 -0.06177 0.03500 -0.01224 0.17320 0.02039 0.58642
0.09041 -0.00042 -0.00110 0.00818 -0.00535 -0.00327 -0.00725 -0.00165 0.39856 -0.01596 0.28037 -0.55643 0.02263 -0.24160 -0.00034 -0.08351 -0.00002 0.28814 0.02694 -0.00166 -0.00235 -0.45282 0.00458 0.00452 -0.00009 -0.00689 -0.00524 0.02610 -0.00210 -0.08318
0.02171 -0.00107 0.00092 -0.00023 -0.00212 -0.00217 0.00109 0.00039 0.04056 -0.00009 0.02604 1.07466 -0.00502 0.00365 -0.00521 -0.00449 -0.00314 -0.00002 -0.00784 0.00141 -0.00141 0.42213 -0.00077 -0.00012 -0.00303 -0.00058 0.00121 0.02577 0.00175 0.60055
0.07742 -0.00296 -0.00078 0.01707 -0.01626 -0.24251 -0.01453 -0.00161 -0.22268 -0.18339 -0.47347 1.50088 -0.25805 0.33957 -0.08429 -0.53579 0.23163 0.42776 -0.00001 0.00445 0.11078 0.82360 0.03359 0.01931 -0.01248 -0.01949 -0.06226 0.53286 -0.00219 0.77761
0.00452 0.01395 -0.00048 0.00368 -0.01484 0.29220 -0.00555 -0.00141 -0.54851 -0.08116 -0.44466 0.40221 -0.74379 -0.27948 0.39552 -0.23335 0.71036 -0.02319 0.26676 -0.00000 0.54906 0.51058 0.00210 0.00798 0.00663 -0.01176 -0.00920 0.57846 -0.00402 0.76346
0.75700 -0.01913 0.00275 0.00093 -0.01154 -0.00268 0.01607 0.00881 0.00711 -0.04488 0.47176 -1.03781 0.08829 -0.33299 0.00756 -0.08789 -0.08394 -0.19853 0.10151 0.00219 0.00002 -0.53929 0.01890 -0.00221 -0.01628 -0.00759 -0.02477 0.07607 0.01964 -0.41020
-0.00783 0.00103 -0.00080 -0.00048 0.00010 0.00160 -0.00079 0.00015 0.04933 0.00321 0.15361 0.56413 0.07246 0.08097 0.00093 -0.00504 0.00103 -0.00705 -0.00278 -0.00180 0.00104 -0.00000 -0.00069 -0.00004 -0.00156 0.00028 0.00074 -0.06898 -0.00131 0.05363
-0.04256 -0.24030 0.01769 -0.12965 -0.31500 -0.40474 -0.01924 -0.00419 0.00676 -0.04212 -0.42469 1.86766 -0.03712 0.38028 -0.30020 -0.78083 -0.03963 1.12044 -0.10180 -0.67979 -0.04017 1.46054 0.00003 0.00601 -0.53340 -0.14074 -0.41571 0.87052 -0.04374 1.43468
-0.23753 -0.43083 -0.10354 -0.49301 -0.60138 -1.15693 -0.06256 0.11314 0.64298 -0.32172 0.40198 -0.02850 0.69968 0.90216 -0.89347 -1.21218 -1.05496 0.65913 -0.25230 -0.26756 -0.97538 0.23769 0.65531 0.00023 -0.64642 -0.42671 -1.07191 -0.11397 -0.66226 0.12335
-0.30089 0.15508 -0.02128 0.01987 -0.05255 0.31010 -0.05488 -0.01471 -0.55683 -0.05538 -0.72380 1.15895 -0.61094 -0.17203 0.37851 -0.27828 0.65983 0.63711 0.32276 -0.34877 0.28808 0.86240 -0.00111 0.01644 0.00003 -0.05460 0.00503 0.78675 -0.05676 1.31112
0.12327 0.49828 -0.07981 -0.03197 0.33626 0.74784 0.09932 0.09051 -0.61593 0.30763 -0.85234 0.76351 -0.81859 -0.54891 0.67578 0.40567 0.77773 -0.29293 0.54311 -0.39294 0.72833 0.67648 -0.13143 -0.03605 0.17798 0.00001 0.26402 0.59343 0.23927 0.50033
-0.00171 0.10437 0.00076 0.00457 0.18676 0.33178 -0.01117 -0.00682 -0.19374 -0.00744 0.37007 -1.63596 -0.24402 -0.41770 0.30531 0.37424 0.39879 -0.73949 0.14385 0.28640 -0.00100 -1.03012 -0.02046 0.00263 0.31312 0.01689 -0.00001 -0.43941 -0.00779 -1.06598
-0.05156 0.00288 -0.00338 0.00920 -0.00957 0.00229 -0.01153 -0.00148 -0.19118 -0.04649 -0.23056 0.41291 -0.11804 -0.03303 -0.00276 -0.07657 0.33233 -0.26845 0.00159 0.00148 0.05437 0.04903 0.00064 0.01067 0.00176 -0.01199 -0.00260 -0.00000 -0.00749 0.01449
1.29983 0.72949 -0.33607 -0.03266 0.47689 0.86986 0.04916 0.01564 -0.81093 0.27925 -0.92422 1.14375 -0.83613 -0.73491 0.92750 0.17534 0.80895 0.24968 0.79555 -0.48577 1.00296 0.73654 -0.18945 -0.02540 -0.02266 0.18757 0.34113 0.80267 0.00033 1.09065
0.00883 0.00187 -0.00086 0.00600 -0.00623 -0.00009 -0.00698 -0.00202 0.23378 -0.01107 0.36164 0.03182 0.17714 0.10973 0.00827 -0.01007 -0.15274 -0.01711 -0.01185 0.00230 -0.01010 -0.25383 0.00095 0.00286 0.00054 -0.00890 0.00188 -0.27532 -0.00255 -0.00008
