-0.00000 0.00000 0.00000 -0.00000 0.00000 0.00000 0.00000 0.00013 0.00002 -0.00000 -0.00003 -0.00000 0.00015 -0.00000 0.00003 -0.00000 -0.00001 0.00013 -0.00001 0.00003 0.00018 -0.00000 -0.00000 -0.00000 0.00023 -0.00000 0.00000 -0.00000 0.00000 -0.00000
0.00000 -0.00000 -0.00000 -0.00000 -0.00003 -0.00003 0.00000 -0.00000 0.00000 0.00000 -0.00000 0.00023 0.00000 -0.50830 0.00000 -0.00000 -0.00010 0.00008 0.00000 -0.00000 0.00000 -0.00003 -0.00001 -0.00019 0.00000 0.00000 -0.00000 -0.00000 -0.00000 -0.00000
0.00000 -0.00051 -0.00000 -0.00000 -0.00004 0.00000 -0.00000 -0.00005 -0.00008 -0.00000 0.00007 0.00004 0.00000 -0.13631 -0.00000 -0.00005 0.00000 -0.00000 0.00000 -0.00022 -0.36799 0.00000 0.00038 0.00000 -0.00043 0.00016 -0.00012 0.00000 0.00003 0.00000
0.00000 -0.00000 0.00000 -0.00000 0.00000 0.00006 0.00000 -0.00000 0.00000 -0.00007 0.00000 0.00000 0.00000 -0.00000 0.00000 0.00000 -0.00000 -0.00000 -0.00000 -0.00005 -0.00000 0.00000 0.00000 -0.00000 -0.00010 -0.00000 0.00000 0.00001 0.00000 -0.00000
-0.00005 0.00004 0.00011 -0.00024 0.00000 0.04884 0.00000 -0.00012 0.03926 0.00000 -0.00000 0.00000 -0.00017 0.00004 0.00021 -0.00030 0.00004 0.00013 0.10566 0.00000 -0.00008 0.00000 -0.11888 0.00001 -0.00025 0.00021 -0.00000 0.00000 0.00010 0.00002
0.00000 -0.00007 -0.00016 0.00013 0.00019 0.00000 -0.05502 -0.00000 0.00000 -0.00000 -0.00017 -0.00030 0.00000 0.00000 0.00000 -0.00020 0.00000 0.00000 -0.00005 0.00030 -0.00000 0.00000 -0.00000 0.00000 -0.00000 0.00000 -0.00000 -0.00017 -0.00002 -0.00000
-0.00000 -0.00013 -0.00017 0.00000 -0.00008 -0.00002 0.00000 -0.00001 0.00006 0.00000 0.00000 -0.00013 0.00000 0.00009 0.00000 0.00000 -0.00000 0.00007 -0.00000 -0.00049 0.00000 -0.00000 -0.00000 -0.00000 0.00000 -0.00000 -0.00030 0.00000 0.00000 0.00011
0.00007 0.00000 0.00000 0.00000 -0.00000 -0.00000 0.00000 -0.00000 0.00000 -0.00000 -0.00005 -0.00000 -0.00000 0.00012 -0.00000 0.00007 0.00000 -0.00000 -0.00001 -0.00000 0.00000 0.00000 0.00000 0.00003 -0.00000 -0.13405 -0.00009 0.00011 -0.00000 -0.00000
-0.00000 -0.00002 -0.00029 -0.00000 0.00018 0.16972 0.00000 0.00000 -0.00000 0.00000 0.00000 -0.00000 -0.00000 0.00024 -0.00000 0.00000 -0.00000 -0.00007 -0.11130 -0.00000 0.00000 0.00000 -0.46457 0.00001 -0.00008 0.00000 -0.00000 0.00004 -0.00000 0.00019
-0.00029 0.00000 -0.00006 -0.00001 -0.00002 0.00000 0.00000 -0.00000 0.00000 0.00000 0.00000 -0.00000 -0.00000 -0.00014 0.00000 -0.00000 0.00000 0.00011 0.00000 0.00000 -0.00000 0.00020 0.00002 -0.00000 -0.00000 0.00000 -0.00000 0.00004 -0.00000 0.00000
0.00000 -0.00010 0.00000 0.00000 -0.00000 -0.00011 -0.00000 -0.00001 -0.00020 0.00000 -0.00000 0.00009 -0.00000 0.00008 -0.00000 0.00000 0.00000 -0.86909 0.00000 0.00000 -0.00005 0.00000 0.00017 0.00000 -0.00010 0.00000 -0.00007 -0.00000 0.00014 -0.00005
0.00000 0.00021 -0.00000 -0.00000 -1.01494 -0.00044 0.00000 -0.00003 -0.00039 -0.00004 0.00000 -0.00000 -0.00010 -0.00005 0.00000 -0.00003 -0.00007 0.00000 -0.00104 0.00000 -0.00003 -0.00000 0.00010 -0.00000 0.00022 -0.00000 0.00000 0.00000 -0.00000 -0.00002
0.00000 -0.00013 -0.00012 0.00000 -0.00000 0.00005 0.00000 -0.00000 -0.00000 0.00000 0.00001 0.00005 0.00000 -0.00032 0.00009 -0.00000 0.00000 0.00000 0.00000 -0.00000 0.00000 0.12587 0.00000 0.00001 -0.00000 -0.00003 -0.00026 -0.00024 -0.00000 -0.00025
0.00004 0.00000 0.00000 -0.00036 -0.00010 -0.00000 0.00000 -0.00000 0.00005 -0.00001 -0.00073 -0.00000 -0.00030 0.00000 -0.04189 0.00010 0.00000 0.00000 0.00000 0.00000 0.00000 0.00008 -0.00029 -0.00000 0.00000 -0.00019 -0.00007 -0.00000 0.00003 0.70953
-0.00000 -0.00000 0.00000 -0.00005 -0.00000 0.00000 -0.00000 0.00000 -0.00000 0.00000 0.00000 -0.00038 -0.00000 -0.00037 -0.00000 0.00004 -0.00000 -0.00000 0.00000 -0.00000 -0.00007 0.00003 0.00000 -0.00002 0.00000 0.00000 -0.00011 -0.00000 -0.00000 0.45624
0.00000 -0.00000 -0.00000 0.00000 0.00000 -0.00005 0.00000 0.00000 0.00000 0.00000 0.00006 0.00031 0.32104 0.00019 0.00013 -0.00000 -0.00000 -0.00000 -0.00000 -0.00000 0.00000 0.08053 0.00005 -0.00000 0.00049 -0.00004 -0.00000 -0.00000 -0.00002 0.00014
-0.00001 0.00000 0.00000 -0.00000 0.00034 -0.00000 0.00000 0.00000 -0.00000 0.00000 0.00041 -0.00034 -0.00019 0.00010 0.00004 -0.00000 -0.00000 -0.00000 -0.00000 0.00000 -0.00008 0.00005 0.00005 -0.00000 0.00003 0.00000 -0.00000 0.00000 -0.00000 -0.00000
0.00000 -0.00000 -0.00007 0.00041 0.00000 0.00000 -0.00018 -0.00000 -0.00000 -0.00000 0.00000 -0.00000 0.00000 -0.00000 0.00041 0.00000 0.00002 0.00000 0.00005 -0.00000 0.00020 -0.00000 -0.00014 0.00034 -0.00000 0.00017 -0.00000 -0.00000 -0.00002 0.00005
-0.00000 -0.00000 -0.00000 -0.00011 0.00000 -0.09062 0.00020 0.00000 -0.00000 0.00000 0.00000 -0.00000 0.00000 -0.00000 0.00000 -0.00000 -0.00000 0.00001 -0.00000 -0.00000 0.00000 -0.00000 0.26753 -0.00000 -0.00016 -0.00000 0.00000 0.00008 -0.00000 -0.00000
0.00001 0.00001 -0.00022 -0.00010 -0.00001 0.00000 -0.00028 0.00000 -0.00000 -0.00000 0.00004 0.00000 -0.17136 0.00032 0.00006 -0.15421 -0.00005 -0.00000 0.00000 0.00000 0.00004 -0.08982 -0.00006 -0.00000 -0.00000 -0.00009 0.00000 -0.00000 -0.00000 0.00000
0.00000 0.02893 0.00000 0.00000 -0.00009 0.00000 0.00000 -0.00002 0.00003 -0.00000 -0.00011 0.00006 -0.00000 0.26411 -0.00000 0.00000 -0.00000 0.00020 -0.00003 0.00019 0.00000 0.00000 -0.00000 0.00000 0.00000 -0.40333 -0.00002 -0.00000 0.00000 0.00250
-0.00000 -0.00002 0.00000 0.00003 0.00004 0.00000 0.00000 -0.00000 0.00009 0.00019 -0.00004 -0.00011 0.00000 -0.00000 0.00000 0.00000 0.00000 0.00012 -0.00000 0.00000 0.00000 0.00000 -0.00000 -0.00000 -0.00000 0.00005 -0.00073 -0.00010 0.00000 0.00000
-0.00000 -0.00003 0.00000 -0.00009 -0.00000 -0.41651 0.07510 -0.00000 0.00000 -0.00000 0.00015 0.00000 0.00000 -0.00000 -0.00000 0.00013 0.00000 -0.00000 0.00000 -0.00000 -0.00013 -0.00007 0.00000 0.00000 0.00000 0.00006 -0.00000 0.00028 -0.00009 0.00003
-0.00000 -0.00000 0.00012 -0.00000 0.00000 0.00000 0.00000 -0.00000 -0.00000 -0.39667 -0.00064 -0.00008 0.00001 0.00000 -0.00010 -0.00000 -0.00000 -0.00000 0.00000 0.00000 -0.00005 -0.00011 -0.00000 -0.00000 -0.00017 0.00006 -0.00000 0.00004 0.00000 -0.00000
0.00004 0.00001 -0.00220 -0.00000 -0.00022 -0.00003 0.00009 0.00000 0.00000 0.00000 -0.00034 0.00036 0.00000 0.00231 0.00000 0.00007 0.00001 0.00006 -0.00000 -0.00000 0.03076 0.00000 0.00000 0.00000 -0.00000 -0.00007 0.00000 -0.90844 0.00007 -0.00000
-0.00030 -0.00000 -0.00000 0.00000 -0.00000 -0.00000 0.00000 0.00000 0.00000 -0.00007 -0.00005 -0.00038 -0.00000 -0.03512 -0.00015 0.00000 0.00001 -0.00012 0.00000 0.00005 -0.00000 0.00000 0.00000 0.00000 -0.00053 0.00000 -0.00000 0.00021 -0.00000 -0.00068
-0.00000 0.00001 -0.00000 -0.00000 -0.00000 -0.00000 -0.00046 0.00000 -0.00013 0.00006 0.00000 -0.00000 -0.05214 -0.00008 0.00000 -0.03828 0.00000 0.00000 0.00001 0.65007 -0.00000 -0.00046 -0.00000 0.00000 0.00000 -0.00000 0.00000 0.00000 -0.00000 -0.00014
-0.00000 -0.00166 0.11195 0.00011 0.00006 0.00000 -0.00000 0.00046 0.00000 -0.00000 0.00018 -0.00000 -0.00031 -0.11069 0.00017 -0.00000 -0.00000 0.00010 0.00016 -0.00000 -0.15365 -0.00012 0.00001 0.00000 0.00000 0.02007 0.00000 0.00000 -0.00001 -0.01347
-0.00000 0.00000 -0.00000 -0.00002 0.00011 -0.00005 0.00000 -0.00006 -0.00018 -0.00000 0.00000 -0.00008 -0.00000 -0.00000 -0.00000 0.00000 -0.00000 -0.00002 -0.00000 -0.00008 0.00000 0.00000 0.00000 0.00002 0.00005 0.00000 -0.00000 -0.00000 -0.00000 -0.18562
0.00007 0.00000 -0.00005 -0.00032 0.00000 -0.00008 -0.00000 -0.00007 0.00000 0.00000 -0.00704 -0.00049 -0.00077 0.00000 -0.00000 0.00000 0.00028 0.00022 0.00005 -0.00003 0.00002 -0.00000 -0.00017 -0.00001 0.00189 -0.00124 0.00057 -0.00021 0.00000 0.00000
