0.00000 0.00000 0.00000 0.34207 0.00000 0.00000 -0.30711 0.00000 0.00000 0.00000
0.00000 0.00000 0.00000 0.00000 0.00000 0.00000 0.00000 -0.30214 0.00000 0.00000
0.00000 0.00000 0.00000 0.00000 0.00000 0.00000 0.00000 0.59546 0.00000 -1.10148
0.00000 0.00000 0.00000 0.00000 0.00000 -1.13945 -0.60903 0.00000 0.00000 -0.53107
-0.61283 -0.73162 0.00000 -0.83749 0.00000 0.00000 -0.49015 0.00000 0.00000 -0.40271
0.00000 0.31080 0.00000 0.00000 0.00000 0.00000 0.00000 0.00000 -0.85168 0.00000
0.00000 0.00000 0.44468 0.00000 0.00000 0.71487 0.00000 0.00000 -0.76669 0.00000
0.00000 0.00000 0.00000 0.00000 0.44761 0.30215 0.00000 0.00000 0.00000 0.00000
0.00000 0.00000 -1.08950 0.00000 0.00000 0.00000 0.00000 -0.30433 0.00000 0.42086
0.00000 1.82094 0.00000 0.00000 0.00000 0.00000 0.00000 -0.48085 0.00000 0.00000
