1.000 0.000 0.000 0.000 0.000 0.000 0.000 0.000 -0.017 0.000
0.000 1.000 0.000 0.000 0.000 -0.458 0.000 0.000 0.000 0.000
0.000 0.000 1.000 0.000 0.000 -0.352 0.000 0.000 0.206 0.126
0.000 0.000 0.000 1.000 0.000 0.000 0.000 0.000 0.000 -0.126
0.000 0.000 0.000 0.000 1.000 -0.636 0.000 0.000 0.000 -0.396
0.000 -0.458 -0.352 0.000 -0.636 1.000 0.000 0.000 0.000 0.000
0.000 0.000 0.000 0.000 0.000 0.000 1.000 0.000 0.000 0.000
0.000 0.000 0.000 0.000 0.000 0.000 0.000 1.000 0.000 0.000
-0.017 0.000 0.206 0.000 0.000 0.000 0.000 0.000 1.000 0.000
0.000 0.000 0.126 -0.126 -0.396 0.000 0.000 0.000 0.000 1.000
