-0.00003 0.26388 0.00000 0.00000 -0.00000 -0.00000 0.00002 0.02096 0.00000 1.20345
0.00000 0.00000 -0.00001 0.00000 -0.00000 -0.00008 0.00003 -0.31032 -0.00000 -0.00002
-0.02847 -0.01155 -0.00000 0.00000 1.14148 -0.00000 -0.00000 0.00096 -0.00000 -0.03896
-0.40502 0.06229 0.13271 0.00000 -0.54402 -0.64138 0.09857 0.07164 0.02430 -1.29378
-0.88419 -0.11862 0.00000 0.00000 -0.00000 0.00000 0.00000 0.00681 0.00000 -0.08015
-0.00452 -0.00040 0.07318 -0.00000 0.02446 0.00000 0.00000 0.00000 -0.62712 -0.00195
-0.00085 -0.00013 0.01275 0.00000 0.00298 1.32851 0.00000 -0.00000 0.01635 -0.00018
0.00000 -0.00000 -0.00001 -0.00000 -0.00000 0.00091 0.00474 -0.00000 0.00014 0.00000
0.00244 -0.00104 -0.29770 -0.00000 -0.03527 -0.00000 -0.00000 -0.00000 0.00000 0.00350
-0.00000 2.20682 -0.00000 0.00000 -0.00000 -0.00000 -0.00005 -0.08528 0.00000 -0.00000
