-5.82762 -0.82792 -2.32545 -0.83604 -0.35606 1.97531 1.77327 -1.11753 -9.19857 -1.46120
-0.13751 -1.84707 -0.09069 -2.58489 0.06229 -0.30857 -0.30487 -1.22274 0.33072 -2.19283
-2.37266 -4.94444 -4.06805 -1.57567 -0.66557 0.60555 1.34037 -6.62674 -2.00271 -0.15706
-0.72266 0.56565 -0.06890 -2.44017 0.38128 -0.37366 -0.24788 -0.00557 -0.34540 -3.30224
-0.61566 -7.75675 0.39074 -2.90674 -5.50291 0.02189 -0.02191 -6.94268 -4.28163 1.22815
-0.58813 -1.68526 -0.66737 -0.32451 0.70364 -1.00206 -0.81550 0.76856 0.82305 -3.88915
-0.72347 -0.70677 -0.22543 -0.02458 -0.02156 -0.65642 -2.37225 1.15418 -2.63306 -6.09186
-0.44431 1.16814 -0.07815 -3.62685 0.82460 0.53835 -0.07185 -0.22250 0.07444 -1.89058
-0.07290 -3.14820 0.37450 -1.53616 -0.71178 -0.54588 0.00737 -5.76306 -8.14730 1.13947
-0.10270 1.96872 -0.40572 0.45839 0.54769 -1.44011 0.06003 0.01079 0.51305 -5.93384
