1.000 -0.210 -0.268 -0.290 -0.262 -0.384 -0.252 -0.319 -0.268 -0.310 -0.317 -0.322 -0.370 -0.326 -0.330 -0.294 -0.309 -0.313 -0.324 -0.313 -0.307 -0.316 -0.233 -0.291 -0.310 -0.236 -0.335 -0.226 -0.254 -0.266 -0.252 -0.195 -0.186 -0.270 -0.305 -0.252 -0.234 -0.299 -0.352 -0.297 -0.296 -0.267 -0.341 -0.303 -0.299 -0.308 -0.334 -0.283 -0.388 -0.360
-0.210 1.044 0.048 0.052 0.042 0.068 0.044 0.056 0.048 0.057 0.058 0.059 0.068 0.053 0.057 0.053 0.050 0.057 0.053 0.054 0.047 0.058 0.035 0.053 0.056 0.034 0.062 0.036 0.045 0.047 0.044 0.026 0.028 0.044 0.055 0.045 0.036 0.054 0.057 0.049 0.053 0.047 0.063 0.049 0.054 0.056 0.057 0.044 0.077 0.058
-0.268 0.048 1.072 0.070 0.061 0.094 0.059 0.077 0.064 0.075 0.077 0.078 0.091 0.077 0.079 0.071 0.073 0.076 0.077 0.075 0.072 0.077 0.053 0.070 0.075 0.053 0.082 0.052 0.060 0.063 0.059 0.043 0.041 0.063 0.074 0.060 0.053 0.072 0.084 0.070 0.071 0.063 0.083 0.072 0.072 0.074 0.080 0.066 0.097 0.086
-0.290 0.052 0.070 1.084 0.073 0.108 0.070 0.089 0.075 0.087 0.089 0.091 0.104 0.091 0.092 0.082 0.086 0.088 0.090 0.088 0.085 0.089 0.064 0.082 0.087 0.065 0.094 0.062 0.071 0.074 0.070 0.053 0.051 0.075 0.086 0.070 0.064 0.084 0.099 0.083 0.083 0.075 0.096 0.084 0.084 0.086 0.093 0.078 0.111 0.101
-0.262 0.042 0.061 0.073 1.069 0.103 0.069 0.086 0.073 0.084 0.085 0.087 0.099 0.088 0.089 0.080 0.083 0.084 0.087 0.084 0.082 0.085 0.063 0.079 0.083 0.064 0.090 0.062 0.069 0.072 0.069 0.053 0.051 0.073 0.082 0.069 0.064 0.081 0.095 0.080 0.080 0.072 0.092 0.082 0.081 0.083 0.090 0.076 0.105 0.096
-0.384 0.068 0.094 0.108 0.103 1.147 0.094 0.118 0.100 0.116 0.119 0.121 0.138 0.116 0.121 0.110 0.110 0.117 0.116 0.115 0.104 0.118 0.081 0.109 0.116 0.079 0.126 0.081 0.095 0.099 0.094 0.067 0.066 0.098 0.114 0.095 0.083 0.112 0.124 0.107 0.110 0.100 0.128 0.108 0.112 0.115 0.121 0.099 0.136 0.126
-0.252 0.044 0.059 0.070 0.069 0.094 1.064 0.086 0.074 0.084 0.086 0.087 0.099 0.088 0.089 0.080 0.083 0.085 0.087 0.085 0.082 0.086 0.064 0.080 0.084 0.065 0.090 0.063 0.070 0.073 0.070 0.055 0.053 0.074 0.083 0.070 0.065 0.081 0.094 0.081 0.081 0.074 0.092 0.082 0.081 0.084 0.090 0.076 0.103 0.096
-0.319 0.056 0.077 0.089 0.086 0.118 0.086 1.102 0.084 0.097 0.099 0.101 0.115 0.098 0.101 0.092 0.093 0.098 0.098 0.097 0.088 0.099 0.069 0.091 0.096 0.067 0.105 0.068 0.079 0.083 0.078 0.057 0.056 0.082 0.095 0.079 0.070 0.093 0.105 0.090 0.092 0.083 0.106 0.091 0.093 0.096 0.102 0.084 0.110 0.107
-0.268 0.048 0.064 0.075 0.073 0.100 0.074 0.084 1.072 0.100 0.101 0.103 0.116 0.113 0.110 0.096 0.107 0.100 0.112 0.104 0.117 0.102 0.086 0.095 0.100 0.096 0.106 0.081 0.085 0.088 0.084 0.077 0.070 0.094 0.098 0.084 0.086 0.097 0.126 0.103 0.097 0.088 0.108 0.106 0.097 0.099 0.111 0.101 0.154 0.128
-0.310 0.057 0.075 0.087 0.084 0.116 0.084 0.097 0.100 1.097 0.105 0.106 0.121 0.108 0.109 0.098 0.102 0.103 0.107 0.103 0.102 0.105 0.078 0.097 0.102 0.081 0.110 0.076 0.085 0.089 0.084 0.067 0.064 0.090 0.101 0.085 0.079 0.099 0.116 0.099 0.098 0.089 0.112 0.100 0.099 0.102 0.110 0.094 0.130 0.118
-0.317 0.058 0.077 0.089 0.085 0.119 0.086 0.099 0.101 0.105 1.101 0.109 0.125 0.114 0.114 0.100 0.108 0.106 0.113 0.107 0.112 0.107 0.084 0.099 0.105 0.089 0.113 0.080 0.087 0.091 0.086 0.072 0.067 0.094 0.103 0.086 0.084 0.101 0.126 0.104 0.101 0.091 0.115 0.107 0.102 0.104 0.115 0.101 0.141 0.127
-0.322 0.059 0.078 0.091 0.087 0.121 0.087 0.101 0.103 0.106 0.109 1.104 0.113 0.094 0.097 0.088 0.089 0.094 0.093 0.092 0.083 0.095 0.064 0.087 0.093 0.062 0.102 0.064 0.075 0.079 0.074 0.051 0.050 0.077 0.092 0.074 0.065 0.089 0.100 0.086 0.088 0.079 0.103 0.087 0.090 0.092 0.098 0.080 0.102 0.102
-0.370 0.068 0.091 0.104 0.099 0.138 0.099 0.115 0.116 0.121 0.125 0.113 1.138 0.145 0.142 0.124 0.137 0.131 0.143 0.134 0.152 0.133 0.108 0.123 0.131 0.122 0.140 0.102 0.109 0.114 0.108 0.095 0.087 0.119 0.128 0.108 0.108 0.126 0.163 0.132 0.126 0.114 0.142 0.135 0.126 0.130 0.144 0.129 0.213 0.165
-0.326 0.053 0.077 0.091 0.088 0.116 0.088 0.098 0.113 0.108 0.114 0.094 0.145 1.108 0.107 0.096 0.099 0.103 0.103 0.101 0.096 0.103 0.074 0.095 0.102 0.074 0.110 0.072 0.083 0.087 0.082 0.061 0.059 0.086 0.100 0.082 0.074 0.098 0.112 0.095 0.097 0.087 0.112 0.097 0.098 0.101 0.108 0.091 0.122 0.114
-0.330 0.057 0.079 0.092 0.089 0.121 0.089 0.101 0.110 0.109 0.114 0.097 0.142 0.107 1.110 0.104 0.118 0.111 0.124 0.114 0.134 0.112 0.093 0.103 0.110 0.107 0.118 0.086 0.091 0.095 0.090 0.081 0.072 0.102 0.108 0.090 0.092 0.106 0.143 0.113 0.106 0.095 0.120 0.117 0.106 0.109 0.124 0.111 0.188 0.145
-0.294 0.053 0.071 0.082 0.080 0.110 0.080 0.092 0.096 0.098 0.100 0.088 0.124 0.096 0.104 1.087 0.070 0.082 0.073 0.077 0.052 0.083 0.048 0.075 0.081 0.036 0.089 0.050 0.064 0.068 0.063 0.035 0.038 0.062 0.080 0.064 0.049 0.078 0.072 0.068 0.076 0.068 0.090 0.068 0.078 0.080 0.080 0.061 0.049 0.074
-0.309 0.050 0.073 0.086 0.083 0.110 0.083 0.093 0.107 0.102 0.108 0.089 0.137 0.099 0.118 0.070 1.098 0.072 0.073 0.071 0.067 0.073 0.044 0.066 0.071 0.046 0.079 0.043 0.054 0.058 0.053 0.032 0.031 0.057 0.070 0.054 0.045 0.068 0.082 0.065 0.067 0.058 0.081 0.066 0.068 0.071 0.077 0.059 0.101 0.083
-0.313 0.057 0.076 0.088 0.084 0.117 0.085 0.098 0.100 0.103 0.106 0.094 0.131 0.103 0.111 0.082 0.072 1.100 0.104 0.098 0.107 0.098 0.074 0.090 0.096 0.083 0.104 0.071 0.078 0.082 0.077 0.063 0.058 0.085 0.094 0.077 0.074 0.092 0.118 0.095 0.092 0.082 0.106 0.097 0.092 0.095 0.106 0.091 0.149 0.120
-0.324 0.053 0.077 0.090 0.087 0.116 0.087 0.098 0.112 0.107 0.113 0.093 0.143 0.103 0.124 0.073 0.073 0.104 1.109 0.103 0.107 0.102 0.078 0.094 0.100 0.083 0.108 0.074 0.082 0.085 0.081 0.066 0.061 0.089 0.098 0.081 0.078 0.096 0.121 0.099 0.096 0.086 0.110 0.102 0.096 0.099 0.111 0.095 0.135 0.123
-0.313 0.054 0.075 0.088 0.084 0.115 0.085 0.097 0.104 0.103 0.107 0.092 0.134 0.101 0.114 0.077 0.071 0.098 0.103 1.100 0.098 0.102 0.074 0.094 0.100 0.076 0.108 0.073 0.082 0.086 0.082 0.062 0.060 0.087 0.098 0.082 0.075 0.096 0.113 0.095 0.095 0.086 0.109 0.097 0.096 0.099 0.107 0.090 0.125 0.115
-0.307 0.047 0.072 0.085 0.082 0.104 0.082 0.088 0.117 0.102 0.112 0.083 0.152 0.096 0.134 0.052 0.067 0.107 0.107 0.098 1.102 0.092 0.061 0.084 0.089 0.057 0.097 0.062 0.073 0.077 0.072 0.049 0.050 0.075 0.088 0.073 0.062 0.086 0.093 0.082 0.085 0.077 0.099 0.083 0.087 0.089 0.094 0.075 0.096 0.096
-0.316 0.058 0.077 0.089 0.085 0.118 0.086 0.099 0.102 0.105 0.107 0.095 0.133 0.103 0.112 0.083 0.073 0.098 0.102 0.102 0.092 1.102 0.069 0.086 0.091 0.074 0.099 0.066 0.074 0.078 0.073 0.058 0.054 0.081 0.090 0.073 0.069 0.088 0.110 0.089 0.087 0.078 0.101 0.092 0.088 0.091 0.101 0.085 0.135 0.112
-0.233 0.035 0.053 0.064 0.063 0.081 0.064 0.069 0.086 0.078 0.084 0.064 0.108 0.074 0.093 0.048 0.044 0.074 0.078 0.074 0.061 0.069 1.058 0.091 0.095 0.076 0.101 0.075 0.083 0.086 0.082 0.067 0.066 0.086 0.095 0.083 0.077 0.093 0.103 0.091 0.092 0.086 0.102 0.092 0.093 0.095 0.100 0.087 0.109 0.105
-0.291 0.053 0.070 0.082 0.079 0.109 0.080 0.091 0.095 0.097 0.099 0.087 0.123 0.095 0.103 0.075 0.066 0.090 0.094 0.094 0.084 0.086 0.091 1.087 0.088 0.027 0.097 0.055 0.072 0.076 0.071 0.036 0.044 0.066 0.087 0.072 0.051 0.085 0.065 0.070 0.083 0.076 0.098 0.068 0.086 0.088 0.083 0.060 0.012 0.068
-0.310 0.056 0.075 0.087 0.083 0.116 0.084 0.096 0.100 0.102 0.105 0.093 0.131 0.102 0.110 0.081 0.071 0.096 0.100 0.100 0.089 0.091 0.095 0.088 1.098 0.063 0.099 0.063 0.074 0.077 0.073 0.051 0.050 0.076 0.090 0.073 0.064 0.088 0.100 0.084 0.086 0.078 0.101 0.085 0.088 0.090 0.096 0.079 0.113 0.101
-0.236 0.034 0.053 0.065 0.064 0.079 0.065 0.067 0.096 0.081 0.089 0.062 0.122 0.074 0.107 0.036 0.046 0.083 0.083 0.076 0.057 0.074 0.076 0.027 0.063 1.065 0.094 0.076 0.076 0.079 0.076 0.075 0.066 0.087 0.087 0.075 0.081 0.086 0.118 0.095 0.087 0.079 0.095 0.099 0.086 0.088 0.102 0.095 0.145 0.121
-0.335 0.062 0.082 0.094 0.090 0.126 0.090 0.105 0.106 0.110 0.113 0.102 0.140 0.110 0.118 0.089 0.079 0.104 0.108 0.108 0.097 0.099 0.101 0.097 0.099 0.094 1.115 0.078 0.087 0.090 0.086 0.069 0.064 0.093 0.104 0.086 0.082 0.102 0.123 0.103 0.101 0.091 0.116 0.105 0.102 0.105 0.115 0.099 0.142 0.126
-0.226 0.036 0.052 0.062 0.062 0.081 0.063 0.068 0.081 0.076 0.080 0.064 0.102 0.072 0.086 0.050 0.043 0.071 0.074 0.073 0.062 0.066 0.075 0.055 0.063 0.076 0.078 1.055 0.061 0.063 0.060 0.050 0.046 0.066 0.072 0.060 0.058 0.071 0.087 0.073 0.071 0.064 0.080 0.074 0.071 0.073 0.081 0.070 0.102 0.089
-0.254 0.045 0.060 0.071 0.069 0.095 0.070 0.079 0.085 0.085 0.087 0.075 0.109 0.083 0.091 0.064 0.054 0.078 0.082 0.082 0.073 0.074 0.083 0.072 0.074 0.076 0.087 0.061 1.067 0.068 0.065 0.067 0.055 0.079 0.078 0.064 0.073 0.077 0.122 0.090 0.078 0.069 0.088 0.094 0.077 0.080 0.097 0.091 0.185 0.123
-0.266 0.047 0.063 0.074 0.072 0.099 0.073 0.083 0.088 0.089 0.091 0.079 0.114 0.087 0.095 0.068 0.058 0.082 0.085 0.086 0.077 0.078 0.086 0.076 0.077 0.079 0.090 0.063 0.068 1.073 0.078 0.076 0.065 0.090 0.094 0.078 0.084 0.092 0.132 0.101 0.093 0.083 0.104 0.105 0.092 0.095 0.109 0.103 0.197 0.133
-0.252 0.044 0.059 0.070 0.069 0.094 0.070 0.078 0.084 0.084 0.086 0.074 0.108 0.082 0.090 0.063 0.053 0.077 0.081 0.082 0.072 0.073 0.082 0.071 0.073 0.076 0.086 0.060 0.065 0.078 1.066 0.054 0.049 0.072 0.081 0.066 0.063 0.079 0.096 0.080 0.079 0.070 0.091 0.081 0.079 0.081 0.089 0.078 0.113 0.098
-0.195 0.026 0.043 0.053 0.053 0.067 0.055 0.057 0.077 0.067 0.072 0.051 0.095 0.061 0.081 0.035 0.032 0.063 0.066 0.062 0.049 0.058 0.067 0.036 0.051 0.075 0.069 0.050 0.067 0.076 0.054 1.044 0.030 0.047 0.057 0.045 0.040 0.056 0.061 0.053 0.055 0.049 0.065 0.054 0.056 0.058 0.061 0.051 0.057 0.063
-0.186 0.028 0.041 0.051 0.051 0.066 0.053 0.056 0.070 0.064 0.067 0.050 0.087 0.059 0.072 0.038 0.031 0.058 0.061 0.060 0.050 0.054 0.066 0.044 0.050 0.066 0.064 0.046 0.055 0.065 0.049 0.030 1.038 0.070 0.076 0.065 0.064 0.075 0.089 0.076 0.075 0.068 0.083 0.077 0.075 0.076 0.082 0.074 0.104 0.090
-0.270 0.044 0.063 0.075 0.073 0.098 0.074 0.082 0.094 0.090 0.094 0.077 0.119 0.086 0.102 0.062 0.057 0.085 0.089 0.087 0.075 0.081 0.086 0.066 0.076 0.087 0.093 0.066 0.079 0.090 0.072 0.047 0.070 1.077 0.068 0.054 0.044 0.066 0.072 0.061 0.065 0.058 0.078 0.062 0.067 0.069 0.072 0.056 0.086 0.074
-0.305 0.055 0.074 0.086 0.082 0.114 0.083 0.095 0.098 0.101 0.103 0.092 0.128 0.100 0.108 0.080 0.070 0.094 0.098 0.098 0.088 0.090 0.095 0.087 0.090 0.087 0.104 0.072 0.078 0.094 0.081 0.057 0.076 0.068 1.096 0.078 0.074 0.092 0.112 0.093 0.092 0.082 0.106 0.095 0.093 0.095 0.104 0.090 0.127 0.114
-0.252 0.045 0.060 0.070 0.069 0.095 0.070 0.079 0.084 0.085 0.086 0.074 0.108 0.082 0.090 0.064 0.054 0.077 0.081 0.082 0.073 0.073 0.083 0.072 0.073 0.075 0.086 0.060 0.064 0.078 0.066 0.045 0.065 0.054 0.078 1.067 0.062 0.078 0.094 0.079 0.078 0.069 0.089 0.080 0.078 0.080 0.088 0.076 0.107 0.096
-0.234 0.036 0.053 0.064 0.064 0.083 0.065 0.070 0.086 0.079 0.084 0.065 0.108 0.074 0.092 0.049 0.045 0.074 0.078 0.075 0.062 0.069 0.077 0.051 0.064 0.081 0.082 0.058 0.073 0.084 0.063 0.040 0.064 0.044 0.074 0.062 1.061 0.118 0.145 0.123 0.118 0.110 0.129 0.126 0.118 0.121 0.131 0.122 0.172 0.146
-0.299 0.054 0.072 0.084 0.081 0.112 0.081 0.093 0.097 0.099 0.101 0.089 0.126 0.098 0.106 0.078 0.068 0.092 0.096 0.096 0.086 0.088 0.093 0.085 0.088 0.086 0.102 0.071 0.077 0.092 0.079 0.056 0.075 0.066 0.092 0.078 0.118 1.094 0.114 0.095 0.093 0.084 0.107 0.097 0.094 0.096 0.106 0.091 0.129 0.116
-0.352 0.057 0.084 0.099 0.095 0.124 0.094 0.105 0.126 0.116 0.126 0.100 0.163 0.112 0.143 0.072 0.082 0.118 0.121 0.113 0.093 0.110 0.103 0.065 0.100 0.118 0.123 0.087 0.122 0.132 0.096 0.061 0.089 0.072 0.112 0.094 0.145 0.114 1.139 0.113 0.104 0.093 0.119 0.117 0.104 0.107 0.124 0.112 0.170 0.146
-0.297 0.049 0.070 0.083 0.080 0.107 0.081 0.090 0.103 0.099 0.104 0.086 0.132 0.095 0.113 0.068 0.065 0.095 0.099 0.095 0.082 0.089 0.091 0.070 0.084 0.095 0.103 0.073 0.090 0.101 0.080 0.053 0.076 0.061 0.093 0.079 0.123 0.095 0.113 1.097 0.064 0.056 0.077 0.063 0.065 0.068 0.074 0.057 0.075 0.078
-0.296 0.053 0.071 0.083 0.080 0.110 0.081 0.092 0.097 0.098 0.101 0.088 0.126 0.097 0.106 0.076 0.067 0.092 0.096 0.095 0.085 0.087 0.092 0.083 0.086 0.087 0.101 0.071 0.078 0.093 0.079 0.055 0.075 0.065 0.092 0.078 0.118 0.093 0.104 0.064 1.094 0.099 0.121 0.113 0.108 0.111 0.121 0.108 0.144 0.133
-0.267 0.047 0.063 0.075 0.072 0.100 0.074 0.083 0.088 0.089 0.091 0.079 0.114 0.087 0.095 0.068 0.058 0.082 0.086 0.086 0.077 0.078 0.086 0.076 0.078 0.079 0.091 0.064 0.069 0.083 0.070 0.049 0.068 0.058 0.082 0.069 0.110 0.084 0.093 0.056 0.099 1.078 0.095 0.089 0.083 0.086 0.096 0.085 0.122 0.109
-0.341 0.063 0.083 0.096 0.092 0.128 0.092 0.106 0.108 0.112 0.115 0.103 0.142 0.112 0.120 0.090 0.081 0.106 0.110 0.109 0.099 0.101 0.102 0.098 0.101 0.095 0.116 0.080 0.088 0.104 0.091 0.065 0.083 0.078 0.106 0.089 0.129 0.107 0.119 0.077 0.121 0.095 1.123 0.114 0.110 0.113 0.124 0.108 0.149 0.136
-0.303 0.049 0.072 0.084 0.082 0.108 0.082 0.091 0.106 0.100 0.107 0.087 0.135 0.097 0.117 0.068 0.066 0.097 0.102 0.097 0.083 0.092 0.092 0.068 0.085 0.099 0.105 0.074 0.094 0.105 0.081 0.054 0.077 0.062 0.095 0.080 0.126 0.097 0.117 0.063 0.113 0.089 0.114 1.102 0.109 0.112 0.125 0.112 0.148 0.139
-0.299 0.054 0.072 0.084 0.081 0.112 0.081 0.093 0.097 0.099 0.102 0.090 0.126 0.098 0.106 0.078 0.068 0.092 0.096 0.096 0.087 0.088 0.093 0.086 0.088 0.086 0.102 0.071 0.077 0.092 0.079 0.056 0.075 0.067 0.093 0.078 0.118 0.094 0.104 0.065 0.108 0.083 0.110 0.109 1.096 0.141 0.149 0.134 0.157 0.156
-0.308 0.056 0.074 0.086 0.083 0.115 0.084 0.096 0.099 0.102 0.104 0.092 0.130 0.101 0.109 0.080 0.071 0.095 0.099 0.099 0.089 0.091 0.095 0.088 0.090 0.088 0.105 0.073 0.080 0.095 0.081 0.058 0.076 0.069 0.095 0.080 0.121 0.096 0.107 0.068 0.111 0.086 0.113 0.112 0.141 1.103 0.075 0.058 0.079 0.078
-0.334 0.057 0.080 0.093 0.090 0.121 0.090 0.102 0.111 0.110 0.115 0.098 0.144 0.108 0.124 0.080 0.077 0.106 0.111 0.107 0.094 0.101 0.100 0.083 0.096 0.102 0.115 0.081 0.097 0.109 0.089 0.061 0.082 0.072 0.104 0.088 0.131 0.106 0.124 0.074 0.121 0.096 0.124 0.125 0.149 0.075 1.124 0.096 0.132 0.124
-0.283 0.044 0.066 0.078 0.076 0.099 0.076 0.084 0.101 0.094 0.101 0.080 0.129 0.091 0.111 0.061 0.059 0.091 0.095 0.090 0.075 0.085 0.087 0.060 0.079 0.095 0.099 0.070 0.091 0.103 0.078 0.051 0.074 0.056 0.090 0.076 0.122 0.091 0.112 0.057 0.108 0.085 0.108 0.112 0.134 0.058 0.096 1.095 0.253 0.241
-0.388 0.077 0.097 0.111 0.105 0.136 0.103 0.110 0.154 0.130 0.141 0.102 0.213 0.122 0.188 0.049 0.101 0.149 0.135 0.125 0.096 0.135 0.109 0.012 0.113 0.145 0.142 0.102 0.185 0.197 0.113 0.057 0.104 0.086 0.127 0.107 0.172 0.129 0.170 0.075 0.144 0.122 0.149 0.148 0.157 0.079 0.132 0.253 1.225 -0.304
-0.360 0.058 0.086 0.101 0.096 0.126 0.096 0.107 0.128 0.118 0.127 0.102 0.165 0.114 0.145 0.074 0.083 0.120 0.123 0.115 0.096 0.112 0.105 0.068 0.101 0.121 0.126 0.089 0.123 0.133 0.098 0.063 0.090 0.074 0.114 0.096 0.146 0.116 0.146 0.078 0.133 0.109 0.136 0.139 0.156 0.078 0.124 0.241 -0.304 1.406
