-0.00000 0.00158 -0.05008 -0.00356 0.00088 -0.00044 -0.05538 0.00061 -0.04645 0.00073 -0.04422 -0.00093 0.00269 0.00045 -0.00211 -0.02544 -0.01982 -0.00041 0.00001 -0.00008 -0.00000 -0.00215 0.00092 0.00245 0.00121 -0.00011 0.00063 0.00014 0.00004 0.00087
-0.00004 0.00000 -0.14272 -0.00042 0.00373 0.00186 -0.17792 -0.00095 -0.10371 0.00540 -0.12146 -0.00031 0.00439 0.00273 -0.00089 -0.05718 -0.05657 0.00179 0.00063 0.00136 0.00269 0.00058 0.00465 -0.00020 0.00406 0.00115 0.00029 0.00334 0.00232 0.00316
-0.00004 0.00000 -0.00000 0.00001 -0.00016 -0.00001 0.00000 -0.00000 0.00094 -0.00001 -0.00000 0.00000 0.00002 0.00010 -0.00007 -0.07888 -0.57911 0.00018 -0.00004 0.00088 0.00003 0.00379 0.00016 -0.00001 0.00002 -0.00000 -0.00001 -0.00010 0.00000 -0.00006
-0.00044 -0.00239 -0.05837 -0.00000 0.00160 0.00067 -0.07580 0.00118 -0.06519 0.00114 -0.06642 0.00051 0.00191 0.00088 -0.00102 -0.01272 -0.04424 0.00042 -0.00107 0.00059 0.00050 -0.00098 0.00196 -0.00259 -0.00023 -0.00036 -0.00040 0.00082 0.00202 0.00102
-0.00225 -0.00073 -0.01908 0.00040 0.00000 -0.00064 -0.02272 0.00008 -0.01236 0.00093 -0.00874 -0.00045 0.00036 0.00044 -0.00147 -0.00991 0.00194 0.00005 0.00021 0.00046 0.00026 0.00081 0.00071 -0.00018 -0.00009 0.00033 0.00029 0.00061 -0.00022 0.00045
-0.00026 0.00424 -0.10383 -0.00001 0.00227 -0.00000 -0.12500 0.00129 -0.21449 0.00031 -0.05683 0.00063 0.00111 0.00171 -0.00034 -0.06572 0.00456 0.00194 -0.00244 0.00133 0.00043 0.00107 0.00128 -0.00002 -0.00143 -0.00203 0.00062 0.00139 0.00366 0.00205
0.00001 0.00000 -0.08385 -0.00002 -0.00018 -0.00003 -0.00000 0.00000 -0.06357 -0.00001 -0.00001 0.00000 -0.00021 0.00013 -0.00010 -0.11623 -0.48669 -0.00024 -0.00001 -0.00012 0.00005 -0.00104 0.00001 0.00000 -0.00000 -0.00002 -0.00005 -0.00012 0.00000 -0.00002
-0.00223 0.00108 -0.11106 -0.00182 0.00199 0.00096 -0.11945 0.00000 -0.08357 0.00029 -0.07427 -0.00016 0.00215 0.00241 -0.00021 -0.03125 -0.05221 0.00043 -0.00016 0.00070 0.00113 -0.00085 0.00216 0.00087 0.00189 0.00021 0.00066 0.00249 -0.00163 0.00222
-0.00001 0.00002 -0.00000 0.00005 -0.00027 0.00000 -0.00000 0.00001 -0.00000 -0.00000 -0.00000 0.00003 -0.00009 -0.00032 0.00004 -0.37475 0.00000 -0.00018 -0.00003 0.00006 0.00006 -0.00127 -0.00011 -0.00001 -0.00001 -0.00000 0.00013 -0.00015 0.00001 -0.00012
0.00052 0.00102 -0.05388 -0.00233 0.00197 0.00164 -0.07133 0.00385 -0.04826 -0.00000 -0.05599 0.00154 0.00246 0.00122 0.00044 -0.02060 -0.01854 0.00064 0.00077 0.00013 0.00154 0.00096 0.00231 0.00129 -0.00045 0.00144 -0.00051 0.00166 0.00053 0.00148
-0.00002 0.00000 -0.09588 -0.00001 -0.00015 -0.00002 -0.04287 -0.00001 0.02493 -0.00002 -0.00000 -0.00000 -0.00018 0.00160 0.00007 -0.16075 -0.64586 -0.00012 0.00000 0.00081 -0.00015 0.00536 0.00010 -0.00001 -0.00000 -0.00006 -0.00003 0.00008 0.00001 -0.00019
0.00062 0.00311 -0.07151 0.00047 0.00298 0.00286 -0.10455 0.00312 -0.06193 0.00525 -0.07399 0.00000 0.00241 0.00195 -0.00084 -0.04931 -0.01624 0.00176 0.00402 0.00102 0.00314 0.00104 0.00457 0.00289 0.00855 0.00221 0.00149 0.00362 0.00091 0.00288
0.00048 -0.00120 -0.03161 0.00192 0.00103 -0.00040 -0.04423 0.00149 -0.03001 0.00191 -0.02931 0.00022 0.00000 0.00094 -0.00104 0.21795 -0.00240 0.00031 0.00033 0.00052 0.00094 0.00135 0.00135 -0.00016 0.00208 0.00067 0.00012 0.00127 -0.00082 0.00095
0.00153 -0.00004 -0.01411 0.00060 0.00040 0.00051 -0.01462 -0.00132 -0.00434 -0.00018 0.00191 0.00055 0.00152 0.00000 -0.00025 -0.01590 -0.00161 -0.00026 -0.00048 0.00022 0.00106 0.00017 0.00049 -0.00228 0.00226 0.00007 -0.00050 -0.00001 -0.00200 0.00196
-0.00087 0.00226 0.02398 0.00068 -0.00011 -0.00486 0.03996 -0.00363 0.04655 0.00147 0.00602 0.00158 -0.00085 -0.00021 -0.00000 -0.01620 0.01113 -0.00027 -0.00102 -0.00045 0.00059 0.00208 -0.00006 -0.00232 0.00061 0.00001 -0.00107 -0.00104 0.00082 -0.00056
-0.00002 0.00003 -0.00001 0.00027 -0.00010 -0.00002 0.00000 -0.00006 -0.00000 0.00044 0.00001 -0.00004 -0.00000 -0.00028 -0.00015 -0.00000 -0.00000 -0.00003 0.00001 0.00021 0.00010 -0.00000 0.00016 -0.00005 0.00006 -0.00000 -0.00015 -0.00000 -0.00004 -0.00014
0.00000 0.00000 -0.00000 -0.00001 0.00029 -0.00000 0.00000 0.00001 -0.35831 -0.00000 -0.00000 -0.00002 -0.00003 -0.00007 0.00013 0.10240 0.00000 0.00021 -0.00004 -0.00018 -0.00007 -0.00158 -0.00002 0.00000 -0.00002 -0.00000 0.00009 -0.00016 -0.00000 -0.00022
0.00174 0.00094 -0.01839 0.00350 0.00107 0.00004 -0.02119 0.00004 -0.00254 0.00179 -0.03890 0.00186 0.00191 0.00106 0.00169 -0.01609 -0.00597 0.00000 0.00229 0.00042 0.00175 0.00101 0.00224 -0.00034 0.00345 0.00133 0.00104 0.00120 0.00127 0.00117
0.00135 0.00205 -0.07053 -0.00048 0.00186 -0.00104 -0.09866 0.00358 -0.09263 0.00190 -0.06304 0.00015 0.00168 0.00150 -0.00389 -0.05619 -0.04736 0.00059 0.00000 0.00082 0.00083 -0.00006 0.00032 -0.00052 -0.00106 0.00137 0.00079 0.00233 -0.00091 0.00163
0.00223 -0.00311 -0.00324 0.00092 -0.00011 0.00005 0.00370 -0.00424 0.00148 -0.00048 0.00707 -0.00146 -0.00022 0.00018 0.00040 -0.01183 0.00300 -0.00073 -0.00078 0.00000 0.00021 -0.00020 0.00007 -0.00065 -0.00486 -0.00053 -0.00665 -0.00050 -0.00089 0.00011
-0.00147 0.00034 -0.02935 0.00104 0.00108 -0.00095 -0.03787 0.00261 -0.02870 0.00072 -0.02159 0.00104 0.00182 0.00091 -0.00364 -0.00967 -0.00371 0.00003 0.00263 0.00036 0.00000 0.00114 0.00157 0.00040 -0.00088 0.00081 -0.00011 0.00115 0.00000 0.00056
-0.00069 -0.00313 0.00076 -0.00057 -0.00032 -0.00286 0.00133 -0.00399 -0.00224 -0.00053 0.00012 -0.00121 0.00010 -0.00010 -0.00175 0.22082 -0.00605 -0.00065 -0.00091 0.00030 0.00007 0.00000 -0.00091 -0.00797 0.00063 -0.00062 -0.00042 -0.00061 -0.00354 -0.00035
0.00070 0.00074 -0.04469 -0.00263 0.00111 -0.00134 -0.09126 0.00368 -0.04489 0.00080 -0.04026 -0.00044 0.00142 0.00098 -0.00232 -0.04383 -0.02952 0.00020 0.00802 0.00034 0.00045 0.00022 -0.00000 0.00393 0.00120 0.00147 0.00068 0.00119 0.00145 0.00061
-0.00069 0.00329 -0.11029 -0.00068 0.00336 0.00210 -0.13613 -0.00036 -0.10267 0.00247 -0.09755 0.00026 0.00175 0.00149 0.00051 -0.02357 -0.05752 0.00168 -0.00053 0.00061 0.00129 -0.00051 0.00374 -0.00000 -0.00330 0.00180 -0.00059 0.00362 0.00152 0.00237
0.00025 -0.00046 -0.09348 0.00213 0.00246 0.00273 -0.12288 0.00166 -0.08414 0.00115 -0.09195 -0.00032 0.00292 0.00195 -0.00153 -0.03037 -0.04588 0.00153 0.00114 0.00061 0.00173 0.00040 0.00379 -0.00032 0.00000 0.00225 0.00107 0.00319 0.00174 0.00227
0.00760 0.00269 -0.21529 -0.00032 0.00226 0.00155 -0.08205 0.00298 -0.05805 0.00250 -0.06331 0.00313 0.00284 0.00177 -0.00305 -0.04375 -0.11691 0.00137 0.00244 0.00056 0.00149 0.00150 0.00400 -0.00160 0.00202 -0.00000 0.00054 0.00213 0.00116 0.00194
0.00089 0.00197 -0.03021 -0.00035 0.00089 0.00067 -0.03940 -0.00123 -0.01457 0.00171 -0.03765 -0.00062 0.00146 0.00098 0.00015 -0.01930 -0.01444 0.00051 0.00116 0.00032 0.00086 0.00025 0.00178 -0.00183 0.00275 0.00113 0.00000 0.00162 0.00337 0.00160
0.00050 0.00045 -0.03516 0.00108 0.00138 0.00012 -0.04234 0.00093 -0.03189 0.00106 -0.02729 0.00091 0.00040 0.00081 0.00064 -0.02299 -0.01236 0.00048 0.00103 0.00034 0.00091 0.00136 0.00168 0.00155 0.00075 0.00124 0.00047 -0.00000 0.00099 0.00105
-0.00056 0.00147 -0.08047 -0.00104 0.00158 -0.00068 -0.09014 -0.00021 -0.05880 0.00228 -0.06432 -0.00027 0.00172 0.00122 0.00431 -0.04270 -0.01619 -0.00038 0.00014 0.00087 0.00127 -0.00153 0.00214 0.00142 -0.00128 0.00029 -0.00048 0.00167 0.00000 0.00146
0.00076 -0.00011 -0.01537 -0.00180 0.00028 0.00012 -0.01574 -0.00371 -0.00952 0.00010 -0.00809 -0.00031 0.00076 0.00083 0.00258 -0.01027 0.00031 -0.00027 -0.00003 0.00008 -0.00042 -0.00102 0.00031 -0.00068 -0.00092 0.00020 -0.00013 0.00042 -0.00083 -0.00000
