0.00000 0.00000 0.00000 -1.07212 -1.13931 0.39899 0.00000 0.00000 0.00000 0.00000
0.00000 0.00000 0.00000 0.00000 0.00000 0.00000 0.00000 0.00000 0.00000 0.00000
0.00000 0.00000 0.00000 0.00000 0.00000 0.00000 0.00000 0.00000 0.00000 -0.31606
0.00000 1.25805 0.00000 0.00000 1.00777 -0.45196 0.00000 0.00000 0.00000 0.00000
0.00000 0.00000 0.00000 0.00000 0.00000 0.00000 0.00000 0.00000 0.00000 0.00000
0.00000 0.00000 0.00000 0.00000 0.00000 0.00000 0.00000 0.00000 0.00000 0.00000
0.35518 0.00000 0.00000 0.00000 0.00000 0.00000 0.00000 0.40873 0.00000 0.00000
0.30882 0.00000 1.19263 0.00000 0.00000 0.00000 0.00000 0.00000 -0.68143 0.00000
0.00000 0.00000 -0.43183 0.55783 0.00000 0.00000 0.00000 0.00000 0.00000 1.42690
-0.59726 0.00000 0.00000 0.54434 0.00000 -0.99577 -0.46414 0.00000 0.00000 0.00000
