1.000 0.021 0.022 0.021 0.021 0.020 0.020 0.021 0.021 0.019 0.021 0.020 0.020 0.021 0.021 0.021 0.021 0.021 0.020 0.021
0.021 1.000 -0.019 -0.017 -0.016 -0.029 -0.028 -0.012 -0.011 -0.006 -0.023 -0.029 -0.028 -0.028 -0.026 -0.012 -0.028 -0.018 -0.028 -0.019
0.022 -0.019 1.001 -0.032 -0.032 -0.040 -0.040 -0.032 -0.031 -0.031 -0.035 -0.041 -0.040 -0.040 -0.038 -0.031 -0.040 -0.033 -0.040 -0.033
0.021 -0.017 -0.032 1.002 -0.010 -0.004 -0.004 -0.014 -0.015 -0.018 -0.006 -0.004 -0.004 -0.004 -0.004 -0.014 -0.004 -0.010 -0.004 -0.008
0.021 -0.016 -0.032 -0.010 1.002 -0.011 -0.011 -0.004 -0.004 -0.003 -0.007 -0.011 -0.011 -0.011 -0.009 -0.004 -0.011 -0.005 -0.011 -0.005
0.020 -0.029 -0.040 -0.004 -0.011 1.003 -0.017 -0.022 -0.022 -0.024 -0.017 -0.017 -0.017 -0.017 -0.017 -0.022 -0.017 -0.019 -0.017 -0.018
0.020 -0.028 -0.040 -0.004 -0.011 -0.017 1.004 0.008 0.008 0.009 0.009 0.011 0.011 0.011 0.010 0.008 0.011 0.008 0.011 0.008
0.021 -0.012 -0.032 -0.014 -0.004 -0.022 0.008 1.003 -0.028 -0.033 -0.023 -0.024 -0.024 -0.024 -0.023 -0.027 -0.024 -0.024 -0.024 -0.024
0.021 -0.011 -0.031 -0.015 -0.004 -0.022 0.008 -0.028 1.003 -0.018 -0.001 0.007 0.007 0.006 0.003 -0.016 0.006 -0.009 0.007 -0.007
0.019 -0.006 -0.031 -0.018 -0.003 -0.024 0.009 -0.033 -0.018 1.004 0.014 0.020 0.020 0.019 0.017 0.010 0.019 0.012 0.020 0.012
0.021 -0.023 -0.035 -0.006 -0.007 -0.017 0.009 -0.023 -0.001 0.014 1.004 -0.019 -0.019 -0.019 -0.020 -0.019 -0.019 -0.020 -0.019 -0.020
0.020 -0.029 -0.041 -0.004 -0.011 -0.017 0.011 -0.024 0.007 0.020 -0.019 1.005 0.035 0.035 0.033 0.025 0.035 0.028 0.035 0.029
0.020 -0.028 -0.040 -0.004 -0.011 -0.017 0.011 -0.024 0.007 0.020 -0.019 0.035 1.006 -0.011 -0.007 0.001 -0.010 -0.001 -0.012 -0.001
0.021 -0.028 -0.040 -0.004 -0.011 -0.017 0.011 -0.024 0.006 0.019 -0.019 0.035 -0.011 1.006 0.027 0.025 0.027 0.026 0.027 0.027
0.021 -0.026 -0.038 -0.004 -0.009 -0.017 0.010 -0.023 0.003 0.017 -0.020 0.033 -0.007 0.027 1.006 0.030 0.021 0.029 0.021 0.029
0.021 -0.012 -0.031 -0.014 -0.004 -0.022 0.008 -0.027 -0.016 0.010 -0.019 0.025 0.001 0.025 0.030 1.006 -0.008 0.001 -0.008 -0.001
0.021 -0.028 -0.040 -0.004 -0.011 -0.017 0.011 -0.024 0.006 0.019 -0.019 0.035 -0.010 0.027 0.021 -0.008 1.007 0.014 0.019 0.015
0.021 -0.018 -0.033 -0.010 -0.005 -0.019 0.008 -0.024 -0.009 0.012 -0.020 0.028 -0.001 0.026 0.029 0.001 0.014 1.006 0.022 0.032
0.020 -0.028 -0.040 -0.004 -0.011 -0.017 0.011 -0.024 0.007 0.020 -0.019 0.035 -0.012 0.027 0.021 -0.008 0.019 0.022 1.008 0.100
0.021 -0.019 -0.033 -0.008 -0.005 -0.018 0.008 -0.024 -0.007 0.012 -0.020 0.029 -0.001 0.027 0.029 -0.001 0.015 0.032 0.100 1.015
