0.00000 0.00000 0.00000 0.00000 -0.00000 -0.00000 0.00000 -0.00000 0.00000 0.00000 -0.00000 0.00000 -0.00000 0.00000 -0.00000 -0.00000 -0.00000 0.00000 0.00000 -0.00000
-0.10386 0.00000 0.03280 0.00000 0.00362 0.04953 -0.00046 -0.00000 -0.00000 -0.00000 0.00000 -0.42927 0.00003 0.00000 -0.00000 -0.00000 0.71117 -0.00002 0.00000 -0.00000
0.07584 0.00000 0.00000 0.00000 1.07110 0.00000 -0.12190 0.00063 -0.00471 -0.00042 -0.00000 0.00000 0.03347 -0.00000 0.00000 -0.00000 0.00000 -0.00556 0.00000 -0.00003
0.66969 -0.01393 -0.00000 0.00000 -0.00000 -0.00007 0.00000 0.00000 0.00000 0.00000 -0.07790 0.00076 -0.00000 -0.57259 0.39256 -0.59496 -0.00137 -0.00000 0.00000 -0.00000
0.03070 0.00000 0.00000 0.00000 0.00000 0.00000 -0.70474 0.00698 -0.04125 -0.00392 -0.00000 0.00000 0.28100 -0.00000 0.00000 -0.00000 0.00000 -0.04131 0.00004 -0.00040
0.01517 -0.00000 1.00823 0.00000 0.31523 0.00000 -0.20157 0.00038 -0.00321 -0.00017 -0.00000 0.00000 0.02711 -0.00000 0.00000 0.00000 0.00000 -0.00295 0.00000 -0.00000
-0.12859 0.00000 -0.00000 -0.00007 -0.00000 0.00000 0.00000 -0.04241 0.14365 0.01758 0.00000 -0.00000 -1.06725 0.00000 -0.00000 0.00000 0.00000 0.32222 -0.00042 0.00313
-0.14505 -0.00000 -0.00000 0.00441 0.00000 0.00000 -0.00000 0.00000 -0.00000 -0.24984 -0.00007 0.00000 0.00000 -0.00692 0.00087 0.00128 -0.00000 0.00000 0.05455 -0.53705
0.54226 0.00000 0.00000 -0.00067 0.00000 0.00000 0.00000 -0.83596 0.00000 0.79053 0.00000 0.00000 -0.00000 0.00060 -0.00006 -0.00019 0.00000 0.00000 -0.00516 0.04775
0.24869 0.00000 0.00000 -0.02100 -0.00000 0.00000 0.00000 -0.00000 0.00000 0.00000 0.00014 0.00000 -0.00000 0.01189 -0.00138 -0.00168 0.00000 0.00000 -0.09056 0.63480
-0.65226 1.45743 0.00444 0.00000 0.00045 0.01518 -0.00007 0.00000 -0.00000 -0.00000 0.00000 -0.04954 0.00000 0.00000 -0.00000 0.09588 0.11408 -0.00000 0.00000 -0.00000
-0.19547 -0.00000 -0.42010 -0.00000 -0.11044 -0.91042 0.02770 0.00000 0.00013 0.00004 -0.00000 0.00000 -0.00237 0.00000 -0.00000 -0.00000 -0.00000 0.00136 -0.00000 0.00000
0.09004 -0.00000 -0.00000 0.00018 0.00000 0.00000 -0.00000 0.21531 -1.78403 -0.11862 -0.00000 0.00000 0.00000 -0.00007 0.00000 0.00001 -0.00000 -0.68008 0.00131 -0.01545
-0.13648 0.03952 0.00006 -0.00000 0.00000 0.00025 -0.00000 0.00000 -0.00000 -0.00000 0.27322 -0.00172 0.00000 0.00000 -1.21500 -0.04879 0.00316 -0.00000 -0.00000 0.00000
-0.13306 -0.23495 -0.00054 0.00000 -0.00004 -0.00171 0.00000 -0.00000 0.00000 0.00000 -1.01719 0.01555 -0.00000 -0.00000 0.00000 0.03391 -0.03390 0.00000 0.00000 -0.00000
-0.34718 0.18919 0.00031 -0.00000 0.00003 0.00205 -0.00000 -0.00000 -0.00000 -0.00000 0.00000 -0.02157 0.00000 -0.00000 -0.00000 0.00000 0.03731 0.00000 -0.00000 0.00000
0.05867 0.00000 0.69438 0.00000 0.03777 0.38185 -0.00260 0.00000 -0.00004 -0.00000 -0.00000 -0.92090 0.00047 -0.00000 0.00000 -0.00000 0.00000 -0.00008 0.00000 -0.00000
-0.05761 -0.00000 0.00000 -0.00340 0.00000 0.00000 0.00000 0.04816 0.19953 0.63804 0.00000 0.00000 -0.00000 0.00083 -0.00007 -0.00001 0.00000 0.00000 -0.02134 0.06634
0.07081 -0.00151 -0.00000 1.45088 -0.00000 -0.00000 0.00000 0.00000 -0.00000 -0.00000 -0.01519 0.00006 -0.00000 -0.50179 0.07944 -0.02573 -0.00012 0.00000 0.00000 -0.00000
0.38598 0.00025 0.00000 -0.09655 0.00000 0.00000 0.00000 -0.00000 0.00000 0.00000 0.00182 -0.00000 -0.00000 0.12733 -0.01986 -0.01980 0.00000 -0.00000 -1.03585 0.00000
