-0.00163 0.07894 0.06890 -0.03555 0.04748 -0.01582 -0.14954 0.06021 -0.01822 0.03327 -0.07183 0.07570 0.06890 0.28719 0.04049 0.12372 0.13434 0.24116 0.06444 -0.06595 0.19838 -0.17338 0.07142 0.04668 0.03529 0.09559 0.08836 0.08129 0.03167 -0.12055 0.08424 0.16551 0.12550 -0.12894 -0.10572 -0.10201 -0.00352 -0.16757 0.20103 0.00654 0.10570 0.02083 -0.09187 0.07816 -0.03621 0.03561 -0.18450 0.04405 0.00539 -0.05723
0.05583 -0.00569 0.04175 0.20530 0.03468 -0.02157 0.01939 0.05511 -0.00756 -0.03341 -0.03644 0.01868 0.03901 0.04490 0.13462 -0.02671 0.05394 0.12199 0.03165 -0.01757 0.08237 -0.03119 0.04209 0.00881 0.03064 0.13213 0.15271 0.02201 0.05374 0.06554 0.05371 -0.01593 0.04266 -0.04171 0.06016 -0.01675 0.16067 0.00775 -0.02232 0.03567 0.01646 -0.03777 -0.06190 0.02694 -0.02467 0.02849 -0.00497 0.05584 -0.01142 -0.00604
0.04678 0.12185 0.01430 0.17497 0.04914 0.00537 -0.01392 0.07597 -0.00681 -0.00129 -0.05010 0.04162 0.03120 0.12315 -0.07307 0.06775 0.07729 0.18691 0.03220 -0.01398 0.14151 -0.07229 0.05110 0.01906 0.03106 0.12575 0.06898 0.09343 0.01612 0.03153 0.07305 0.11710 0.16543 -0.04577 -0.00536 -0.01767 0.17776 -0.00583 0.06352 0.00149 0.01633 0.05545 -0.02063 0.02706 -0.00554 0.01248 0.02112 0.01340 -0.00565 0.03894
0.16345 0.19916 0.13394 0.00486 0.10804 0.04375 -0.00183 0.13184 -0.04054 -0.02175 -0.10408 0.11835 0.07960 0.28546 -0.06628 0.09646 0.18850 0.25423 0.08506 -0.02555 0.27300 -0.19740 0.03430 0.03918 -0.18795 0.17363 0.06501 0.15743 0.00993 -0.15239 0.04599 0.19005 0.19595 -0.06707 -0.03039 -0.10974 0.06172 -0.10287 0.20324 -0.00526 0.05157 0.14183 0.15296 -0.00118 -0.00717 0.04807 0.20850 -0.02211 -0.02564 -0.00998
0.14977 0.14796 0.10384 0.07982 -0.01047 -0.03535 -0.09105 0.09597 -0.05091 -0.04501 -0.09765 0.09012 0.09728 0.15970 0.06100 0.06813 0.14721 0.28250 0.08161 -0.07710 0.23581 -0.17642 0.00798 0.05479 -0.13463 0.15682 0.09972 0.12772 0.06454 -0.15899 0.02081 0.10078 0.02437 -0.11749 -0.01077 -0.12154 -0.02338 -0.15880 0.22413 0.04816 0.09503 -0.02628 -0.06365 0.08278 -0.06481 0.06271 -0.11234 0.06555 -0.08961 -0.14072
0.05594 0.04090 -0.00528 0.15003 0.02092 -0.00021 0.10602 -0.00912 0.05990 0.05672 0.03342 0.02643 0.03396 0.20515 0.19846 0.05821 0.05755 0.10011 0.01183 0.04757 0.08378 0.04467 0.14975 0.01530 0.33163 0.22742 0.19542 0.05337 0.13723 0.06144 0.14839 0.09721 0.15662 0.05478 0.19365 0.04904 0.18102 0.11238 0.08894 0.09507 0.05644 0.10538 0.38229 0.11679 0.03963 0.12695 0.17867 0.26990 0.19850 0.17764
0.07986 0.06825 0.03115 0.09865 0.03407 0.00011 0.00268 0.03434 0.01815 0.02678 -0.00558 0.03964 0.05007 0.11207 0.24406 0.13423 0.08083 0.14054 0.03466 0.00650 0.15797 -0.02341 0.09975 0.01958 -0.02053 0.24972 0.24009 -0.04854 0.08270 0.07386 0.13829 0.10522 0.10042 -0.01158 0.03371 -0.00357 0.21017 0.05878 0.06747 0.03020 0.05196 0.02542 0.37511 0.01824 0.00801 0.05717 0.07343 0.10407 0.31341 0.08404
-0.04396 0.08640 0.01756 0.19816 0.03006 0.02247 0.09153 -0.01356 0.01583 -0.03645 -0.00712 -0.01984 -0.01041 -0.02699 -0.15850 -0.09984 -0.01511 0.08322 0.00958 0.02240 -0.03084 0.02356 0.00141 -0.02841 0.06132 0.10164 -0.09218 0.10129 -0.00604 0.14249 -0.03098 -0.05420 0.03835 0.02207 0.10615 0.02065 0.08332 0.03595 -0.02783 0.00564 -0.06123 -0.01091 -0.12092 -0.00035 0.00673 -0.03546 -0.01386 -0.02537 -0.11073 -0.06776
0.01601 0.02499 -0.05491 0.11807 -0.02389 0.11338 -0.00386 -0.04013 0.01095 0.14534 0.08131 -0.01183 -0.03078 0.29184 0.16770 0.13589 0.04542 0.12327 -0.04661 0.09697 0.13271 0.02052 0.21113 -0.04695 0.16620 0.26346 0.22090 0.05863 0.03167 0.04724 0.21274 0.21602 0.28099 0.07750 0.05878 0.09523 0.21969 0.09268 0.09333 -0.01507 0.01320 0.20359 0.30477 0.05814 0.11405 0.04532 0.18841 0.22021 0.21529 0.19566
0.13936 0.07348 0.08129 -0.00662 0.06326 -0.06029 -0.06420 0.04721 -0.02520 -0.00376 -0.05586 0.09398 0.08927 0.10677 0.33301 0.15690 0.13157 0.12487 0.08683 -0.06216 0.15200 -0.09156 0.10469 0.08221 0.17809 0.05688 0.21150 -0.06928 0.11766 0.10732 0.19880 0.09649 0.07195 -0.09792 -0.14854 -0.05327 0.24362 -0.05955 0.15984 0.08818 0.13109 -0.01613 0.12653 0.13890 -0.03777 0.12535 -0.06014 0.19195 0.34219 0.15446
0.02031 0.02703 -0.03032 0.11411 -0.00340 0.08164 0.04762 -0.02622 0.09401 0.11817 0.01278 0.00770 -0.00823 0.25656 0.15635 0.11456 0.04401 0.08788 -0.01172 0.07707 0.08809 0.03115 0.17424 -0.02343 0.16299 0.23214 0.20949 0.06255 0.07101 0.08632 0.17485 0.19162 0.26273 0.06829 0.12541 0.07542 0.17005 0.09376 0.06147 0.02375 0.01564 0.18371 0.33578 0.05369 0.08574 0.06923 0.16092 0.23287 0.23678 0.20062
0.15011 0.04329 0.08999 -0.20439 0.05150 -0.08538 -0.23212 0.04984 -0.05210 0.05420 -0.08038 -0.00188 0.09702 0.02848 0.26116 0.16694 0.13418 0.06847 0.08056 -0.09996 0.16103 -0.14065 0.07141 0.07516 0.10053 -0.13899 0.27426 -0.25228 0.09902 0.09818 0.20139 0.02937 0.00333 -0.14530 -0.20931 -0.09242 0.28407 -0.09996 0.09021 0.06062 0.12349 -0.08425 -0.13755 0.10438 -0.07614 0.09095 -0.13921 0.10244 0.14775 -0.03430
0.04576 0.01623 0.02887 -0.07916 0.01081 -0.03935 -0.12255 0.01606 -0.00478 0.00965 -0.03295 0.01919 -0.00393 0.04181 0.11727 -0.03765 0.03819 0.00213 0.01911 -0.04658 0.01907 -0.04348 0.07114 0.01105 0.11087 0.06751 0.16353 -0.08571 0.04115 0.13283 0.14408 -0.01912 0.04388 -0.08360 -0.08453 -0.02352 0.11657 -0.02849 -0.03214 0.02191 0.03089 -0.07373 -0.27737 0.04636 -0.04204 0.01232 -0.11920 0.02132 0.03302 -0.10867
0.19634 0.08215 0.06536 0.00134 0.04143 0.02275 -0.11333 0.03118 0.00641 0.03244 -0.05992 0.08462 0.08831 -0.01308 0.12309 0.09710 0.18845 0.26532 0.04294 -0.04391 0.24808 -0.20114 0.12311 0.02346 -0.13950 0.15698 0.13963 0.05072 0.06830 -0.17529 0.11039 0.14793 0.13235 -0.12599 -0.04226 -0.10338 0.16078 -0.15972 0.25989 0.03055 0.12919 0.05381 0.05101 0.10349 -0.02424 0.08377 0.05993 0.13676 0.03234 0.03212
0.02617 -0.00365 0.01355 -0.03818 -0.00910 -0.03502 -0.11386 -0.00303 0.01609 0.04358 -0.01200 0.00803 0.01453 0.08447 -0.00536 -0.00391 0.02897 -0.08419 0.00297 -0.03896 -0.02050 -0.02724 0.10854 0.01585 0.18662 0.11444 0.06955 -0.07401 0.04388 0.08036 0.15397 0.02574 0.08714 -0.07759 -0.06438 0.00347 0.17592 -0.01612 0.01225 0.03069 0.03537 -0.04171 -0.18341 0.08093 -0.03457 0.02238 -0.10123 0.05310 0.06285 0.01116
0.03328 0.02426 -0.01569 0.11274 -0.01135 0.01834 0.00936 -0.01515 0.05992 0.05254 0.02420 -0.00326 0.00183 0.13422 0.11771 -0.00337 0.03511 0.04268 -0.00821 0.01484 0.01229 0.00367 0.14847 -0.01119 0.16347 0.18647 0.12891 0.00250 0.05691 -0.04915 0.14328 0.05545 0.15420 -0.02084 0.07774 0.03477 0.19586 0.03499 0.02477 0.03518 0.00549 0.02453 -0.04124 0.06904 0.01512 0.04049 0.04525 0.13596 0.08112 0.10989
0.17283 0.10250 0.08613 -0.09436 0.05361 -0.02905 -0.16823 0.05840 -0.02773 0.01809 -0.08362 0.08921 0.09365 0.23985 0.21291 0.09038 0.01429 0.27770 0.06135 -0.07845 0.24846 -0.19880 0.09557 0.05112 -0.01961 0.12070 0.21284 0.01186 0.06378 -0.16550 0.10773 0.13534 0.07635 -0.14209 -0.09487 -0.12150 0.17201 -0.18341 0.21684 0.03255 0.11849 -0.01633 -0.07617 0.09147 -0.05387 0.06842 -0.15135 0.07915 0.02167 -0.04788
-0.01743 0.01705 -0.00532 0.15975 0.00558 -0.01688 0.04378 0.00003 0.01779 -0.04162 -0.00917 -0.01672 0.00164 -0.06861 -0.03945 -0.15387 -0.01885 0.00832 -0.00363 -0.01467 -0.05412 0.01922 0.04926 -0.02398 0.10027 0.11745 -0.03494 0.03746 0.02868 0.04081 -0.01624 -0.12068 0.00646 -0.03146 0.10009 0.00870 0.09586 0.02077 -0.10887 0.03461 -0.04976 -0.07776 -0.28560 0.01718 -0.03754 -0.00503 -0.03917 -0.00733 -0.17908 -0.07738
0.13639 0.10355 0.09185 0.00557 0.06552 -0.05038 -0.12535 0.08767 -0.05231 0.02273 -0.08178 0.07956 0.08419 0.11593 0.10903 0.15854 0.12984 0.28230 0.00956 -0.08097 0.20389 -0.16798 0.01079 0.07052 0.06171 0.05499 0.08399 0.08411 0.04424 0.05150 0.05940 0.12341 0.01361 -0.12687 -0.12921 -0.11474 -0.06533 -0.17628 0.19957 0.02713 0.12113 -0.03364 -0.06644 0.09884 -0.05139 0.05090 -0.17763 0.07662 0.11162 -0.11740
0.02197 0.02312 -0.03139 0.19100 -0.00345 0.06192 0.08938 -0.02320 0.09564 0.12010 0.06432 -0.00644 0.00119 0.16448 0.20573 0.07192 0.03261 0.05918 -0.01334 0.00097 0.07864 0.05439 0.18550 -0.00780 0.13516 0.28981 0.23985 0.00264 0.10688 0.14237 0.20546 0.13781 0.22824 0.07184 0.15772 0.09323 0.21521 0.11611 0.05002 0.05666 0.02042 0.14371 0.35367 0.06341 0.07946 0.08661 0.14199 0.23695 0.29756 0.21523
0.20151 0.06087 0.06342 -0.06184 0.01151 0.00301 -0.10918 0.02903 -0.00318 0.09705 -0.03318 0.03955 0.06793 0.06778 0.14488 0.14346 0.19388 0.14489 0.04058 -0.03385 0.01841 -0.25243 0.06201 0.02476 0.01613 -0.06779 0.08050 -0.10088 -0.00279 0.12124 0.10658 0.10204 0.06186 -0.13358 -0.15738 -0.12964 0.00937 -0.29064 0.32313 -0.03451 0.15850 0.04250 0.07194 0.09468 0.02037 0.02127 -0.14190 0.08547 0.22041 0.07900
0.02288 0.03048 -0.01260 0.23818 0.01394 0.03458 0.21317 -0.02481 0.08329 0.12640 0.05892 0.02899 0.00639 0.25001 0.28456 0.13651 0.04830 0.02113 0.01095 0.06325 0.05602 0.01125 0.21062 0.01957 0.22451 0.19946 0.31214 -0.02972 0.10976 0.21048 0.23961 0.16632 0.26259 0.07718 0.14870 0.09521 0.23120 0.14929 0.06957 0.05339 0.05282 0.13391 0.32350 0.05607 0.07238 0.10186 0.16880 0.25566 0.31858 0.21801
0.14585 0.02059 0.03648 -0.08610 0.01659 0.00728 -0.13164 0.00295 0.02586 0.10754 -0.02824 0.06442 0.06177 0.16711 0.21044 0.13386 0.14257 0.15810 0.02184 -0.02961 0.19883 -0.13663 0.01074 0.02566 0.03394 0.23100 0.16208 -0.07893 0.06469 0.00573 0.16800 0.15112 0.15835 -0.09286 -0.12231 -0.05347 0.18041 -0.07786 0.15584 0.01584 0.09990 0.05692 0.08164 0.08855 0.00393 0.07176 -0.01532 0.13532 0.23895 0.14945
0.11420 0.04938 0.05487 -0.06107 0.02469 -0.03189 -0.16522 0.03133 0.00012 0.08428 -0.04398 0.03370 0.05888 0.09109 0.20925 0.20473 0.10967 0.09838 0.02649 -0.05607 0.15055 -0.12084 0.10009 -0.00550 0.05361 -0.14796 0.14850 -0.10787 0.04058 0.10419 0.19392 0.12706 0.08822 -0.12124 -0.21336 -0.06338 0.11616 -0.08792 0.07918 -0.00665 0.08284 -0.03129 -0.01082 0.05079 -0.02738 0.01631 -0.12199 0.03114 0.12685 -0.12452
0.02184 0.03772 0.01928 0.16960 0.02402 -0.02586 0.11391 0.01970 0.01233 -0.00265 -0.00966 0.01514 0.02652 -0.00751 0.13134 -0.14550 0.01972 -0.02034 0.02035 -0.01289 0.02058 0.01522 0.05181 0.00801 0.00660 0.12820 0.09560 -0.04008 0.06945 0.27660 0.03071 -0.03596 0.03378 -0.01978 0.07266 0.00733 0.10577 0.04042 -0.04549 0.03505 0.00648 -0.05224 0.01204 0.00443 -0.02296 0.02897 0.00134 0.02855 0.02930 -0.02829
0.02325 -0.01940 -0.02651 0.05054 -0.01582 0.03060 -0.02611 -0.02408 0.04902 -0.00764 0.01154 -0.02058 0.01218 0.11516 0.13528 -0.09206 0.01359 0.00778 -0.02555 0.00691 0.02417 0.00796 0.11322 -0.05820 -0.07342 0.00258 0.12013 -0.04957 0.03579 -0.13076 0.06822 -0.01750 0.05926 -0.02846 0.04129 0.00724 0.17508 0.05425 -0.09582 0.01313 -0.06181 -0.04658 -0.18853 -0.03216 -0.01954 -0.00813 0.02033 -0.02512 -0.11593 -0.08348
0.01004 -0.01498 -0.04265 -0.00874 -0.04030 0.07805 -0.10503 -0.03484 0.09275 0.12425 0.04569 -0.03558 -0.04395 0.14592 0.05635 0.14539 0.02869 0.10004 -0.04242 0.05023 0.07768 -0.02725 0.14591 -0.06261 0.05803 0.19936 -0.00555 0.01471 -0.04332 -0.02779 0.14437 0.18379 0.20385 -0.01090 -0.03328 0.05024 0.17206 0.01085 0.02923 -0.05515 -0.01789 0.11182 -0.01841 0.02810 0.07484 -0.06011 -0.00863 0.02547 0.13276 0.11913
0.05908 0.04468 0.03812 0.15772 0.04090 -0.04515 0.10957 0.02889 -0.00179 0.04789 -0.02015 0.05907 0.04855 0.02905 0.16855 0.01487 0.05535 -0.03522 0.05396 -0.02813 0.07489 -0.01207 0.05128 0.05080 0.06383 0.04462 0.20804 0.00685 0.07802 0.35233 0.08305 0.03682 0.08325 -0.03184 -0.00024 -0.00717 0.08620 0.02429 -0.00655 0.03164 0.06711 -0.02684 0.17591 0.01893 -0.02172 0.04252 -0.02381 0.04630 0.23299 -0.00964
-0.03346 -0.03051 -0.02933 -0.00341 -0.03220 0.03290 -0.09500 -0.04500 0.06943 0.05311 0.02319 -0.04174 -0.03435 0.10244 -0.01668 -0.01847 -0.01655 -0.03219 -0.04832 0.01447 0.00899 -0.00140 0.15097 -0.05076 0.02457 0.06393 0.08344 -0.06788 0.00227 0.09853 0.14462 0.04828 0.19936 -0.02601 -0.02210 0.04193 0.23939 0.02977 -0.11186 -0.03997 -0.04788 0.00549 -0.18323 -0.03466 0.01483 -0.05651 -0.04680 -0.06683 -0.05476 -0.04702
0.20605 0.06595 0.06689 -0.05858 0.01876 0.00137 -0.10036 0.03580 -0.00306 0.10519 -0.03156 0.04965 0.07175 0.07477 0.08313 0.16439 0.20268 0.14886 0.04941 -0.02961 0.21618 -0.24711 0.06287 0.03684 0.02590 -0.05162 0.08388 -0.02898 -0.00049 -0.00040 0.10636 0.11159 0.07536 -0.12514 -0.15780 -0.12282 -0.01124 -0.28217 0.35130 -0.03767 0.17704 0.05814 0.14069 0.09957 0.02823 0.02460 -0.12984 0.10487 0.25169 0.09401
0.09933 0.04110 -0.00923 -0.01438 -0.01785 0.06449 -0.12476 -0.01496 0.07881 0.12041 0.03322 0.00047 -0.01059 0.17897 0.09601 0.12338 0.11235 0.20241 -0.03182 0.03062 0.19118 -0.13138 0.14888 -0.03733 0.03690 0.08286 0.13392 -0.01998 -0.02582 0.00399 0.00403 0.15909 0.19887 -0.05208 -0.11166 0.03149 0.23121 -0.06870 0.15757 -0.05517 0.06536 0.11879 0.06789 0.05062 0.06737 -0.01262 0.00242 0.06759 0.12103 0.12936
0.02218 0.03480 0.00945 0.16884 -0.00005 -0.00028 0.01632 0.00889 0.02925 0.06576 0.01413 -0.00483 0.01202 0.05596 0.18721 0.05173 0.03334 0.06428 0.01294 0.00787 0.01711 -0.00061 0.10578 0.00293 0.21382 0.11649 0.14932 0.00529 0.04119 0.21824 0.12499 -0.00390 0.07808 -0.02037 0.06075 0.02636 0.16492 0.00559 0.05287 0.03079 0.03263 0.00648 0.01876 0.07240 0.01439 0.03015 -0.02433 0.10568 0.20603 0.12123
0.02729 -0.00676 -0.00852 0.13330 -0.00376 0.01305 -0.00017 -0.03064 0.06096 0.12505 0.02882 -0.00055 0.01581 0.11818 0.21360 0.14578 0.04042 0.02005 -0.00507 0.01966 0.03659 0.01755 0.17091 0.00540 0.19499 0.22851 0.21874 -0.04693 0.08368 0.15201 0.19229 0.11039 -0.00635 -0.01332 0.06682 0.03978 0.17347 0.04638 0.01282 0.04089 0.03438 0.03717 0.22809 0.06679 0.02875 0.04842 0.03529 0.15595 0.33712 0.16092
0.02619 0.04333 -0.01113 0.12146 -0.00732 0.06282 0.05899 -0.01538 0.08218 0.13864 0.05907 0.00758 -0.00953 0.18054 0.21254 0.17236 0.04543 0.10593 0.00002 0.07567 0.10173 0.02775 0.18462 -0.00891 0.12349 0.12935 0.25893 0.00037 0.03342 0.30489 0.18731 0.17030 0.21722 -0.00794 0.03560 0.08138 0.19548 0.09321 0.09900 -0.01123 0.04043 0.16096 0.40464 0.02487 0.09331 0.02374 0.12776 0.16670 0.30506 0.21618
0.04475 0.04530 0.00468 0.14631 0.02446 0.02708 0.04243 -0.00283 0.04304 0.03243 0.00420 0.01844 0.02902 0.13083 0.23066 -0.00243 0.04975 0.04913 0.00169 0.01898 0.10462 0.00453 0.13829 -0.01051 -0.07940 0.12718 0.23352 -0.03015 0.06774 0.14315 0.09453 0.05586 0.14326 0.00693 0.00187 0.01313 0.18420 0.08262 -0.05166 0.01373 -0.00909 0.02020 0.19240 -0.03397 0.00664 0.02211 0.09575 0.03189 0.06483 0.01181
0.02097 0.07544 0.00584 0.27578 0.02397 0.01146 0.17137 0.01741 0.04273 0.05970 0.02348 0.01735 0.01662 0.13666 0.22482 0.04338 0.03408 0.04902 0.02377 0.03894 0.06095 0.04688 0.16098 0.01502 0.16098 0.19175 0.26052 0.00532 0.08918 0.25417 0.15782 0.07939 0.18434 0.04159 0.14058 -0.00878 0.20584 0.10449 0.03393 0.05853 0.02903 0.07475 0.27818 0.05408 0.03820 0.07790 0.12539 0.18723 0.26917 0.19147
0.08306 0.15369 0.09108 0.20241 0.07912 0.02733 -0.01263 0.09855 -0.01655 -0.01233 -0.07640 0.07397 0.04790 0.16097 -0.06836 0.05843 0.12092 0.20158 0.04646 -0.01894 0.19634 -0.12786 0.05643 0.01852 -0.04778 0.17911 0.06150 0.14291 0.01928 -0.10649 0.06395 0.14908 0.19540 -0.06334 -0.01039 -0.05110 -0.00682 -0.02132 0.09483 0.00873 0.00057 0.10794 0.02048 0.02470 -0.00779 0.04388 0.15382 0.01105 -0.02855 0.05557
0.03669 0.03744 -0.02104 0.08955 -0.00509 0.08565 -0.00767 -0.02383 0.09598 0.11872 0.04399 0.00369 -0.00967 0.28292 0.14820 0.14584 0.06997 0.13525 -0.01209 0.07354 0.14142 -0.00285 0.18495 -0.02418 0.02316 0.15461 0.20728 0.04115 0.02272 0.09854 0.16976 0.21089 0.27000 0.05388 0.00751 0.06227 0.20771 -0.00972 0.09703 -0.02460 0.02152 0.16862 0.28980 0.00452 0.08389 0.02092 0.15827 0.12740 0.20117 0.19022
0.00269 0.01115 -0.01767 0.07963 -0.02852 0.05629 -0.05591 -0.01074 0.05007 0.00604 0.01238 -0.06469 -0.01623 0.07436 0.00713 -0.02542 0.00139 0.10825 -0.04292 0.02790 0.04948 -0.02707 0.08292 -0.07948 -0.08765 0.07017 0.00677 -0.00676 -0.03267 -0.01719 0.03842 -0.01029 0.03036 -0.03650 0.00792 -0.00943 0.10854 -0.01859 0.00944 -0.03290 -0.10646 -0.02271 -0.16303 -0.03365 0.00939 -0.06842 -0.06560 -0.08366 -0.09333 -0.12688
-0.00369 0.01517 0.00760 0.13240 0.00374 -0.02712 0.01288 0.01227 0.00882 -0.06194 -0.02111 -0.01303 0.01899 -0.06259 0.04035 -0.25063 -0.00532 -0.05001 -0.00738 -0.02604 -0.01645 0.00352 0.03447 -0.01946 0.00632 0.13894 -0.02864 -0.02938 0.04397 0.12112 -0.01338 -0.16550 -0.00476 -0.04597 0.05332 -0.00780 0.13749 0.03074 -0.11278 0.00548 -0.04182 -0.11709 -0.25935 -0.01976 -0.05161 -0.02794 -0.05135 -0.04526 -0.20997 -0.15536
0.09114 0.00499 0.04560 -0.11757 0.00325 -0.04367 -0.11391 0.00929 -0.00620 0.08323 -0.02333 0.01255 0.03738 0.01368 0.13697 0.11897 0.08236 -0.01205 0.03002 -0.04949 0.09286 -0.11701 0.06796 0.03318 0.08885 -0.19537 0.07337 -0.18566 0.01362 0.21865 0.12638 0.04523 0.04467 -0.11172 -0.19882 -0.04028 0.08993 -0.13094 0.09125 -0.01528 -0.00907 -0.03666 -0.11348 0.06565 -0.01682 -0.00374 -0.20263 0.02455 0.19309 -0.02870
0.07553 0.11466 0.05572 0.15361 0.04204 0.01117 0.04234 0.05685 0.01678 0.04983 -0.00719 0.04875 0.03273 0.23738 0.15930 0.12648 0.09651 0.19508 0.05829 0.01268 0.19100 -0.05014 0.10733 0.03769 0.16550 0.09134 0.19525 0.08872 0.04575 0.16941 0.12128 0.15846 0.15482 0.00027 0.00217 0.01457 0.18859 0.01032 0.14447 0.01756 0.09054 -0.00756 0.27974 0.06615 0.02567 0.05568 0.08543 0.13069 0.14299 0.12429
0.00455 -0.03666 -0.02780 0.01476 -0.05453 0.05487 0.03913 -0.05185 0.10755 0.19811 0.08879 -0.00627 -0.02179 0.24183 0.25041 0.18816 0.03098 -0.05596 -0.02551 0.08147 0.07183 0.05436 0.23048 -0.00385 0.08261 0.11660 0.29171 -0.12999 0.06277 0.17219 0.27938 0.18846 0.31047 0.07223 -0.04706 0.12515 0.26079 0.12860 0.05933 -0.02435 0.03696 0.12724 -0.00454 -0.00567 0.10476 0.01129 0.10788 0.13779 0.38684 0.20638
0.00876 0.01354 0.02078 0.13859 0.02075 -0.05608 0.01741 0.01456 -0.00559 -0.07554 -0.03230 -0.00550 0.02972 -0.14078 0.04834 -0.27559 -0.00223 -0.08982 0.00441 -0.05043 -0.04054 0.00166 0.01664 0.00661 0.04509 0.13733 -0.10114 -0.05655 0.06415 0.08119 -0.05119 -0.22459 -0.04110 -0.06538 0.06354 -0.01726 0.15517 0.02177 -0.12525 0.04219 -0.01637 -0.14516 -0.34005 0.00785 -0.07687 0.00034 -0.08713 -0.02390 -0.13037 -0.16834
0.03375 0.03868 -0.00693 0.15094 -0.00330 0.06069 0.02060 -0.00500 0.06921 0.11236 0.04315 -0.00411 0.00289 0.14701 0.17530 0.11576 0.04436 0.11042 0.00338 0.05901 0.10933 0.00653 0.16458 -0.02097 0.06992 0.20018 0.21526 0.02200 0.04148 0.32328 0.17020 0.14715 0.19452 0.03733 0.03951 0.04435 0.20374 0.05353 0.05556 0.00255 0.02292 0.11452 0.33702 0.03257 -0.00263 0.01899 0.09685 0.14337 0.25314 0.18834
0.11630 0.09664 0.07383 0.02414 0.04112 -0.01587 -0.10558 0.06697 -0.01496 0.00815 -0.06371 0.05323 0.05514 0.20174 0.05265 0.07508 0.11587 0.26411 0.04988 -0.05695 0.20475 -0.15409 0.04642 0.02539 -0.01122 0.07284 0.09982 0.04310 0.02328 -0.07872 0.08373 0.13270 0.09118 -0.11253 -0.07426 -0.07706 0.09937 -0.09989 0.10019 0.00077 0.06434 0.00719 -0.10096 0.02863 -0.03989 -0.00181 -0.15150 -0.01563 -0.04301 -0.15191
0.00498 0.06283 -0.00445 0.21351 0.01129 0.05430 0.16832 0.00847 0.06481 0.08529 0.05355 -0.01297 -0.00569 0.12869 0.20537 0.14369 0.03780 0.09363 0.01796 0.08382 0.08822 0.03965 0.13447 -0.00192 0.13021 0.14019 0.23780 0.03368 0.06085 0.29410 0.13856 0.13721 0.15982 0.09202 0.10229 0.06598 0.16786 0.09735 0.07932 0.01379 0.03002 0.13054 0.46140 0.02552 0.08366 0.03426 -0.00782 0.17431 0.28223 0.16597
0.03807 -0.01555 0.01449 -0.02887 -0.01684 -0.01938 -0.11982 -0.01476 0.02851 0.05858 -0.00184 -0.02185 0.02218 0.01568 0.13230 0.08893 0.03696 -0.01626 -0.01053 -0.02557 0.05221 -0.03377 0.11590 -0.00320 0.04642 -0.02749 0.15329 -0.11161 0.03118 0.14705 0.16011 0.02997 0.08520 -0.07930 -0.13641 -0.01292 0.16470 -0.01128 -0.05541 -0.01941 0.02566 -0.08036 -0.26683 0.00189 -0.02048 -0.02484 -0.10530 0.00681 0.05632 -0.11510
-0.00390 0.02848 0.01091 0.07233 -0.00681 0.01044 -0.01822 0.00973 0.03451 0.02286 0.00280 -0.00302 0.00189 0.08251 -0.03345 0.01559 0.02425 0.03435 -0.00708 0.00553 0.02693 -0.00243 0.08811 -0.00991 0.06041 0.19341 0.07167 0.00289 0.02395 0.03889 0.09968 0.04805 0.13095 -0.01448 0.02212 0.02069 0.15957 0.03390 0.00130 -0.00166 -0.01563 0.00179 -0.05297 0.00108 0.00090 -0.01641 -0.00171 -0.00460 -0.00185 -0.02415
0.04184 0.05562 0.03727 0.20103 0.05048 -0.01122 0.11377 0.01249 0.03361 0.04557 -0.00987 0.06384 0.04240 0.29697 0.17911 0.01718 0.06572 0.02640 0.03060 -0.00678 0.06627 0.01821 0.14208 0.05765 0.21383 0.20515 0.22199 0.06512 0.12267 0.23623 0.14024 0.15375 0.20647 0.00337 0.13891 0.03316 0.16080 0.08094 0.02300 0.07099 0.04995 0.03704 0.24035 0.05549 -0.00658 0.08365 0.08989 0.15777 0.17284 -0.00437
