0.00000 -0.00000 0.00000 -0.00000 -0.00000 -0.31128 -0.97093 -0.00000 0.00000 -0.00000
-0.25457 -0.00000 -0.16600 -0.26131 -0.00001 -0.39650 -0.36342 -0.00009 -0.00166 -0.00000
0.93169 -0.00000 0.00000 -0.00000 -0.00045 -0.43578 -0.68713 0.00007 -0.32255 -0.00003
-0.20670 -0.00000 -0.15982 -0.00000 -0.00002 -0.54799 -1.33761 -0.00020 -0.00272 -0.00001
-0.26403 -0.06795 0.00195 -0.05662 -0.00000 -0.01602 0.89909 -0.00000 -0.00000 -0.34087
-0.00000 0.00000 -0.00000 0.00000 0.00000 0.00000 0.00000 0.00000 -0.00000 0.00000
-0.00000 0.00000 -0.00000 0.00000 0.00000 0.59336 0.00000 0.00000 -0.00000 0.00000
-0.10238 -0.00145 0.00001 -0.00132 -0.31739 0.41646 0.92484 0.00000 -0.00000 0.01425
-0.23217 -0.00003 0.00000 -0.00003 -0.00922 -0.01118 0.01049 -0.32688 -0.00000 -0.00045
-0.19889 -0.25768 -0.00323 -0.00784 -0.00000 -0.25816 -0.37630 -0.00000 -0.00016 -0.00000
