-0.00000 0.21177 0.42773 0.00004 0.00012 0.00002 0.00001 0.00000 0.00000 -0.00001 -0.00000 -0.00000 -0.00002 -0.00001 -0.00000 -0.00000 -0.00004 -0.00002 0.00001 0.00000 0.00000 0.00003 -0.00011 0.00008 -0.00006 -0.00002 -0.00001 -0.00000 -0.00001 0.00030
-0.00005 -0.00000 0.00000 0.00000 0.00000 0.00000 0.00000 0.00000 -0.00000 -0.00000 -0.00000 -0.00000 -0.00000 -0.00000 -0.00000 -0.00000 -0.00001 0.00000 -0.00000 -0.00000 0.00000 -0.00000 -0.00001 -0.00000 -0.00000 -0.00000 -0.00000 -0.00000 0.00000 0.00000
0.00001 0.49078 -0.00000 0.00000 0.00000 0.00000 -0.00000 0.00000 -0.00000 0.00000 -0.00002 -0.00000 -0.00000 -0.00000 0.00000 -0.00000 -0.00000 -0.00000 -0.00001 0.00000 0.00000 -0.00000 -0.00000 0.00000 0.00000 -0.00000 -0.00000 -0.00000 -0.00001 -0.00011
0.01828 0.23553 0.10074 0.00000 0.14380 0.11889 -0.01372 0.41362 0.00545 -0.04211 0.01203 0.02116 0.18241 0.00000 0.01451 0.04219 -0.02734 -0.07146 0.44270 0.02193 -0.00003 0.00000 0.01349 0.20335 -0.00019 -0.01733 -0.00127 -0.00000 -0.01039 -0.00767
0.00297 0.08634 0.18289 0.00000 0.00000 0.00000 0.00000 0.00000 0.00000 -0.00001 0.00910 0.02956 -0.00000 -0.00001 -0.00000 -0.00000 -0.00003 0.00000 -0.00000 -0.00001 -0.00001 0.00000 -0.00001 0.00001 -0.00000 0.00000 -0.00000 -0.00000 -0.00000 -0.00008
-0.01825 0.09972 0.16398 0.00000 0.16855 0.00000 0.20085 0.00014 0.06027 0.00009 -0.03163 0.04254 0.00000 -0.00002 0.01383 -0.03799 0.02206 -0.00793 -0.00001 0.00794 -0.00000 0.00000 -0.04010 -0.04694 -0.00022 -0.04433 -0.00125 -0.00001 -0.09138 0.00445
-0.02367 0.01938 0.17107 0.00000 0.07231 0.00000 0.00000 0.00000 0.00049 0.00001 -0.13102 -0.00835 -0.00000 -0.00000 -0.00252 -0.08404 0.04696 -0.00003 -0.00000 -0.00243 -0.00001 -0.00000 -0.14165 -0.13662 -0.00002 -0.09824 -0.00009 -0.00000 -0.00002 0.31522
-0.10506 -0.24035 0.15137 0.00000 -0.05703 -0.00509 0.31029 0.00000 -0.02849 -1.11037 -0.27859 -0.03446 -0.17225 0.00001 -0.20867 -0.26368 0.12513 -0.00001 -0.24765 -0.00052 0.00000 0.00000 -0.15051 0.20809 -0.00000 -0.12172 -0.00001 -0.00000 0.00025 0.01279
-0.05372 -0.07461 -0.05437 0.00007 -0.14875 -0.00000 0.01383 -0.00002 0.00000 0.00873 -0.12241 0.04406 0.00000 -0.00003 0.38144 1.05328 -1.67396 -0.00035 -0.00003 0.00074 0.00006 -0.00001 -0.00223 -0.00033 -0.00003 -0.00948 -0.00045 -0.00003 -0.01188 0.00179
-0.01550 -0.07639 0.01280 -0.00000 0.02029 -0.00400 0.09258 -0.00000 0.00027 -0.00000 -0.06803 -0.13038 0.00000 -0.00004 -0.07724 -0.00195 0.97741 -0.00001 0.00000 -0.00106 -0.00000 -0.00000 -0.04760 -0.12214 0.00000 -0.05471 0.00002 0.00000 0.00013 0.03194
0.16695 0.07189 -0.06093 0.00001 0.00016 -0.00004 0.00000 -0.00000 0.00000 -0.00000 0.00000 -0.00001 -0.00000 0.00000 -0.00000 -0.00001 -0.00001 -0.00000 -0.00001 0.00000 0.00000 0.00000 -0.00001 0.00000 -0.00000 -0.00003 -0.00002 -0.00000 0.00000 0.00004
0.42094 -0.19517 0.02179 0.00001 0.00002 -0.00001 -0.00006 -0.00000 -0.00000 -0.00001 -0.10567 -0.00000 0.00000 -0.00001 -0.00000 -0.00000 -0.00002 -0.00000 -0.00001 -0.00003 -0.00001 0.00000 0.00002 0.00002 -0.00000 -0.00000 -0.00000 -0.00000 0.00000 -0.00002
-0.06088 -0.27771 0.21757 0.00000 0.03639 -0.10644 -1.32073 -0.00000 -0.10278 0.08785 -0.18887 0.05288 -0.00000 0.00000 -0.05694 -0.14558 0.04045 -0.00004 0.00000 0.09301 -0.00002 0.00000 0.34453 0.25984 -0.00004 -0.11623 -0.00001 -0.00000 -0.00468 -1.31527
-0.00948 -0.03667 0.05626 0.24295 -0.08394 -0.01179 -0.19165 0.01404 0.02168 0.00532 -0.11504 0.01342 0.42247 0.00000 -0.01437 -0.17696 -0.77770 -0.01365 -0.08834 -0.04149 -0.00001 -0.00000 0.04481 0.02184 -0.00002 -0.02619 -0.00027 -0.03672 -0.02513 -0.09144
-0.11172 -0.41301 -0.09154 0.00002 -0.95111 0.00005 0.00014 0.00000 0.00000 -0.00000 -0.18083 -1.08225 0.00000 -0.00006 -0.00000 0.46676 -0.00010 0.00001 -0.00001 0.00001 -0.00000 -0.00001 0.00010 -0.00006 -0.00005 -0.00000 -0.00000 -0.00000 -0.00000 0.00010
0.04564 0.93811 -1.59723 0.00000 0.25120 -0.00000 -0.00004 -0.00000 0.00000 -0.00000 0.04502 0.36495 0.00000 -0.00000 0.00000 0.00000 -0.00000 0.00001 -0.00000 -0.00002 -0.00000 -0.00000 0.00000 0.00000 -0.00001 -0.00004 -0.00004 -0.00000 0.00001 -0.00003
-0.02076 -0.05046 0.03182 -0.00001 -0.08542 -0.00001 -0.00006 -0.00000 -0.00000 0.00000 -0.07045 0.08448 0.00000 -0.00000 -0.01792 -0.14677 0.00000 -0.00003 0.00001 -0.00003 -0.00001 0.00000 -0.00017 -0.00015 -0.00000 -0.00000 0.00000 0.00000 0.00009 -0.00002
-0.02352 -0.14971 -0.11228 -0.00003 0.73780 -0.00007 0.05664 0.11454 0.00026 0.06219 -0.11872 -0.07119 -0.00541 -0.00005 0.03118 -0.08616 0.01793 0.00000 -0.00475 0.00015 -0.00061 -0.00035 -0.01038 -0.00693 -0.01091 -0.01628 -0.09187 -0.00003 -0.00001 0.06289
-0.00843 -0.11408 0.04678 0.00000 -0.05377 -0.04054 0.12202 -0.00000 -0.04702 0.11695 -0.06808 0.00213 -0.22706 -0.00000 -0.02400 -0.08212 0.06269 -0.00005 0.00000 0.00426 -0.00000 0.00002 -0.01784 -0.20145 -0.00003 -0.00310 -0.00009 -0.00000 0.00100 0.03637
0.22430 -0.58550 -0.07867 0.00005 0.02629 0.00007 0.00022 0.00032 -0.00006 0.00085 1.81718 -0.04514 -0.00000 -0.00001 0.00371 -0.01680 -0.04425 -0.00313 -0.00003 0.00000 -0.00004 -0.00003 -0.00001 -0.00002 -0.00131 -0.08813 -0.02581 0.00000 0.00000 0.81563
-0.01351 -0.09232 0.02803 0.07615 -0.04725 -0.04410 0.07054 0.21624 -0.01748 0.06829 -0.07716 -0.01870 -0.06101 -0.10413 -0.01490 -0.12772 0.02344 -0.00039 -0.05281 -0.00122 -0.00000 -0.09555 -0.04943 -0.03219 -0.00000 -0.08027 -0.00001 -0.06417 -0.00065 0.00496
-0.01427 -0.08911 0.01844 0.09472 -0.08671 -0.07872 0.06664 0.18346 -0.05435 0.03394 -0.06532 -0.03350 -0.07024 -0.07809 -0.01957 -0.07445 0.02671 -0.00180 -0.04153 -0.01605 -0.00000 0.00000 -0.04430 -0.03805 -0.00001 -0.01793 -0.00006 -0.10981 -0.00347 -0.00385
-0.01315 -0.03235 0.03850 0.00000 -0.02271 0.00001 -0.00000 0.00000 0.00010 0.00000 -0.05763 -0.02283 -0.00000 -0.00000 -0.00444 -0.06609 -0.00143 -0.00008 -0.00000 -0.03929 -0.00002 -0.00001 0.00000 0.00000 -0.00004 -0.01494 -0.00001 0.00000 -0.00354 -0.08454
0.00233 -0.02958 0.04387 0.00000 0.00385 0.00004 -0.00000 -0.00000 0.00076 0.00000 -0.03500 -0.02382 -0.00000 0.00000 0.01294 -0.07061 -0.00818 -0.00012 -0.00000 -0.01844 -0.00001 0.00002 0.02895 0.00000 -0.00004 -0.02262 -0.00014 -0.00000 -0.00336 0.00149
-0.01912 -0.08175 0.02554 0.01281 -0.04993 -0.00691 0.04805 0.20548 -0.05012 0.04851 -0.09038 -0.03461 -0.03728 -0.04612 -0.01340 -0.11731 0.01800 -0.00001 -0.03699 -0.00021 -0.17451 -0.12569 -0.03114 -0.04125 0.00000 -0.08496 -0.00000 -0.00826 0.00010 -0.00093
-0.00976 -0.08738 -0.31494 0.00001 1.58110 0.00001 -0.00000 -0.00000 0.00041 -0.00000 -0.01942 0.13327 -0.00000 -0.00002 0.06186 0.00842 0.23451 -0.00005 -0.00002 -0.00001 -0.00001 0.00000 -0.00005 0.00004 -0.00001 0.00000 0.00000 -0.00000 -0.00001 0.00006
-0.00822 0.05725 0.22231 0.00041 -1.47125 -0.00013 0.02404 0.09748 -0.00216 0.04091 -0.04316 0.25713 -0.00109 -0.00120 -0.12713 -0.03975 0.21422 0.00001 -0.00976 -0.00004 -0.05720 -0.01337 -0.00087 -0.01195 -0.20651 0.23162 -0.00000 0.00023 -0.00001 0.03915
-0.20806 0.02268 0.28019 -0.56638 -0.04832 0.04499 0.34663 -1.45296 0.00577 0.45191 -0.14958 0.33656 -0.22967 -0.00004 -0.11914 -0.15498 0.49913 -0.05777 -0.20289 -0.14994 -0.00001 0.00000 -0.13191 -0.29583 -0.00007 0.36974 0.00090 0.00000 -0.08075 -0.03641
-0.02018 -0.03107 0.02957 0.00044 -0.00396 -0.00003 0.00837 0.00695 0.00044 0.00413 -0.05764 -0.05689 -0.00014 -0.00008 -0.02823 -0.06818 -0.00950 -0.09819 0.00073 -0.07223 -0.00062 -0.00023 -0.00010 -0.00022 -0.00778 -0.02495 -0.09604 -0.00002 -0.00000 -0.03284
-0.00226 0.36475 0.00520 0.00000 -0.01634 -0.00009 0.00000 -0.00000 -0.00002 -0.00003 -0.01265 -0.01285 -0.00000 -0.00000 -0.00757 -0.02544 0.00982 -0.00000 -0.00000 0.00000 -0.00001 -0.00001 0.00000 -0.00019 0.00000 -0.00744 -0.00006 -0.00000 0.00001 0.00000
