0.00000 0.00000 0.00000 0.00000 0.00000 0.00000 0.00000 0.00000 0.00000 0.00000 0.00000 0.00000 0.00000 0.00000 0.00000 0.00000 0.00000 0.00000 0.00000 0.00000
0.00000 0.00000 0.00000 0.00000 0.00000 0.00000 0.00000 0.00000 0.00000 0.35757 0.31528 0.00000 0.00000 0.00000 0.00000 0.00000 0.00000 0.00000 0.00000 0.00000
-0.88487 0.00000 0.00000 0.00000 0.00000 0.00000 0.00000 0.00000 0.00000 0.00000 0.00000 0.00000 0.00000 0.00000 0.00000 0.00000 0.00000 0.00000 0.00000 0.00000
0.00000 0.00000 0.00000 0.00000 0.00000 0.00000 0.00000 0.00000 0.00000 0.00000 0.00000 0.00000 0.00000 0.00000 0.00000 0.00000 0.00000 0.00000 0.00000 0.00000
0.00000 0.00000 0.00000 0.00000 0.00000 0.00000 0.00000 0.00000 0.00000 0.00000 0.00000 0.00000 0.00000 0.00000 0.00000 0.00000 0.00000 0.00000 0.00000 0.00000
0.00000 0.00000 1.67566 0.00000 0.00000 0.00000 0.00000 0.00000 0.00000 0.39185 0.00000 0.00000 0.00000 0.00000 0.00000 0.00000 0.34081 0.00000 0.00000 0.00000
0.00000 0.00000 0.00000 0.00000 0.00000 0.00000 0.00000 0.00000 0.00000 0.00000 0.00000 0.00000 0.00000 0.00000 0.00000 0.00000 0.00000 0.00000 0.00000 0.00000
0.00000 0.00000 0.00000 0.00000 0.00000 0.00000 0.00000 0.00000 1.30087 0.00000 0.00000 0.00000 0.00000 0.00000 0.00000 0.00000 0.00000 0.00000 0.00000 0.00000
0.00000 0.00000 0.00000 0.00000 0.00000 0.00000 0.00000 0.00000 0.00000 0.00000 0.00000 0.00000 0.00000 0.00000 0.00000 0.00000 0.00000 0.00000 0.00000 0.00000
0.67716 0.00000 0.00000 -1.01862 0.00000 0.00000 0.37045 0.00000 0.00000 0.00000 0.00000 0.00000 0.59421 0.50976 0.00000 0.00000 0.00000 0.36789 0.00000 0.00000
0.40564 0.00000 0.38313 0.92220 0.00000 0.00000 0.00000 0.00000 0.00000 0.00000 0.00000 0.31521 0.35126 0.00000 0.00000 0.00000 0.00000 0.00000 0.00000 0.00000
0.00000 0.00000 0.00000 0.00000 0.00000 0.35785 0.00000 0.00000 0.00000 0.00000 0.00000 0.00000 1.03700 0.00000 0.00000 0.00000 0.33334 0.00000 0.30621 0.00000
-0.93942 0.00000 0.00000 0.00000 0.00000 0.00000 0.00000 0.00000 0.00000 0.00000 0.00000 0.00000 0.00000 0.00000 0.00000 0.00000 0.00000 0.00000 0.00000 0.00000
1.14533 0.00000 0.00000 0.00000 0.31473 0.00000 0.40223 0.32719 0.00000 0.00000 0.00000 0.00000 -1.04051 0.00000 0.00000 0.00000 0.00000 0.00000 0.00000 0.00000
0.57253 0.00000 -1.06964 0.40789 0.00000 0.00000 0.00000 0.00000 0.00000 0.00000 0.43208 0.33424 0.31978 0.00000 0.00000 0.00000 0.00000 0.00000 0.00000 0.00000
0.00000 0.00000 0.00000 0.00000 0.00000 0.00000 0.00000 0.00000 0.00000 0.00000 0.00000 0.00000 0.00000 0.00000 0.30847 0.00000 0.00000 0.00000 0.00000 0.00000
0.00000 0.00000 0.00000 0.30267 0.00000 0.00000 0.00000 0.00000 0.00000 0.33854 0.00000 0.00000 0.00000 0.00000 0.00000 0.31927 0.00000 0.00000 0.00000 0.34658
0.77386 0.00000 0.00000 0.00000 0.00000 0.00000 0.00000 0.00000 0.00000 0.00000 0.00000 0.35315 0.00000 0.00000 0.00000 0.00000 0.00000 0.00000 0.00000 0.00000
0.00000 0.00000 0.00000 0.00000 0.00000 0.00000 0.00000 0.00000 0.00000 0.00000 0.00000 0.00000 0.00000 0.00000 0.00000 0.00000 0.00000 0.00000 0.00000 0.00000
0.00000 0.00000 0.00000 0.30137 0.00000 0.00000 0.00000 0.00000 0.00000 0.45350 0.00000 0.00000 0.00000 0.00000 0.00000 0.00000 0.00000 0.00000 0.00000 0.00000
