-0.25776 -0.01187 -0.00056 0.00015 0.00049 0.00091 -0.00008 -0.00006 -0.00049 -0.00005 -0.00008 -0.00007 -0.00041 -0.00003 0.00028 -0.00003 0.00006 -0.00014 0.00005 -0.00003 -0.00018 0.00006 -0.00002 -0.00010 0.00024 -0.00069 0.00093 -0.00089 0.00050 -0.00128 -0.00022 -0.00082 0.00107 -0.13173 -0.00013 -0.00096 -0.04903 0.00099 -0.00078 0.00012 0.00023 -0.00051 0.00076 -0.00101 -0.00061 -0.00089 0.00008 -0.00125 -0.04496 -0.00075
-0.00029 -0.03117 0.72469 0.00004 0.03663 0.00017 -0.00004 -0.00005 -0.00035 -0.00007 -0.00004 -0.00004 -0.00002 -0.00000 0.00006 -0.00005 0.00006 -0.00014 -0.00000 -0.00006 -0.00013 -0.00001 -0.00001 -0.00011 0.00007 -0.00056 -0.04919 -0.00036 0.00015 -0.00052 -0.00020 -0.00032 0.00049 -0.00021 -0.00007 -0.00033 -0.00045 0.00034 -0.00027 -0.00023 0.00002 -0.00032 0.00025 -0.00037 -0.00030 -0.00026 -0.00015 -0.00061 -0.35408 -0.00031
-0.00000 -0.01434 -0.79116 -0.00003 0.00759 -0.00765 -0.00007 -0.00010 -0.00027 -0.00010 -0.00007 -0.00007 -0.00001 -0.00008 -0.00008 -0.00008 0.00001 -0.00009 0.00000 -0.00008 -0.00005 -0.00014 -0.00007 -0.00009 -0.00002 -0.00031 -0.00025 -0.00018 -0.00000 -0.00017 -0.00016 -0.00009 0.00012 -0.00029 -0.00005 -0.00011 -0.00027 0.00004 -0.00026 -0.00034 -0.00012 -0.00032 -0.00004 -0.00008 -0.00015 -0.00014 0.00004 -0.00027 -0.07480 -0.00019
0.00211 -0.00018 -0.00025 -0.46723 0.00016 -0.00777 -0.00009 -0.03672 -0.00024 -0.00008 -0.00013 -0.09881 -0.00275 -0.00010 -0.00021 -0.00006 -0.00002 -0.00010 -0.00004 -0.00006 -0.00009 -0.00014 -0.00006 -0.00007 -0.00022 -0.21844 -0.00030 0.00000 -0.00032 0.00006 -0.00016 0.00006 -0.00016 -0.00015 -0.00008 -0.00004 -0.00016 -0.00020 -0.00010 -0.00025 -0.00034 -0.00008 -0.00031 -0.00001 -0.00012 -0.00010 -0.00006 -0.00023 -0.00010 -0.00014
0.00477 -0.28997 -0.28985 -0.00014 -0.34073 -0.61111 -0.00006 -0.00010 -0.00022 -0.00012 -0.00008 -0.00006 -0.10086 -0.00006 -0.00013 -0.00008 0.00000 -0.00009 0.00000 -0.00012 -0.00006 -0.00016 -0.00008 -0.00009 -0.00010 -0.00031 0.00485 -0.00017 -0.00006 -0.01181 -0.00019 -0.00015 0.00008 -0.10573 -0.00004 -0.00010 -0.00022 0.00009 -0.00015 -0.00014 -0.00029 -0.00022 -0.00000 -0.00022 -0.00013 -0.00010 -0.00001 -0.00033 -0.00030 -0.00018
0.00894 -0.00508 -0.00834 -0.00049 0.13285 -0.28437 -0.00019 -0.00008 -0.00010 -0.00017 -0.00021 -0.00008 -0.07814 -0.00008 -0.00307 -0.00027 -0.00017 -0.00009 -0.00028 -0.00021 -0.00006 -0.00074 -0.00022 -0.00007 -0.00067 0.00020 -0.13278 0.00084 -0.01635 0.00144 -0.00021 0.00135 -0.00199 -0.00030 -0.00019 0.00124 0.00079 -0.00455 0.00072 -0.00484 -0.00267 0.00018 0.09210 0.00165 0.00013 0.00126 -0.00028 0.00119 0.00162 0.00101
0.00225 -0.00838 -0.00023 -0.00012 0.00009 -0.00006 -0.73627 -0.00929 -0.00032 -0.01791 -0.00004 -0.00005 -0.00016 -0.00007 -0.00011 -0.00005 -0.00002 -0.00011 -0.00000 -0.00014 -0.00010 -0.00007 -0.00006 -0.00010 -0.00013 -0.00030 -0.00146 -0.00012 -0.00011 -0.00009 -0.00018 -0.00008 0.00002 -0.00015 -0.00013 -0.00008 -0.00024 -0.00002 -0.00016 -0.00019 -0.00016 -0.00021 -0.00015 -0.00006 -0.00010 -0.00016 0.00002 -0.00019 -0.00023 -0.00013
0.00203 -0.01337 -0.00023 -0.00006 0.00012 -0.00005 -0.01885 -0.71231 -0.00033 -0.04861 -0.00009 -0.00005 -0.00011 -0.02887 -0.00006 -0.00001 0.00001 -0.00010 0.00001 -0.00008 -0.00002 -0.00005 -0.00008 -0.00012 -0.00014 -0.00031 -0.00002 -0.00011 -0.00012 -0.00015 -0.00017 -0.00009 0.00006 -0.00021 -0.00009 -0.00009 -0.00022 -0.00001 -0.00021 -0.07666 -0.00014 -0.00022 -0.00010 -0.00006 -0.00012 -0.00017 0.00001 -0.00023 -0.00028 -0.00010
0.00144 -0.11466 -0.17065 -0.05203 -0.41755 -0.13804 -0.03564 -0.00008 -0.83997 -0.04450 -0.04025 -0.00009 -0.00010 -0.00004 -0.01015 -0.02488 0.00000 -0.00014 -0.03761 -0.00019 -0.00351 -0.01538 -0.03185 -0.00012 -0.11489 -0.00033 -0.03217 -0.00013 0.00001 -0.00027 -0.00016 -0.00014 0.00019 -0.00019 -0.00010 -0.00017 -0.00023 0.00010 -0.00018 -0.00007 -0.00041 -0.00029 -0.01546 -0.00014 -0.00013 -0.00016 -0.09552 -0.00024 -0.00035 -0.00019
0.00226 -0.00017 -0.00022 -0.00010 0.00009 -0.00008 -0.01492 -0.00011 -0.00023 -0.66146 -0.00008 -0.00005 -0.00015 -0.00797 -0.00010 -0.01465 -0.00000 -0.00011 -0.00845 -0.00014 -0.00003 -0.00007 -0.00012 -0.00004 -0.00013 -0.00031 -0.00298 -0.00008 -0.00008 -0.00014 -0.00012 -0.00008 0.00008 -0.00018 -0.00006 -0.00005 -0.00020 -0.00002 -0.00022 -0.00018 -0.00016 -0.00026 -0.00014 -0.00005 -0.00017 -0.00018 0.00001 -0.00024 -0.00024 -0.00010
0.00241 -0.00016 -0.00025 -0.00010 0.00012 -0.00009 -0.01308 -0.02421 -0.00024 -0.01220 -0.79908 -0.00013 -0.00009 -0.01850 -0.00008 -0.00007 -0.00000 -0.00011 -0.00002 -0.00004 -0.00007 -0.00007 -0.00013 -0.00005 -0.00016 -0.00034 -0.00008 -0.00009 -0.00015 -0.00009 -0.00014 -0.00006 -0.00002 -0.00023 -0.00013 -0.00007 -0.00022 -0.00006 -0.00017 -0.00011 -0.00017 -0.00020 -0.00014 -0.00010 -0.00015 -0.00015 0.00001 -0.00020 -0.00028 -0.00014
0.00253 -0.04766 -0.01702 -0.00007 0.00008 -0.00005 -0.00007 -0.00013 -0.00027 -0.02963 -0.00007 -0.65886 -0.00011 -0.17692 -0.00008 -0.00003 0.00001 -0.00016 0.00000 -0.00010 -0.00004 -0.00013 -0.00009 -0.00010 -0.00015 -0.00031 -0.00001 -0.00011 -0.00007 -0.00015 -0.00020 -0.00010 0.00005 -0.00021 -0.00015 -0.00011 -0.00021 0.00001 -0.00019 -0.00009 -0.00005 -0.00020 -0.00007 -0.00013 -0.00008 -0.00016 -0.00000 -0.00031 -0.00028 -0.00010
0.00060 0.05721 -0.00011 -0.00005 0.00038 -0.00061 -0.00014 -0.00012 -0.00026 -0.00009 -0.00011 -0.00010 -0.36370 -0.00008 -0.00008 -0.00003 -0.00000 -0.00011 0.00005 -0.00007 -0.00006 -0.00007 -0.00007 -0.00012 -0.00020 -0.00029 0.00227 -0.00014 0.00000 -0.00017 -0.00020 -0.00003 0.00002 -0.00019 -0.00023 -0.00006 -0.00024 -0.00004 -0.00020 -0.00008 0.00000 -0.00027 -0.00014 -0.00009 -0.00014 -0.00019 -0.00000 -0.00023 -0.00022 -0.00016
0.00174 -0.00018 -0.00021 -0.00009 0.00013 -0.00005 -0.00010 -0.00005 -0.01066 -0.00010 -0.00015 -0.00006 -0.00010 -0.42898 -0.00007 -0.00003 0.00000 -0.00013 -0.00911 -0.00013 -0.00007 -0.00011 -0.00009 -0.00015 -0.00015 -0.00032 -0.00006 -0.00012 -0.03028 -0.00013 -0.00018 -0.00008 0.00003 -0.00016 -0.00009 -0.00008 -0.00021 -0.00002 -0.00016 -0.00011 -0.00016 -0.00023 -0.00012 -0.00006 -0.00011 -0.00016 0.00002 -0.00023 -0.00028 -0.00008
0.00181 -0.00018 -0.00028 -0.03649 0.00062 -0.00035 -0.00007 -0.00007 -0.00020 -0.00012 -0.00012 -0.01245 -0.00014 -0.04703 -0.46891 -0.00006 -0.00001 -0.14796 -0.00006 -0.01464 -0.00007 -0.00022 -0.00013 -0.00005 -0.00033 -0.05642 -0.00187 0.00016 -0.00039 0.00020 -0.00020 0.00013 -0.00028 -0.00012 -0.00006 0.00000 -0.00012 -0.00029 -0.00012 -0.00051 -0.00034 -0.00007 -0.00040 0.00000 -0.00008 -0.00004 -0.00010 -0.00013 -0.00008 -0.00008
0.00202 -0.00016 -0.00024 -0.00009 0.00011 -0.00011 -0.00008 -0.00007 -0.00025 -0.00006 -0.00014 -0.05264 -0.04360 -0.00002 -0.00010 -0.72503 0.00000 -0.00011 0.00000 -0.00015 -0.00003 -0.00008 -0.00011 -0.00008 -0.00015 -0.00031 -0.00010 -0.00002 -0.00013 -0.00006 -0.00021 -0.00002 -0.00003 -0.00440 -0.00017 -0.00006 -0.00018 -0.00007 -0.00016 -0.00015 -0.00016 -0.00021 -0.00014 -0.00003 -0.00014 -0.00015 0.00002 -0.00026 -0.00023 -0.00011
0.00292 -0.21087 -0.00016 -0.00012 0.00016 -0.00007 -0.00007 -0.00002 -0.00026 -0.00005 -0.00015 -0.03299 -0.00013 -0.00011 -0.00012 -0.00013 -0.72705 -0.00014 -0.00000 -0.02075 -0.00006 -0.00007 -0.00004 -0.00015 -0.00012 -0.00030 -0.00002 -0.00010 -0.00011 -0.00012 -0.00017 -0.00005 0.00000 -0.00016 -0.00012 -0.00004 -0.00017 -0.00002 -0.00020 -0.00011 -0.00015 -0.00021 -0.00013 -0.00000 -0.00011 -0.00014 -0.00000 -0.00027 -0.00023 -0.00007
0.00212 -0.00016 -0.00577 -0.00003 0.00013 -0.00003 -0.02101 -0.02418 -0.00651 -0.02514 -0.02667 -0.00009 -0.00013 -0.03178 -0.08215 -0.01277 0.00000 -0.77973 -0.00000 -0.00008 -0.00011 -0.00008 -0.03155 -0.00008 -0.00009 -0.00031 -0.00320 -0.00021 -0.00004 -0.00023 -0.01561 -0.00011 -0.00021 -0.00025 -0.00008 -0.00007 -0.00025 0.00005 -0.00023 -0.00010 -0.00014 -0.00020 -0.00005 -0.00008 -0.00011 -0.00008 0.00005 -0.00584 -0.00030 -0.00009
0.00336 -0.24425 -0.00022 -0.00009 0.00015 -0.00015 -0.00169 -0.04491 -0.00027 -0.00005 -0.00005 -0.02499 -0.00006 -0.00004 -0.00139 -0.00008 0.00000 -0.00010 -0.76297 -0.00014 -0.00001 -0.01224 -0.00010 -0.00010 -0.00019 -0.00031 -0.00011 -0.00011 -0.00004 -0.01478 -0.00015 0.00001 -0.00004 -0.00022 -0.00016 -0.00007 -0.00019 -0.00008 -0.00020 -0.00013 -0.00011 -0.00020 -0.00015 -0.00005 -0.00010 -0.00013 0.00001 -0.00020 -0.00021 -0.00012
0.00209 -0.00018 -0.01684 -0.00008 0.00009 -0.00008 -0.01967 -0.03435 -0.00024 -0.03751 -0.00003 -0.00007 -0.00014 -0.06142 -0.00008 -0.00007 0.00001 -0.00014 -0.00000 -0.79067 -0.00008 -0.00009 -0.00008 -0.00006 -0.00009 -0.00029 -0.00004 -0.00006 -0.00007 -0.00015 -0.00014 -0.00005 0.00006 -0.00016 -0.03234 -0.00008 -0.00022 -0.00000 -0.00016 -0.00014 -0.00015 -0.00018 -0.00010 -0.00006 -0.00012 -0.00015 0.00003 -0.00027 -0.00029 -0.00017
0.00151 -0.00018 -0.01401 -0.00007 0.00008 -0.00002 -0.01648 -0.00009 -0.00028 -0.00010 -0.01382 -0.00004 -0.00011 -0.00004 -0.00010 -0.01697 -0.00000 -0.00010 0.00001 -0.00012 -0.89683 -0.00768 -0.00011 -0.00009 -0.00745 -0.00030 -0.03349 -0.00023 -0.00002 -0.00023 -0.00016 -0.00017 0.00014 -0.00023 -0.00010 -0.00009 -0.00023 0.00009 -0.00020 -0.00009 -0.00010 -0.00023 -0.00003 -0.00015 -0.00012 -0.00017 0.00000 -0.00029 -0.00035 -0.00021
0.00195 -0.00016 -0.00025 -0.00013 0.00008 -0.00022 -0.00011 -0.00008 -0.00021 -0.00013 -0.00013 -0.00002 -0.02048 -0.00004 -0.00014 -0.00008 0.00002 -0.00124 -0.00004 -0.02624 -0.00003 -0.66427 -0.00012 -0.07852 -0.00016 -0.00025 -0.00016 -0.00007 -0.00023 0.00001 -0.00021 -0.00000 -0.00010 -0.02644 -0.00015 -0.00000 -0.00017 -0.00012 -0.00014 -0.00026 -0.00017 -0.00013 -0.00024 0.00008 -0.00007 -0.00006 -0.00001 -0.00023 -0.00021 -0.00013
0.00221 -0.00019 -0.00024 -0.00009 0.00525 -0.00011 -0.00233 -0.02334 -0.00026 -0.00006 -0.00004 -0.00004 -0.00008 -0.02289 -0.00010 -0.00010 -0.01532 -0.00010 -0.00002 -0.00009 -0.00004 -0.00012 -0.80158 -0.00009 -0.00015 -0.00030 -0.00010 -0.00007 -0.00016 -0.00009 -0.00017 -0.00006 0.00000 -0.00027 -0.00775 -0.00009 -0.00020 -0.00005 -0.00019 -0.00013 -0.00017 -0.00027 -0.00014 -0.00007 -0.00012 -0.00010 0.00002 -0.00022 -0.00025 -0.00007
0.00265 -0.05036 -0.00020 -0.00006 0.00010 -0.00009 -0.00950 -0.00006 -0.00023 -0.00009 -0.00009 -0.00004 -0.00018 -0.03692 -0.00007 -0.01570 -0.13259 -0.00014 -0.00000 -0.00015 -0.00008 -0.17080 -0.00010 -0.73716 -0.01610 -0.00033 -0.03103 -0.00007 -0.00012 -0.00012 -0.00021 -0.00004 0.00002 -0.00019 -0.00015 -0.00007 -0.00024 -0.00001 -0.00017 -0.00018 -0.00994 -0.00031 -0.00150 -0.18267 -0.01094 -0.00016 0.00004 -0.00023 -0.00025 -0.00015
0.00225 -0.02029 -0.00107 -0.08614 -0.20688 -0.52422 -0.00011 -0.00011 -0.00024 -0.00011 -0.00014 -0.01438 -0.02152 -0.00007 -0.00024 -0.00006 0.00000 -0.00014 -0.00007 -0.01605 -0.00004 -0.00019 -0.00011 -0.00013 -0.44197 -0.00020 0.08417 0.00002 -0.00050 -0.04713 -0.00017 -0.00927 -0.00044 -0.00019 -0.00011 0.00003 -0.00007 -0.00040 -0.00012 -0.00038 -0.00040 -0.00015 0.07037 0.00013 -0.00013 -0.00004 0.00004 -0.00010 0.00007 -0.00002
0.00196 -0.00017 -0.09156 -0.03608 0.00006 -0.01784 -0.01243 -0.00141 -0.00028 -0.01562 -0.00978 -0.00004 -0.00016 -0.06382 -0.11782 -0.04269 -0.00991 -0.00011 -0.01142 -0.00007 -0.00007 -0.00004 -0.01017 -0.00013 -0.01928 -0.63653 0.00038 -0.00185 -0.02425 -0.00044 -0.00596 -0.00028 0.00037 -0.00027 -0.00013 -0.00031 -0.00031 0.00024 -0.00032 -0.00005 -0.03874 -0.00035 0.00014 -0.00027 -0.00023 -0.00029 0.00029 -0.00051 -0.00052 -0.00018
0.00899 -0.00000 -0.00034 -0.00051 0.00079 0.90067 -0.00020 -0.00012 -0.00011 -0.00021 -0.00022 -0.00009 -0.00032 -0.00013 -0.00155 -0.00026 -0.00009 -0.00010 -0.00023 -0.00024 -0.00007 -0.00037 -0.00020 -0.00005 0.06356 0.00018 0.15756 -0.04220 -0.01447 -0.01477 -0.00017 -0.03164 -0.00194 -0.00033 -0.00028 0.00111 0.00073 -0.00158 0.00066 -0.00339 -0.00378 0.00032 0.18686 0.00154 0.00002 0.00111 0.00022 0.00108 0.00521 0.00088
0.00019 -0.00748 -0.18653 -0.11082 -0.34966 -0.13861 -0.02188 -0.00005 -0.00174 -0.03030 -0.02164 -0.00002 -0.00011 -0.00005 0.00002 -0.04613 -0.00000 -0.00011 -0.04746 -0.00008 -0.02895 -0.00451 -0.03032 -0.00009 -0.17561 -0.01615 -0.12901 -0.84968 -0.07701 -0.05050 -0.01182 -0.00038 0.00054 -0.00021 -0.00017 -0.02126 -0.00050 0.00038 -0.00043 -0.07939 -0.03579 -0.00036 -0.06225 -0.00053 -0.01808 -0.00030 0.00007 -0.03851 -0.00069 -0.00036
0.00336 -0.00014 -0.00033 -0.00020 0.00208 -0.00052 -0.00014 -0.00011 -0.00017 -0.00009 -0.00011 -0.00012 -0.00000 -0.00006 -0.00027 -0.00108 -0.00004 -0.00007 0.00004 -0.00016 -0.00003 -0.00018 -0.00010 -0.00012 -0.00440 -0.00019 -0.01424 0.00028 -0.27441 -0.11313 -0.00017 0.00033 -0.00045 -0.00018 -0.00011 0.00012 -0.00009 -0.00046 -0.00007 -0.00037 -0.00027 -0.00008 -0.00059 0.00011 -0.00004 -0.00007 -0.00005 -0.00005 0.00011 -0.00005
-0.00068 -0.00029 -0.00017 0.00011 0.00005 0.00101 -0.00008 -0.00003 -0.00055 -0.00004 -0.00005 -0.00008 -0.11649 -0.00004 0.00028 -0.00003 0.00006 -0.00060 -0.00500 -0.00841 -0.00020 -0.00010 -0.00000 -0.00017 -0.05514 -0.00075 -0.10648 -0.03597 -0.02420 -0.00085 -0.00014 -0.00056 0.00159 -0.00025 -0.00020 -0.00094 -0.00607 -0.02142 -0.00092 0.00014 -0.04080 -0.00062 -0.12583 -0.00158 -0.00291 -0.00107 -0.08707 -0.01874 -0.01985 -0.00919
0.00177 -0.00017 -0.00021 -0.00008 0.00004 -0.00001 -0.00011 -0.00002 -0.00034 -0.00004 -0.00013 -0.00009 -0.00011 -0.00008 -0.00008 -0.00006 0.00000 -0.00013 0.00001 -0.00008 -0.00007 -0.00015 -0.00012 -0.00007 -0.00009 -0.00026 -0.00576 -0.00012 -0.11732 -0.00095 -0.88400 -0.00015 0.00016 -0.00021 -0.00006 -0.00012 -0.00024 0.00004 -0.00019 -0.00010 -0.00011 -0.00027 -0.00005 -0.00009 -0.00016 -0.00014 0.00002 -0.00036 -0.00035 -0.00015
0.00031 -0.02116 -0.00410 0.00001 0.00236 -0.02296 -0.00010 -0.00007 -0.00025 -0.00002 -0.00010 -0.00007 -0.00006 -0.00032 0.00005 -0.00000 -0.00000 -0.00011 -0.00915 -0.00010 -0.00008 -0.00008 -0.01158 -0.00012 -0.07529 -0.00038 -0.28311 -0.00030 0.00014 0.00189 -0.00017 -0.83318 0.00059 -0.00024 -0.00010 -0.00047 -0.00796 -0.04749 -0.00041 -0.00009 0.00001 -0.00028 -0.19755 -0.00054 -0.04199 -0.00049 0.00000 -0.01687 -0.08658 -0.00037
-0.78440 -0.08672 -0.00023 -0.00029 0.00040 -0.00078 -0.00018 -0.00009 -0.00017 -0.00013 -0.00017 -0.00009 -0.05761 -0.00015 -0.00056 -0.00013 -0.00003 -0.00008 -0.00009 -0.00011 -0.00000 -0.00022 -0.00018 -0.00005 -0.00054 -0.00006 -0.02892 0.00049 -0.05779 -0.17910 -0.00016 0.00055 -0.35460 -0.00015 -0.00017 0.00031 0.00007 -0.00079 -0.00000 -0.00151 -0.00183 -0.00002 -0.00086 0.00022 -0.00012 0.00001 -0.00000 0.00009 0.00038 0.00000
0.00199 -0.00018 -0.00027 -0.00005 0.00007 -0.00015 -0.00010 -0.00009 -0.05195 -0.00597 -0.00581 -0.00012 -0.00018 -0.00007 -0.00006 -0.00003 0.00001 -0.00013 -0.03634 -0.00014 -0.00004 -0.00971 -0.00010 -0.00014 -0.00008 -0.00031 -0.00798 -0.00006 -0.14873 -0.08306 -0.00018 -0.00000 -0.16269 -0.58792 -0.00197 -0.01243 -0.00025 -0.00009 -0.00023 -0.01545 -0.00015 -0.00029 -0.00018 0.00000 -0.00304 -0.00015 0.00007 -0.03778 -0.00026 -0.00007
0.00121 -0.00017 -0.01225 -0.00007 0.00012 -0.00010 -0.00013 -0.00005 -0.00026 -0.00011 -0.00013 -0.00009 -0.00014 -0.00006 -0.00006 -0.00957 0.00000 -0.00011 -0.00012 -0.00006 -0.00003 -0.01282 -0.00011 -0.00010 -0.00013 -0.00026 -0.00565 -0.00013 -0.04697 -0.04219 -0.00019 -0.00006 -0.03229 -0.00385 -0.85054 -0.00009 -0.00024 -0.00003 -0.00019 -0.05272 -0.02083 -0.00024 -0.00601 -0.00005 -0.00011 -0.00018 0.00003 -0.00029 -0.00029 -0.00011
0.00068 -0.12043 -0.00735 0.00000 0.00001 0.00025 -0.00011 -0.00009 -0.00030 -0.00007 -0.00009 -0.00008 -0.00004 -0.00002 0.00001 -0.00008 0.00000 -0.00012 0.00001 -0.00010 -0.00012 -0.00008 -0.00004 -0.00010 -0.00001 -0.00030 -0.08050 -0.00043 0.00014 -0.00053 -0.00018 -0.00034 -0.03182 -0.00022 -0.00010 -0.89069 -0.01961 -0.14868 -0.00042 -0.06318 -0.00304 -0.00032 -0.01168 -0.00035 -0.00027 -0.00044 -0.12246 -0.00061 -0.00065 -0.00035
-0.00011 -0.00026 -0.00021 -0.00000 0.00002 0.00022 -0.00002 -0.00006 -0.00031 -0.00004 -0.00006 -0.00045 -0.04801 -0.00007 -0.00000 -0.00005 0.00002 -0.00011 0.00002 -0.01982 -0.00011 -0.00010 -0.00008 -0.00014 -0.00000 -0.00033 -0.02106 -0.00030 -0.00387 -0.00050 -0.00018 -0.00037 -0.12635 -0.03695 -0.00007 -0.00026 -0.66213 0.00029 -0.00029 -0.00284 -0.00004 -0.00027 -0.04214 -0.00034 -0.00022 -0.00031 0.00000 -0.00057 -0.00064 -0.00031
0.00530 -0.00015 -0.00027 -0.00021 0.00035 -0.00076 -0.00013 -0.00012 -0.00020 -0.00011 -0.00012 -0.00316 -0.02329 -0.00008 -0.00032 -0.00012 -0.00004 -0.00011 -0.00009 -0.01581 -0.00003 -0.00021 -0.00010 -0.00006 -0.00032 -0.00007 0.21714 0.00049 -0.06168 -0.24168 -0.00019 0.00043 -0.00078 -0.01017 -0.00011 0.00020 0.00008 -0.38035 0.00002 -0.00050 -0.00251 -0.00008 -0.00074 0.00042 -0.00012 0.00011 0.00018 0.00003 0.00035 0.00006
0.00042 -0.04755 -0.03733 -0.00003 0.00005 -0.01339 -0.00500 -0.00002 -0.00036 -0.00008 -0.01145 -0.00008 -0.00014 -0.00391 -0.00004 -0.01325 -0.04386 -0.00014 0.00001 -0.00009 -0.00011 -0.02116 -0.01126 -0.00009 0.00000 -0.00031 -0.02572 -0.00031 -0.01788 -0.00050 -0.01120 -0.00032 -0.05734 -0.00023 -0.03493 -0.00037 -0.00045 0.00028 -0.86171 -0.00008 -0.02734 -0.00029 -0.01197 -0.02326 -0.02950 -0.00021 0.00002 -0.00721 -0.00057 -0.00023
0.00148 -0.00017 -0.00020 -0.00024 0.00025 -0.00037 -0.00015 -0.00414 -0.00017 -0.00010 -0.00006 -0.00008 -0.00019 -0.00013 -0.00026 -0.00011 -0.00000 -0.00012 0.00000 -0.00010 -0.00003 -0.00019 -0.00012 -0.00010 -0.00026 -0.00022 -0.00387 0.00007 -0.00098 0.00019 -0.00017 0.00016 -0.00028 -0.00020 -0.00011 0.00001 -0.00008 -0.00032 -0.00008 -0.37975 -0.00778 -0.00006 -0.00039 0.00000 -0.00011 -0.00007 -0.00004 -0.00015 -0.00005 -0.00008
0.00702 -0.18313 -0.00024 -0.00018 0.00027 -0.00042 -0.00009 -0.00013 -0.00019 -0.00011 -0.00016 -0.00011 -0.00012 -0.00008 -0.00022 -0.00012 -0.00005 -0.00012 0.00000 -0.00017 -0.00006 -0.00018 -0.00012 -0.00010 -0.00035 -0.00022 -0.00043 0.00010 -0.00033 -0.02098 -0.00013 0.00022 -0.00037 -0.00770 -0.00011 0.00005 -0.03166 -0.00748 -0.00006 -0.05850 -0.62163 -0.00014 -0.00050 0.00007 -0.00010 -0.00003 -0.00000 -0.00014 0.00009 -0.00003
0.00169 -0.00017 -0.00016 -0.13765 0.00004 0.00012 -0.00008 -0.00004 -0.00030 -0.00006 -0.00009 -0.00005 -0.00007 -0.00003 -0.23756 -0.00006 0.00002 -0.00011 0.00003 -0.00012 -0.00007 -0.00002 -0.00006 -0.00014 -0.00002 -0.00039 -0.00792 -0.00028 0.00012 -0.04126 -0.00022 -0.00027 0.00031 -0.00025 -0.00015 -0.00031 -0.07923 -0.05694 -0.00024 -0.10060 -0.03541 -0.91766 0.00006 -0.00023 -0.00522 -0.00017 0.00020 -0.00042 -0.00045 -0.00020
0.00609 -0.00012 -0.00037 -0.00026 0.00041 -0.00096 -0.00010 -0.00008 -0.00023 -0.00016 -0.00017 -0.00007 -0.00024 -0.00007 -0.00047 -0.00011 -0.00004 -0.00008 -0.00013 -0.00014 -0.00002 -0.00033 -0.00007 -0.00005 -0.07962 -0.00006 0.09987 0.00030 -0.00160 -0.05875 -0.00019 -0.05996 -0.00255 -0.00024 -0.00022 0.00044 0.00019 -0.00094 0.00010 -0.00968 -0.00163 -0.00002 -0.69293 0.00065 -0.00017 0.00022 0.00010 0.00030 0.00065 0.00025
-0.00022 -0.00024 -0.00018 -0.00000 -0.00006 0.00046 -0.00008 -0.00004 -0.00042 -0.00009 -0.00009 -0.00005 -0.00006 -0.00005 -0.00002 -0.00002 0.00003 -0.00015 0.00000 -0.00404 -0.00006 -0.00008 -0.00005 -0.11359 0.00001 -0.00034 -0.07394 -0.00046 0.00015 -0.00072 -0.00017 -0.00055 0.00055 -0.00019 -0.00019 -0.00058 -0.00057 0.00052 -0.05462 -0.00009 -0.00003 -0.00031 0.00030 -0.71307 -0.00036 -0.00043 -0.00000 -0.00066 -0.00078 -0.00044
0.00243 -0.00016 -0.00012 -0.00009 0.19265 0.00010 -0.00003 -0.00010 -0.00025 -0.00009 -0.00008 -0.00009 -0.00005 -0.00003 -0.00011 -0.00011 -0.00000 -0.00014 0.00000 -0.00013 -0.00009 -0.00009 -0.00010 -0.00011 -0.00004 -0.00030 -0.02193 -0.00023 0.00000 -0.00034 -0.00022 -0.00023 0.00021 -0.00021 -0.00019 -0.00032 -0.00029 -0.02531 -0.00021 -0.00009 -0.00006 -0.00018 -0.03399 -0.00029 -0.74302 -0.00012 -0.02103 -0.00049 -0.01692 -0.00015
-0.00010 -0.03225 -0.00012 0.00000 -0.00000 0.00032 -0.00007 -0.00009 -0.00030 -0.00007 -0.00011 -0.00007 -0.00005 -0.00004 0.00000 -0.00582 0.00000 -0.00014 0.00000 -0.00009 -0.00007 -0.00006 -0.00009 -0.00011 -0.00000 -0.00032 -0.03012 -0.00031 0.00013 -0.00061 -0.00017 -0.00037 0.00047 -0.00019 -0.00013 -0.00382 -0.00051 -0.08755 -0.00031 -0.00010 -0.03029 -0.00030 -0.00832 -0.00054 -0.01520 -0.92719 -0.00000 -0.01953 -0.00066 -0.00032
0.00050 -0.00027 -0.00019 -0.00025 0.00001 -0.00042 -0.00005 -0.00010 -0.01794 -0.00008 -0.00018 -0.00008 -0.01611 -0.00011 -0.00029 -0.00007 -0.00000 -0.00009 -0.00000 -0.00266 -0.00002 -0.00019 -0.00010 -0.00005 -0.00015 -0.00014 -0.04254 -0.00005 -0.00026 -0.00009 -0.00022 -0.00006 -0.00010 -0.00743 -0.00009 -0.00009 -0.02200 -0.00003 -0.00013 -0.02466 -0.01108 -0.00013 -0.00013 -0.00011 -0.00014 -0.00020 -0.56985 -0.01035 -0.00026 -0.00016
0.00050 -0.00018 -0.00016 -0.00000 -0.00001 0.00029 -0.00008 -0.00003 -0.00031 -0.00005 -0.00011 -0.00007 -0.03402 -0.00003 -0.00000 -0.00003 0.00000 -0.00015 0.00002 -0.00008 -0.00008 -0.00010 -0.00004 -0.00006 -0.00000 -0.00031 -0.11459 -0.00029 0.00008 -0.00055 -0.00016 -0.00039 0.00046 -0.00026 -0.00012 -0.00038 -0.00055 -0.06457 -0.00033 -0.00006 -0.00002 -0.00027 -0.00303 -0.00037 -0.00026 -0.00038 -0.00304 -0.74315 -0.07150 -0.00036
-0.00016 0.57314 -0.00021 -0.00000 -0.00000 -0.06210 -0.00003 -0.01454 -0.00033 -0.00006 -0.00006 -0.00006 -0.00001 -0.00004 -0.00254 -0.00000 -0.00000 -0.00013 -0.00000 -0.00008 -0.00009 -0.00601 -0.00007 -0.00007 -0.00000 -0.00036 -0.11790 -0.00032 -0.00691 -0.00850 -0.00016 -0.00044 -0.15801 -0.00581 -0.00021 -0.00036 -0.05054 -0.08195 -0.01213 -0.05316 -0.02669 -0.01074 -0.01238 -0.00919 -0.05629 -0.00209 -0.02227 -0.02173 -0.14658 -0.00399
0.00127 -0.00018 -0.00014 -0.00000 0.00001 0.00024 -0.00003 -0.00012 -0.00037 -0.00007 -0.00010 -0.03051 -0.00006 -0.00001 -0.00002 -0.00005 0.00001 -0.00011 0.00004 -0.01029 -0.00008 -0.00010 -0.00009 -0.00007 0.00000 -0.00032 -0.08774 -0.00030 0.00004 -0.00052 -0.00019 -0.00032 0.00039 -0.00024 -0.00009 -0.00044 -0.00045 0.00034 -0.00034 -0.00012 -0.00182 -0.00029 -0.04827 -0.00039 -0.00027 -0.00013 0.00001 -0.01053 -0.12411 -0.91614
