0.00000 0.00000 0.00000 0.00000 -0.00000 -0.01800 -0.02544 -1.25040 -0.00000 0.00874 -0.00000 0.00000 -0.00000 -0.00000 -0.01622 0.00000 0.00000 0.00000 0.00000 -0.00000 -0.00000 0.00000 0.22226 0.00306 0.21712 0.00035 -0.00002 0.00015 -0.00000 -0.00000
0.00042 0.00000 0.00343 0.00000 0.00000 -0.00000 -0.00000 -0.00009 -0.00383 0.00000 -0.00000 1.67595 -0.00000 -0.01764 0.00002 0.13766 0.27602 0.12820 0.00000 -0.00000 -0.00000 0.00000 0.00000 0.00000 0.00000 -0.00000 -0.00000 0.00000 -0.11094 -0.00000
0.24015 -0.00000 0.00000 -0.00000 0.00000 0.00711 0.01049 0.00863 -0.90311 -0.00320 0.00000 -0.00000 -0.00000 0.37315 0.03731 -0.00000 0.00000 -0.00000 -0.00000 0.00000 0.00000 0.00000 0.10477 -0.00021 -0.05449 -0.00071 0.00004 -0.00025 0.00000 0.00000
0.27144 1.49970 -0.17422 0.00000 -0.32972 0.19127 0.05079 0.00177 -0.27822 -0.00558 -0.19081 -2.43646 -0.20223 -0.08195 -0.03823 -0.36393 -0.69135 -0.67468 0.04179 -0.02725 -0.08319 -0.02404 -0.00020 0.19528 0.11919 -0.12472 0.32221 -0.33619 0.14841 -0.39845
0.24371 -0.11368 -0.07711 -0.00000 0.00000 0.08347 0.03066 0.00300 -0.11916 -0.00953 -0.13237 0.31182 -0.05841 -0.04086 -0.02031 0.03063 -0.03917 -0.32687 -0.00637 -0.00000 -0.07782 -0.02249 -0.01777 0.07941 0.03187 -0.05330 0.15835 -0.15805 0.00629 -0.14675
-0.00000 -0.00000 0.00000 -0.00000 0.00000 0.00000 -0.19164 0.00000 0.00000 -0.47591 0.00000 -0.00000 0.00000 0.00000 -0.17310 -0.00000 -0.00000 -0.00000 -0.00189 0.01256 0.00000 -0.00068 -0.00000 -1.06293 -0.00000 -0.23491 0.06621 -0.16673 0.00000 0.00089
-0.00000 0.00000 0.00000 0.00000 -0.00000 -0.00000 0.00000 0.00000 -0.00000 -0.21522 -0.00000 -0.00000 0.00000 -0.00000 -0.04590 0.00000 0.00000 0.00000 -0.00035 0.00472 0.00000 -0.00008 0.00000 -0.46534 -0.00000 -0.07868 0.04424 -0.10989 0.00000 -0.00005
-0.00000 -0.00000 -0.00000 0.00000 0.00000 0.11191 0.12134 0.00000 0.00000 -0.03954 0.00000 -0.00000 0.00000 0.00000 -0.04458 0.00000 -0.00000 -0.00000 -0.00000 0.00013 0.00000 -0.00000 -0.50401 -0.01430 -0.78128 -0.00357 0.00077 -0.00184 0.00000 0.00000
-1.14647 -0.00000 -0.00000 -0.00000 0.00000 0.00392 0.00742 0.20616 0.00000 -0.00205 0.00000 -0.00000 0.00000 0.00000 -0.00005 -0.00000 -0.00000 -0.00000 -0.00000 0.00000 0.00000 -0.00000 -0.04285 -0.00028 -0.03257 -0.00007 0.00000 -0.00002 0.00000 0.00000
0.00000 0.00077 0.00000 -0.00000 -0.00000 0.00000 0.00000 -0.00000 -0.00000 -0.00000 -0.00000 0.00003 -0.00000 -0.00000 0.07363 0.00006 0.00000 0.00000 0.01072 -0.04205 -0.00000 0.00179 0.00000 0.21385 0.00000 0.13284 -0.01793 0.20281 -0.00000 -0.01107
0.00058 -0.14715 0.01555 -0.00000 -0.00000 0.13624 0.08080 0.09449 -0.16346 -0.03007 0.00000 0.41787 -0.07089 -0.00168 -0.03405 -0.07345 -0.33894 -0.25238 0.00309 -0.02353 -0.15875 -0.01768 -0.08031 0.06316 -0.04512 -0.07515 0.14154 -0.18090 0.29926 -0.15492
0.00220 0.00000 0.01398 -0.00000 -0.00000 -0.00000 -0.00000 -0.00027 -0.01522 0.00000 -0.00000 0.00000 -0.00000 -0.03297 0.00003 0.26944 0.69255 0.50330 0.00000 -0.00000 -0.00000 0.00000 0.00005 0.00000 0.00000 0.00000 -0.00000 0.00000 -0.47552 -0.00000
0.04807 0.06020 0.01378 -0.00000 -0.00000 0.04999 0.03299 0.04612 -0.13751 -0.00000 -0.00000 0.01692 -0.00000 -0.03185 0.00039 0.19462 -0.11347 -0.44880 0.00009 -0.02023 -0.00000 -0.03782 0.00200 0.11359 0.06609 -0.03828 0.09600 -0.11060 0.34895 -0.12939
-0.43620 -0.00000 0.00000 0.00000 0.00000 0.00108 0.00135 0.06161 1.42894 -0.00056 -0.00000 -0.00000 0.00000 0.00000 0.00268 -0.00000 0.00000 -0.00000 -0.00000 0.00000 0.00000 0.00000 -0.00287 -0.00009 -0.01088 -0.00003 0.00000 -0.00000 0.00000 0.00000
0.00000 0.00030 0.00000 -0.00000 -0.00000 0.00000 0.00000 0.00000 -0.00000 0.00000 -0.00000 -0.00010 0.00000 0.00000 0.00000 -0.00006 0.00000 -0.00000 -0.00050 0.00046 0.00000 0.00858 0.00000 -0.00000 -0.00000 0.09324 -0.00006 -0.00000 0.00000 -0.00042
-0.02848 0.00000 -0.09303 0.00000 -0.00000 -0.00000 0.00022 0.00683 0.00682 -0.00007 0.00000 0.00000 -0.00000 -0.00943 -0.00185 0.00000 -0.00000 0.34650 0.00000 -0.00000 0.00000 -0.00000 -0.00651 0.00000 0.00195 0.00000 -0.00000 0.00000 -0.27456 -0.00000
0.03641 0.00000 0.09512 -0.00000 0.00000 -0.00000 0.00000 -0.00427 -0.11946 -0.00000 -0.00000 -0.00000 0.00000 -0.46860 0.00063 -0.41890 0.00000 0.46564 -0.00000 0.00000 -0.00000 0.00000 0.00195 0.00000 0.00005 -0.00000 0.00000 0.00000 -0.28306 0.00000
0.03518 0.00000 0.15865 -0.00000 -0.00000 0.00000 -0.00011 -0.00339 -0.26726 0.00001 0.00000 0.00000 -0.00000 -0.76631 -0.00010 -0.00000 0.00000 0.00000 -0.00000 0.00000 0.00000 0.00000 0.00117 0.00000 0.00060 -0.00000 0.00000 -0.00000 -0.22590 -0.00000
0.00000 0.24447 0.00006 0.00000 -0.00000 -0.00000 0.00000 -0.00000 -0.00003 0.00000 -0.00000 0.07597 -0.00000 -0.00027 -0.00000 0.01578 0.00597 0.00391 0.00000 -0.00000 -0.00000 0.14236 0.00000 0.00000 0.00000 -0.00000 0.00000 0.00000 -0.00427 -0.14929
-0.00000 -0.05411 -0.00000 -0.00000 -0.00000 0.00000 0.00000 0.00000 0.00000 -0.00000 0.00000 -0.00915 0.00000 0.00000 0.00000 -0.00252 -0.00108 -0.00034 -0.55094 0.00000 0.00000 -0.19881 -0.00000 -0.00000 -0.00000 -0.00000 0.00000 -0.00000 0.00033 0.66868
0.05968 0.20210 0.00041 0.00000 -0.00000 0.10273 0.07336 0.08671 -0.09324 -0.02553 -0.00000 -0.34738 -0.04394 -0.01239 0.26509 0.02744 0.00098 0.01466 0.01589 -0.01538 0.00000 -0.02213 -0.16620 0.02756 -0.17241 -0.16651 0.08513 -0.10391 -0.00796 -0.11299
0.00009 0.17081 0.00197 0.00000 -0.00000 0.00000 -0.00000 -0.00000 -0.00060 -0.00000 -0.00000 0.06487 -0.00000 -0.00154 0.00000 0.00240 0.06306 0.01699 0.00000 -0.00000 -0.00000 0.00000 0.00000 0.00000 0.00000 -0.00000 0.00000 -0.00000 -0.01677 -0.00000
0.00000 0.00000 0.00000 -0.00000 0.00000 -0.39268 -0.23020 -0.00000 -0.00000 0.07260 -0.00000 0.00000 -0.00000 0.00000 0.16050 -0.00000 0.00000 0.00000 0.00015 -0.00108 -0.00000 0.00025 0.00000 0.09151 0.13828 -0.00846 -0.00259 0.00872 -0.00000 -0.00007
0.00000 0.00066 0.00000 -0.00000 -0.00000 -0.00000 -0.00000 -0.00000 -0.00000 0.00000 -0.00000 0.00003 -0.00000 -0.00000 -0.02496 0.00002 0.00000 0.00000 0.01716 -0.10600 -0.00000 0.00468 0.00000 0.00000 0.00000 0.21820 -0.34649 0.75080 -0.00000 -0.01223
0.00000 0.00000 -0.00000 -0.00000 -0.00000 -0.86790 -0.48630 -0.00000 -0.00000 0.15670 -0.00000 0.00000 -0.00000 -0.00000 -0.07070 0.00000 -0.00000 0.00000 0.00009 -0.00102 -0.00000 0.00000 0.00000 0.14332 0.00000 0.02441 -0.00434 0.01276 -0.00000 -0.00006
0.00000 0.00497 0.00000 0.00000 -0.00000 -0.00000 0.00000 0.00000 -0.00000 0.00000 -0.00000 0.00070 -0.00000 -0.00000 0.00000 0.00020 0.00001 0.00000 0.05738 -0.41431 0.00000 0.02330 0.00000 -0.00000 -0.00000 0.00000 -0.43385 -0.00000 -0.00000 -0.07437
-0.00000 -0.01408 -0.00000 -0.00000 -0.00000 0.00000 0.00000 0.00000 0.00000 0.00000 0.00000 -0.00277 0.00000 0.00000 0.00000 -0.00057 -0.00017 -0.00006 -0.26820 0.81097 -0.00000 -0.09358 -0.00000 -0.00000 -0.00000 -0.00000 0.00000 -0.00000 0.00011 0.24768
0.00000 0.00598 0.00000 -0.00000 0.00000 -0.00000 -0.00000 -0.00000 -0.00000 0.00000 -0.00000 0.00089 -0.00000 -0.00000 -0.29310 0.00057 0.00005 0.00001 0.12025 -0.92071 -0.00000 0.03427 0.00000 0.00000 0.00000 -0.01312 -0.92225 0.00000 -0.00001 -0.12110
-0.02647 -0.00000 -0.18078 -0.00000 -0.00000 0.00008 0.00008 0.00881 0.11656 -0.00000 0.00000 -0.00000 -0.00000 0.65017 0.00094 -0.00000 0.00000 -0.00000 -0.00000 0.00000 -0.00000 -0.00000 -0.00012 0.00000 -0.00069 -0.00000 0.00000 -0.00000 0.00000 0.00000
-0.00000 -0.39954 -0.00006 -0.00000 -0.00000 0.00000 0.00000 0.00000 0.00004 0.00000 0.00000 -0.08040 0.00000 0.00030 -0.00000 -0.02712 -0.01295 -0.00576 -0.00000 0.00000 -0.00000 -0.31260 -0.00000 -0.00000 -0.00000 -0.00000 0.00000 -0.00000 0.00689 0.00000
