-0.00000 0.00000 -0.00015 -0.00000 -0.00003 0.01903 -0.00013 -0.00000 -0.00000 -0.11014 -0.00066 -0.00083 -0.00084 0.00000 -0.00000 0.11289 0.00000 0.00002 0.00048 -0.00000 0.00000 0.00080 0.00000 -0.00058 0.00000 -0.00000 -0.00001 -0.00000 -0.00000 0.00000
-0.98529 -0.00000 -0.12989 -0.00000 -0.00000 0.04000 -0.27810 0.00000 -0.00000 0.53675 0.25449 -0.00080 -0.00027 -0.00000 0.00001 -0.00876 0.00000 -0.00000 0.11823 0.00000 0.00001 -0.13760 0.13770 -0.06500 0.00000 -0.00000 -0.00000 -0.00000 0.00000 -0.00000
-0.00173 -0.00000 0.00000 -0.00016 0.00024 0.00004 0.00040 0.00055 -0.00000 0.00728 0.00889 0.00033 -0.00010 -0.00072 0.00084 0.00000 0.00000 -0.00012 0.00004 0.00000 0.00019 -0.00072 0.00207 -0.00029 0.00000 -0.00000 -0.00033 -0.00010 -0.00001 -0.00042
-0.01374 -0.04099 -0.00166 -0.00000 0.00071 -0.13817 -0.01889 0.00302 -0.00356 0.00500 0.02594 0.35599 0.29718 -0.02363 0.00572 -0.00005 0.00224 0.00014 -0.00076 0.00099 0.00407 -0.00020 0.00126 0.00000 0.00066 0.03796 -0.00019 -0.00001 -0.00229 -0.03258
-0.00228 -0.02341 -0.00031 -0.00018 -0.00000 0.00019 -0.01516 0.00987 -0.00007 0.00792 0.01420 -0.00004 -0.00006 -0.00226 0.01150 -0.00026 0.00023 0.01401 -0.00003 0.00331 0.00277 -0.00480 0.00187 -0.00899 0.00095 0.03325 -0.00076 -0.00031 -0.00019 -0.01913
0.00004 -0.00002 -0.00264 0.00000 0.00955 -0.00000 -0.00024 0.00597 -0.00213 -0.00000 0.00130 -0.23542 0.00001 0.00005 0.00078 -0.00098 -0.00005 0.00009 -0.00000 -0.00029 0.00640 -0.00056 0.00105 -0.00984 -0.00015 0.00022 -0.00019 -0.00026 -0.00139 0.00008
0.00162 -0.00000 -0.00352 0.00002 0.00000 -0.00023 0.00000 0.00005 0.00000 0.00053 0.00659 0.04705 -0.49141 -0.00000 0.00051 -0.03337 0.00039 -0.00013 -0.20398 0.00028 -0.00000 -0.00938 0.00021 -0.01041 0.00007 -0.00000 -0.00000 0.00008 0.00000 0.00007
-0.00196 -0.03005 -0.00185 -0.00073 -0.00014 0.00020 -0.01002 -0.00000 -0.00423 0.01302 0.01777 -0.00063 -0.00165 -0.00701 0.00053 -0.00115 0.00008 0.00336 0.00900 0.00625 0.00015 -0.01291 0.00057 -0.00508 0.00078 0.03233 -0.00107 -0.00000 -0.00042 -0.02802
-0.00064 -0.08325 -0.01546 -0.00005 0.01863 -0.00005 0.55893 0.00065 -0.00000 0.02915 0.02065 0.00064 -0.07960 -0.03715 0.00284 -0.00819 0.00039 -0.00126 -0.00019 0.01598 0.00122 -0.03827 0.00191 -0.01691 0.00055 0.00153 -0.00036 -0.00023 -0.00015 -0.03465
-0.00000 -0.00000 -0.00038 0.00025 -0.00002 0.03474 -0.00298 0.00011 -0.00000 0.00000 0.00675 -0.02260 -0.04679 -0.00000 0.00037 -0.12280 0.00005 -0.00000 -0.01060 -0.00000 0.00016 -0.02962 0.00000 -0.02148 0.00005 0.00000 0.00000 0.00000 0.00000 -0.00000
-0.00073 -0.00000 0.00006 -0.00000 0.00001 0.00068 -0.00015 0.00003 -0.00001 0.00024 0.00000 -0.04149 -0.00011 -0.00008 0.00057 0.45653 0.00022 0.00000 0.00038 0.00059 -0.00000 -0.00000 -0.00023 -0.00000 -0.00000 0.00000 -0.00000 -0.00000 -0.00000 0.00003
-0.00092 -0.00012 -0.00114 0.00000 -0.00037 -0.00000 -0.00001 0.00040 -0.00028 0.00000 0.00000 0.00000 0.00000 0.00000 0.00046 0.00000 0.00041 -0.00000 -0.00000 -0.00000 0.00309 -0.00000 -0.00000 0.00000 0.00008 0.00000 0.00000 0.00004 -0.00041 -0.00015
-0.00090 -0.00000 -0.01571 0.00000 -0.00013 0.14207 -0.00000 0.00032 -0.00000 -0.00000 0.00171 -0.06575 0.00000 0.00000 0.00052 -0.03414 0.00003 0.00001 -0.81242 -0.00020 0.00003 -0.02332 0.00116 -0.04710 -0.00070 0.00000 -0.00008 -0.00001 -0.00000 0.00001
-0.00115 -0.06380 -0.00169 0.00003 0.00039 0.00012 -0.01986 0.00023 -0.00000 -0.14481 0.00392 0.00014 0.08876 -0.00000 0.00769 -0.02656 0.00357 0.00000 0.23497 0.00056 0.00067 -0.00030 0.01191 -0.00014 -0.00000 0.03103 -0.00010 -0.00028 0.00001 -0.00026
-0.01012 -0.04079 -0.00584 0.00006 -0.00017 0.00060 -0.00422 0.01268 -0.00078 0.00082 0.00063 -0.00045 0.00034 -0.00011 -0.00000 -0.00273 0.00087 0.00144 0.01839 0.00035 0.00026 -0.01898 0.00014 -0.00955 0.00048 0.02561 -0.00132 -0.00075 -0.00026 -0.03141
0.00000 -0.00000 -0.00120 -0.00073 0.00041 0.00069 0.00000 -0.00000 -0.00004 -0.00000 0.00000 -0.02255 -0.00002 0.00000 0.00014 0.00000 -0.00012 0.00000 0.00713 0.00009 -0.00000 -0.00002 -0.00000 -0.00003 -0.00006 -0.00000 -0.00009 -0.00020 -0.00020 0.00000
-0.02038 -0.04682 0.39680 -0.00007 0.00442 0.00021 -0.00135 0.00854 -0.00160 0.00192 0.00114 0.00009 -0.00088 -0.00083 0.00056 -0.00624 -0.00000 -0.00103 0.01715 0.00108 0.00004 -0.00798 0.00142 -0.00522 0.00089 0.01724 -0.00076 -0.00045 -0.00014 -0.02590
-0.00107 -0.05589 -0.01802 -0.00081 0.00004 0.00074 -0.01221 0.00036 -0.00344 -0.52391 0.02789 -0.00056 0.08306 0.19113 0.00049 -0.17825 0.00054 0.00000 0.22237 0.00001 0.00003 -0.04685 0.00342 -0.01222 -0.00000 0.00086 -0.00098 -0.00076 -0.00014 -0.00000
-0.00647 -0.00000 -0.01052 -0.00000 -0.00028 -0.12274 0.00000 -0.00011 0.00007 0.00016 0.00132 -0.23011 -0.00000 -0.00000 0.00011 -0.00084 0.00011 -0.00000 0.00000 0.00006 0.00009 -0.00003 0.00012 -0.02800 0.00025 -0.00000 -0.00004 0.00000 0.00004 -0.00027
-0.00893 -0.03309 -0.00192 -0.00169 -0.00008 0.00071 0.00023 -0.00015 0.00010 0.00102 0.00115 -0.00039 -0.00260 -0.00152 0.00061 -0.01354 0.00005 0.02696 0.02042 -0.00000 0.00056 -0.01631 0.00173 -0.00410 0.00038 0.02257 -0.00060 -0.00020 -0.00045 -0.01846
-0.00880 -0.02573 -0.01322 -0.00020 0.00008 0.00060 -0.00163 0.00135 -0.00066 0.00326 0.00101 -0.00042 -0.00053 -0.00086 0.00072 -0.00884 0.00140 0.01646 0.00124 0.00075 -0.00000 -0.00671 0.00106 -0.00143 -0.00038 0.02998 -0.00143 -0.00078 -0.00083 -0.01930
-0.00110 -0.00000 0.00007 -0.00020 -0.00007 0.00052 0.00014 -0.00004 -0.00000 -0.00000 -0.24219 -0.01713 -0.00000 -0.00014 0.00026 -0.00065 0.00014 -0.00000 0.01618 0.00002 0.00015 -0.00000 0.00084 0.00060 0.00043 -0.00000 -0.00016 0.00000 -0.00000 -0.00002
-0.30537 -0.00000 -0.00162 0.00008 0.00027 0.00040 -0.00319 0.00073 0.00003 0.05620 0.00637 0.00010 0.00009 -0.00012 0.00080 -0.10285 0.00043 -0.00012 0.01960 0.00023 0.00007 -0.00067 -0.00000 -0.05551 0.00034 0.00000 -0.00066 -0.00000 0.00000 -0.00000
-0.00057 -0.00000 -0.00135 -0.00000 -0.00029 0.00026 0.00000 -0.00004 -0.00003 0.00000 -0.22424 0.31113 0.00000 -0.00007 0.00055 -0.00023 0.00028 0.00000 -0.00000 -0.00001 0.00002 0.00036 -0.00000 0.00000 0.00036 0.00000 0.00000 0.00046 -0.00016 0.00000
-0.41124 -0.06810 -0.02242 -0.00253 0.00141 0.00746 -0.00586 0.00169 -0.00212 0.00051 0.01963 -0.00044 -0.01344 -0.07003 0.00105 -0.00011 0.00142 -0.14923 0.00298 0.00074 0.00003 -0.00794 0.00061 -0.00049 0.00000 -0.00057 -0.00933 -0.02089 -0.00704 -0.06322
-0.08761 -0.59060 -0.05980 0.00000 -0.00000 0.01425 -0.15370 0.00000 -0.00006 0.32851 0.13069 -0.02541 0.26629 0.00000 0.00008 -0.03443 0.00001 0.00012 0.24010 -0.00000 0.00000 -0.04853 0.06042 -0.01556 0.00004 0.00000 0.00009 0.00011 -0.00000 -0.09066
-0.00103 -0.07353 -0.00780 -0.00060 0.00111 0.00079 -0.00856 0.00000 -0.00613 0.01837 -0.12355 0.00017 -0.00100 -0.00224 0.00043 -0.03436 0.00025 -0.00145 0.02283 0.00001 0.00095 0.00016 0.00071 0.38418 0.00026 0.01349 -0.00000 0.00034 -0.00040 -0.00741
-0.00286 -0.07415 0.00009 -0.00001 0.00453 0.00045 -0.00254 0.00141 -0.00299 0.01387 -0.01602 0.00008 -0.00061 -0.00318 0.00042 -0.02896 0.00287 -0.00107 0.01485 0.00036 0.00202 0.48880 0.00037 0.00046 0.00004 0.00989 -0.00006 -0.00000 -0.00020 -0.01104
-0.11282 -0.08618 -0.00442 -0.00014 0.00446 0.00014 -0.00099 0.00284 -0.00024 0.00012 0.00066 -0.00005 -0.16522 -0.00572 0.00285 -0.00124 -0.00003 0.01126 -0.00021 0.00012 0.00479 -0.00105 0.00022 -0.00010 0.00045 -0.39079 -0.00101 -0.00081 -0.00000 -0.16464
2.02647 -0.08697 -0.00622 -0.00000 -0.00009 0.00059 -0.01866 -0.00000 -0.00001 -0.22587 0.03945 -0.00083 -0.04092 -0.00044 0.00000 0.09256 0.00001 0.01656 0.01861 0.00000 0.00006 -0.03141 -0.21303 -0.04558 -0.00000 0.00000 -0.00074 -0.00007 -0.00000 0.00000
