0.00000 0.00000 0.00000 0.49582 0.00000 0.00000 0.00000 0.00000 0.00000 0.00000 0.00000 0.00000 0.44628 0.00000 0.00000 0.00000 0.00000 0.00000 0.41907 0.00000 0.00000 0.00000 0.00000 0.00000 0.00000 0.00000 0.00000 0.00000 0.00000 0.00000
0.00000 0.00000 0.00000 0.00000 0.00000 0.00000 0.00000 0.00000 0.00000 0.00000 0.00000 0.00000 0.00000 0.00000 0.00000 0.00000 0.00000 0.00000 0.31859 0.00000 0.00000 0.00000 0.00000 0.00000 0.00000 0.00000 0.00000 0.00000 0.00000 0.00000
0.00000 0.00000 0.00000 0.00000 0.79613 0.00000 0.00000 0.00000 0.00000 0.00000 0.00000 0.00000 0.00000 0.00000 0.00000 0.00000 0.00000 0.00000 0.00000 0.00000 0.00000 0.00000 0.00000 0.30211 0.00000 0.00000 0.00000 0.00000 0.00000 0.00000
0.00000 0.00000 0.00000 0.00000 0.41142 0.00000 0.00000 0.00000 0.00000 0.00000 0.00000 0.00000 0.00000 0.00000 0.00000 0.00000 0.00000 0.00000 0.00000 0.00000 0.00000 0.00000 0.00000 0.00000 0.00000 0.00000 0.00000 0.35932 0.00000 0.00000
0.00000 0.00000 0.00000 0.00000 0.00000 0.36102 0.00000 0.00000 0.00000 0.00000 0.00000 0.00000 0.00000 0.00000 0.00000 0.00000 0.00000 0.00000 0.00000 0.00000 0.00000 0.00000 0.00000 0.00000 0.00000 0.00000 0.00000 0.36888 0.00000 0.00000
0.00000 0.00000 0.00000 0.00000 0.00000 0.00000 0.00000 0.00000 0.00000 0.00000 0.00000 0.00000 0.00000 0.00000 0.00000 0.00000 0.00000 0.00000 0.00000 0.48441 0.00000 0.00000 0.00000 0.00000 0.00000 0.00000 0.00000 0.00000 0.34348 0.32342
0.00000 0.00000 0.00000 0.65822 0.00000 0.00000 0.00000 0.00000 0.00000 0.53368 0.00000 0.00000 0.00000 0.00000 0.00000 0.66919 0.00000 0.00000 0.30570 0.00000 0.00000 0.00000 0.00000 0.00000 0.00000 0.00000 0.00000 0.00000 0.00000 0.00000
0.00000 0.00000 0.00000 0.00000 0.00000 0.00000 0.00000 0.00000 0.39573 0.00000 0.00000 0.00000 0.00000 0.00000 0.00000 0.00000 0.00000 0.38742 0.00000 0.00000 0.00000 0.00000 0.00000 0.00000 0.00000 0.00000 0.00000 0.00000 0.00000 0.00000
0.00000 0.00000 0.00000 0.00000 0.00000 0.00000 0.00000 0.00000 0.00000 0.00000 0.34393 0.00000 0.00000 0.34081 0.00000 0.00000 0.31515 0.00000 0.00000 0.00000 0.00000 0.00000 0.00000 0.00000 0.00000 0.00000 0.00000 0.00000 0.00000 0.00000
0.00000 0.00000 0.00000 0.00000 0.00000 0.00000 0.00000 0.00000 0.00000 0.00000 0.00000 0.00000 0.00000 0.00000 0.00000 0.00000 0.00000 0.00000 0.00000 0.00000 0.00000 0.00000 0.00000 0.00000 0.00000 0.00000 0.00000 0.00000 0.00000 0.00000
0.00000 0.00000 0.00000 0.00000 0.00000 0.00000 0.00000 0.00000 0.00000 0.00000 0.00000 0.00000 0.00000 0.00000 0.00000 0.00000 0.32426 0.00000 0.00000 0.00000 0.00000 0.00000 0.00000 0.00000 0.00000 0.00000 0.00000 0.00000 0.00000 0.00000
0.00000 0.00000 0.00000 0.00000 0.00000 0.00000 0.00000 0.36626 0.00000 0.00000 0.00000 0.00000 0.00000 0.00000 0.44705 0.00000 0.00000 0.32408 0.00000 0.00000 0.00000 0.00000 0.00000 0.34203 0.00000 0.00000 0.00000 0.00000 0.00000 0.00000
0.00000 0.00000 0.00000 0.41489 0.00000 0.00000 0.00000 0.00000 0.00000 0.00000 0.00000 0.00000 0.00000 0.00000 0.00000 0.00000 0.00000 0.00000 0.00000 0.00000 0.00000 0.00000 0.00000 0.00000 0.00000 0.00000 0.00000 0.00000 0.00000 0.00000
0.00000 0.00000 0.00000 0.00000 0.00000 0.00000 0.00000 0.00000 0.00000 0.00000 0.00000 0.00000 0.00000 0.00000 0.00000 0.00000 0.00000 0.00000 0.00000 0.00000 0.00000 0.30503 0.00000 0.00000 0.00000 0.00000 0.37332 0.00000 0.00000 0.00000
0.00000 0.00000 0.00000 0.00000 0.00000 0.00000 0.00000 0.39787 0.33923 0.00000 0.32114 0.00000 0.00000 0.00000 0.00000 0.00000 0.00000 0.35771 0.00000 0.00000 0.00000 0.00000 0.00000 0.34895 0.00000 0.00000 0.00000 0.00000 0.00000 0.00000
0.40163 0.00000 0.00000 0.65829 0.00000 0.00000 0.00000 0.00000 0.00000 0.31708 0.00000 0.00000 0.00000 0.00000 0.00000 0.00000 0.00000 0.00000 0.35676 0.00000 0.00000 0.00000 0.00000 0.00000 0.00000 0.00000 0.00000 0.33045 0.00000 0.00000
0.00000 0.00000 0.00000 0.00000 0.00000 0.00000 0.00000 0.00000 0.00000 0.00000 0.00000 0.00000 0.00000 0.00000 0.00000 0.00000 0.00000 0.00000 0.00000 0.00000 0.37402 0.00000 0.00000 0.00000 0.00000 0.38014 0.00000 0.00000 0.00000 0.00000
0.00000 0.00000 0.00000 0.00000 0.00000 0.00000 0.00000 0.00000 0.38042 0.00000 0.00000 0.00000 0.00000 0.00000 0.00000 0.00000 0.30053 0.00000 0.00000 0.00000 0.00000 0.00000 0.00000 0.00000 0.00000 0.00000 0.00000 0.00000 0.00000 0.00000
0.00000 0.00000 0.00000 0.60106 0.00000 0.00000 0.00000 0.00000 0.00000 0.00000 0.00000 0.00000 0.00000 0.00000 0.00000 0.00000 0.00000 0.00000 0.00000 0.00000 0.00000 0.00000 0.00000 0.00000 0.00000 0.00000 0.00000 0.00000 0.00000 0.00000
0.00000 0.00000 0.00000 0.00000 0.00000 0.00000 0.00000 0.00000 0.00000 0.00000 0.00000 0.00000 0.00000 0.00000 0.00000 0.00000 0.00000 0.00000 0.00000 0.00000 0.00000 0.00000 0.00000 0.00000 0.00000 0.00000 0.00000 0.00000 0.72377 0.00000
0.00000 0.00000 0.00000 0.00000 0.34230 0.00000 0.00000 0.00000 0.00000 0.00000 0.00000 0.00000 0.00000 0.30060 0.00000 0.00000 0.00000 0.00000 0.00000 0.00000 0.00000 0.00000 0.00000 0.00000 0.00000 0.00000 0.31957 0.00000 0.00000 0.00000
0.00000 0.00000 0.00000 0.00000 0.00000 0.00000 0.00000 0.00000 0.00000 0.00000 0.00000 0.00000 0.00000 0.00000 0.00000 0.00000 0.00000 0.00000 0.00000 0.00000 0.00000 0.00000 0.00000 0.00000 0.52718 0.37370 0.34511 0.00000 0.00000 0.00000
0.00000 1.12041 0.00000 0.00000 0.00000 0.00000 0.53527 0.00000 0.00000 0.00000 0.00000 0.00000 0.00000 0.00000 0.00000 0.32788 0.00000 0.00000 0.30131 0.00000 0.00000 0.00000 0.00000 0.00000 0.00000 0.00000 0.00000 0.00000 0.00000 0.00000
0.00000 0.00000 0.00000 0.00000 0.00000 0.34766 0.00000 0.38454 0.00000 0.00000 0.00000 0.00000 0.00000 0.00000 0.00000 0.00000 0.00000 0.32444 0.00000 0.00000 0.00000 0.00000 0.00000 0.00000 0.00000 0.00000 0.00000 0.00000 0.00000 0.00000
0.00000 0.00000 0.00000 0.00000 0.00000 0.00000 0.38613 0.00000 0.00000 0.00000 0.00000 0.00000 0.00000 0.00000 0.00000 0.32163 0.00000 0.00000 0.00000 0.00000 0.00000 0.00000 0.40476 0.00000 0.00000 0.00000 0.00000 0.00000 0.00000 0.00000
0.00000 0.00000 0.00000 0.00000 0.00000 0.00000 0.00000 0.00000 0.00000 0.00000 0.00000 0.00000 0.00000 0.00000 0.00000 0.00000 0.00000 0.00000 0.00000 0.00000 0.00000 0.00000 0.00000 0.00000 0.00000 0.00000 0.36421 0.00000 0.30949 0.00000
0.00000 0.00000 0.00000 0.34723 0.00000 0.31270 0.00000 0.00000 0.00000 0.00000 0.00000 0.00000 0.00000 0.00000 0.00000 0.00000 0.00000 0.00000 0.00000 0.38418 0.00000 0.00000 0.00000 0.00000 0.00000 0.00000 0.00000 0.00000 0.31677 0.00000
0.00000 0.00000 0.00000 0.00000 0.00000 0.00000 0.00000 0.44140 0.00000 0.00000 0.31977 0.79414 0.00000 0.00000 0.62743 0.00000 0.00000 0.36474 0.00000 0.00000 0.00000 0.00000 0.00000 0.46502 0.00000 0.00000 0.00000 0.00000 0.00000 0.00000
0.00000 0.00000 0.00000 0.00000 0.00000 0.00000 0.00000 0.00000 0.00000 0.00000 0.00000 0.00000 0.51563 0.00000 0.00000 0.00000 0.00000 0.00000 0.00000 0.00000 0.00000 0.00000 0.35675 0.00000 0.45025 0.00000 0.00000 0.00000 0.00000 0.00000
0.00000 0.00000 0.00000 0.00000 0.00000 0.00000 0.00000 0.00000 0.00000 0.00000 0.00000 0.00000 0.00000 0.00000 0.00000 0.00000 0.34052 0.00000 0.00000 0.36223 0.00000 0.00000 0.00000 0.00000 0.30164 0.00000 0.00000 0.00000 0.00000 0.00000
