0.00000 0.00146 -0.00225 0.00140 -0.00258 -0.00115 -0.00408 -0.00097 -0.00346 -0.00040
0.00011 0.00000 0.00112 0.00343 0.00000 -0.00116 -0.00216 0.00011 0.00007 0.00556
-0.00148 0.00173 -0.00000 -0.01965 0.00136 -0.02439 0.12922 0.00274 -0.04411 -0.61478
-0.00000 0.01018 -0.00031 -0.00000 -0.00021 -0.01377 -0.31269 0.00186 -0.00182 -0.06175
-0.00031 0.00057 0.00018 -0.00022 -0.00000 -0.00033 -0.00042 -0.00163 -0.00489 0.00067
-0.00296 -0.00017 -0.00011 0.00056 -0.00126 0.00001 -0.00028 0.00177 -0.00002 -0.00081
-0.00371 -0.00377 0.00009 0.00000 -0.00338 0.02108 0.00000 -0.00012 0.02657 0.51358
-0.00111 0.00011 0.00296 0.00057 -0.00489 0.00040 -0.00151 0.00000 0.00218 -0.00088
-0.00537 -0.00000 -0.00019 0.00088 -0.00352 0.70567 -0.00007 0.00049 -0.00001 -0.19312
0.00166 -0.00056 0.00001 -0.00001 -0.00121 -0.05136 -0.00000 -0.00578 0.00008 0.00001
