1.000 0.010 0.010 0.010 0.010 0.010 0.010 0.010 0.010 0.010 0.010 0.010 0.010 0.010 0.010 0.010 0.010 0.010 0.010 0.010
0.010 1.000 -0.005 -0.005 -0.005 -0.005 -0.005 -0.005 -0.005 -0.005 -0.005 -0.005 -0.005 -0.005 -0.005 -0.005 -0.005 -0.005 -0.005 -0.005
0.010 -0.005 1.000 -0.006 -0.006 -0.006 -0.006 -0.006 -0.006 -0.006 -0.006 -0.006 -0.006 -0.006 -0.006 -0.006 -0.006 -0.006 -0.006 -0.006
0.010 -0.005 -0.006 1.000 0.016 0.016 0.016 0.016 0.016 0.016 0.016 0.016 0.016 0.016 0.016 0.016 0.016 0.016 0.016 0.016
0.010 -0.005 -0.006 0.016 1.000 0.005 0.005 0.005 0.005 0.005 0.005 0.005 0.005 0.005 0.005 0.005 0.005 0.005 0.005 0.005
0.010 -0.005 -0.006 0.016 0.005 1.000 0.003 0.003 0.003 0.003 0.003 0.003 0.003 0.003 0.003 0.003 0.003 0.003 0.003 0.003
0.010 -0.005 -0.006 0.016 0.005 0.003 1.000 0.001 0.001 0.001 0.001 0.001 0.001 0.001 0.001 0.001 0.001 0.001 0.001 0.001
0.010 -0.005 -0.006 0.016 0.005 0.003 0.001 1.000 -0.000 -0.000 -0.000 -0.000 -0.000 -0.000 -0.000 -0.000 -0.000 -0.000 -0.000 -0.000
0.010 -0.005 -0.006 0.016 0.005 0.003 0.001 -0.000 1.000 -0.000 -0.000 -0.000 -0.000 -0.000 -0.000 -0.000 -0.000 -0.000 -0.000 -0.000
0.010 -0.005 -0.006 0.016 0.005 0.003 0.001 -0.000 -0.000 1.000 -0.008 -0.008 -0.008 -0.008 -0.008 -0.008 -0.008 -0.008 -0.008 -0.008
0.010 -0.005 -0.006 0.016 0.005 0.003 0.001 -0.000 -0.000 -0.008 1.001 0.024 0.024 0.024 0.024 0.024 0.024 0.024 0.024 0.024
0.010 -0.005 -0.006 0.016 0.005 0.003 0.001 -0.000 -0.000 -0.008 0.024 1.001 0.035 0.035 0.035 0.035 0.035 0.035 0.035 0.035
0.010 -0.005 -0.006 0.016 0.005 0.003 0.001 -0.000 -0.000 -0.008 0.024 0.035 1.002 0.017 0.017 0.017 0.017 0.017 0.017 0.017
0.010 -0.005 -0.006 0.016 0.005 0.003 0.001 -0.000 -0.000 -0.008 0.024 0.035 0.017 1.002 0.001 0.001 0.001 0.001 0.001 0.001
0.010 -0.005 -0.006 0.016 0.005 0.003 0.001 -0.000 -0.000 -0.008 0.024 0.035 0.017 0.001 1.002 0.074 0.074 0.074 0.074 0.074
0.010 -0.005 -0.006 0.016 0.005 0.003 0.001 -0.000 -0.000 -0.008 0.024 0.035 0.017 0.001 0.074 1.008 0.039 0.039 0.039 0.039
0.010 -0.005 -0.006 0.016 0.005 0.003 0.001 -0.000 -0.000 -0.008 0.024 0.035 0.017 0.001 0.074 0.039 1.009 0.031 0.031 0.031
0.010 -0.005 -0.006 0.016 0.005 0.003 0.001 -0.000 -0.000 -0.008 0.024 0.035 0.017 0.001 0.074 0.039 0.031 1.009 0.017 0.017
0.010 -0.005 -0.006 0.016 0.005 0.003 0.001 -0.000 -0.000 -0.008 0.024 0.035 0.017 0.001 0.074 0.039 0.031 0.017 1.009 0.009
0.010 -0.005 -0.006 0.016 0.005 0.003 0.001 -0.000 -0.000 -0.008 0.024 0.035 0.017 0.001 0.074 0.039 0.031 0.017 0.009 1.009
